1	1788	0	1788
2	1785	0	1785
3	1813	0	1813
4	1804	0	1804
5	1761	0	1761
6	1774	0	1774
7	1816	0	1816
8	1831	0	1831
9	1796	0	1796
10	1755	0	1755
11	1781	0	1781
12	1787	0	1787
13	1759	0	1759
14	1782	0	1782
15	1807	0	1807
16	1837	0	1837
17	1871	0	1871
18	1876	0	1876
19	1839	0	1839
20	1803	0	1803
21	1805	0	1805
22	1818	0	1818
23	1843	0	1843
24	1830	0	1830
25	1816	0	1816
26	1833	0	1833
27	1810	0	1810
28	1830	0	1830
29	1824	0	1824
30	1835	0	1835
31	1854	0	1854
32	1855	0	1855
33	1822	0	1822
34	1815	0	1815
35	1834	0	1834
36	1827	0	1827
37	1822	0	1822
38	1837	0	1837
39	1844	0	1844
40	1853	0	1853
41	1832	0	1832
42	1848	0	1848
43	1878	0	1878
44	1849	0	1849
45	1876	0	1876
46	1867	0	1867
47	1831	0	1831
48	1850	0	1850
49	1872	0	1872
50	1893	0	1893
51	1910	0	1910
52	1893	0	1893
53	1893	0	1893
54	1932	0	1932
55	1855	0	1855
56	1870	0	1870
57	1875	0	1875
58	1887	0	1887
59	1881	0	1881
60	1914	0	1914
61	1954	0	1954
62	1947	0	1947
63	1912	0	1912
64	1899	0	1899
65	1915	0	1915
66	1923	0	1923
67	1907	0	1907
68	1912	0	1912
69	1931	0	1931
70	1920	0	1920
71	1940	0	1940
72	1942	0	1942
73	1941	0	1941
74	1955	0	1955
75	1929	0	1929
76	1943	0	1943
77	1938	0	1938
78	1948	0	1948
79	2008	0	2008
80	1975	0	1975
81	1958	0	1958
82	1963	0	1963
83	1944	0	1944
84	1949	0	1949
85	1966	0	1966
86	1975	0	1975
87	1978	0	1978
88	1957	0	1957
89	1958	0	1958
90	1972	0	1972
91	1986	0	1986
92	1987	0	1987
93	1947	0	1947
94	1929	0	1929
95	1963	0	1963
96	1978	0	1978
97	1980	0	1980
98	1993	0	1993
99	2012	0	2012
100	1980	0	1980
101	2007	0	2007
102	2001	0	2001
103	2003	0	2003
104	1997	0	1997
105	2006	0	2006
106	2015	0	2015
107	2035	0	2035
108	2042	0	2042
109	2016	0	2016
110	2003	0	2003
111	2016	0	2016
112	1996	0	1996
113	2013	0	2013
114	2019	0	2019
115	2043	0	2043
116	2006	0	2006
117	1990	0	1990
118	1971	0	1971
119	1973	0	1973
120	2022	0	2022
121	2043	0	2043
122	2058	0	2058
123	2063	0	2063
124	1989	0	1989
125	1973	0	1973
126	2027	0	2027
127	2050	0	2050
128	2080	0	2080
129	2059	0	2059
130	2026	0	2026
131	2007	0	2007
132	2004	0	2004
133	2038	0	2038
134	2058	0	2058
135	2035	0	2035
136	2057	0	2057
137	2049	0	2049
138	2036	0	2036
139	2033	0	2033
140	2009	0	2009
141	2011	0	2011
142	2060	0	2060
143	2101	0	2101
144	2081	0	2081
145	2070	0	2070
146	2056	0	2056
147	2036	0	2036
148	2027	0	2027
149	2048	0	2048
150	2071	0	2071
151	2063	0	2063
152	2074	0	2074
153	2055	0	2055
154	2042	0	2042
155	2070	0	2070
156	2097	0	2097
157	2097	0	2097
158	2098	0	2098
159	2079	0	2079
160	2058	0	2058
161	2110	0	2110
162	2124	0	2124
163	2117	0	2117
164	2096	0	2096
165	2109	0	2109
166	2134	0	2134
167	2115	0	2115
168	2122	0	2122
169	2126	0	2126
170	2128	0	2128
171	2100	0	2100
172	2137	0	2137
173	2142	0	2142
174	2157	0	2157
175	2162	0	2162
176	2125	0	2125
177	2148	0	2148
178	2175	0	2175
179	2194	0	2194
180	2214	0	2214
181	2195	0	2195
182	2204	0	2204
183	2173	0	2173
184	2183	0	2183
185	2164	0	2164
186	2168	0	2168
187	2199	0	2199
188	2213	0	2213
189	2202	0	2202
190	2127	0	2127
191	2164	0	2164
192	2190	0	2190
193	2170	0	2170
194	2169	0	2169
195	2213	0	2213
196	2197	0	2197
197	2187	0	2187
198	2245	0	2245
199	2238	0	2238
200	2217	0	2217
201	2215	0	2215
202	2218	0	2218
203	2225	0	2225
204	2235	0	2235
205	2207	0	2207
206	2226	0	2226
207	2229	0	2229
208	2236	0	2236
209	2270	0	2270
210	2295	0	2295
211	2260	0	2260
212	2248	0	2248
213	2269	0	2269
214	2266	0	2266
215	2318	0	2318
216	2318	0	2318
217	2294	0	2294
218	2297	0	2297
219	2342	0	2342
220	2323	0	2323
221	2309	0	2309
222	2319	0	2319
223	2279	0	2279
224	2299	0	2299
225	2316	0	2316
226	2351	0	2351
227	2342	0	2342
228	2312	0	2312
229	2281	0	2281
230	2299	0	2299
231	2330	0	2330
232	2404	0	2404
233	2378	0	2378
234	2368	0	2368
235	2407	0	2407
236	2328	0	2328
237	2315	0	2315
238	2391	0	2391
239	2379	0	2379
240	2375	0	2375
241	2402	0	2402
242	2399	0	2399
243	2406	0	2406
244	2427	0	2427
245	2398	0	2398
246	2418	0	2418
247	2436	0	2436
248	2448	0	2448
249	2429	0	2429
250	2417	0	2417
251	2480	0	2480
252	2494	0	2494
253	2483	0	2483
254	2523	0	2523
255	2515	0	2515
256	2489	0	2489
257	2493	0	2493
258	2505	0	2505
259	2528	0	2528
260	2498	0	2498
261	2460	0	2460
262	2497	0	2497
263	2547	0	2547
264	2549	0	2549
265	2531	0	2531
266	2507	0	2507
267	2503	0	2503
268	2563	0	2563
269	2534	0	2534
270	2508	0	2508
271	2543	0	2543
272	2493	0	2493
273	2501	0	2501
274	2524	0	2524
275	2525	0	2525
276	2493	0	2493
277	2501	0	2501
278	2503	0	2503
279	2479	0	2479
280	2499	0	2499
281	2482	0	2482
282	2502	0	2502
283	2531	0	2531
284	2509	0	2509
285	2524	0	2524
286	2550	0	2550
287	2508	0	2508
288	2505	0	2505
289	2525	0	2525
290	2549	0	2549
291	2514	0	2514
292	2518	0	2518
293	2546	0	2546
294	2518	0	2518
295	2522	0	2522
296	2547	0	2547
297	2498	0	2498
298	2513	0	2513
299	2526	0	2526
300	2557	0	2557
301	2560	0	2560
302	2605	0	2605
303	2599	0	2599
304	2575	0	2575
305	2555	0	2555
306	2533	0	2533
307	2565	0	2565
308	2557	0	2557
309	2618	0	2618
310	2599	0	2599
311	2549	0	2549
312	2530	0	2530
313	2568	0	2568
314	2592	0	2592
315	2572	0	2572
316	2505	0	2505
317	2520	0	2520
318	2565	0	2565
319	2537	0	2537
320	2537	0	2537
321	2528	0	2528
322	2532	0	2532
323	2559	0	2559
324	2583	0	2583
325	2568	0	2568
326	2540	0	2540
327	2532	0	2532
328	2508	0	2508
329	2518	0	2518
330	2530	0	2530
331	2524	0	2524
332	2592	0	2592
333	2616	0	2616
334	2529	0	2529
335	2524	0	2524
336	2537	0	2537
337	2525	0	2525
338	2556	0	2556
339	2530	0	2530
340	2482	0	2482
341	2472	0	2472
342	2524	0	2524
343	2546	0	2546
344	2537	0	2537
345	2542	0	2542
346	2510	0	2510
347	2485	0	2485
348	2512	0	2512
349	2469	0	2469
350	2485	0	2485
351	2517	0	2517
352	2510	0	2510
353	2469	0	2469
354	2485	0	2485
355	2555	0	2555
356	2548	0	2548
357	2545	0	2545
358	2543	0	2543
359	2511	0	2511
360	2524	0	2524
361	2568	0	2568
362	2563	0	2563
363	2543	0	2543
364	2526	0	2526
365	2515	0	2515
366	2534	0	2534
367	2524	0	2524
368	2562	0	2562
369	2598	0	2598
370	2608	0	2608
371	2643	0	2643
372	2657	0	2657
373	2623	0	2623
374	2635	0	2635
375	2674	0	2674
376	2661	0	2661
377	2670	0	2670
378	2686	0	2686
379	2681	0	2681
380	2662	0	2662
381	2628	0	2628
382	2660	0	2660
383	2694	0	2694
384	2695	0	2695
385	2678	0	2678
386	2685	0	2685
387	2681	0	2681
388	2692	0	2692
389	2673	0	2673
390	2714	0	2714
391	2757	0	2757
392	2743	0	2743
393	2713	0	2713
394	2712	0	2712
395	2724	0	2724
396	2701	0	2701
397	2717	0	2717
398	2811	0	2811
399	2817	0	2817
400	2782	0	2782
401	2763	0	2763
402	2742	0	2742
403	2798	0	2798
404	2876	0	2876
405	2825	0	2825
406	2843	0	2843
407	2875	0	2875
408	2874	0	2874
409	2821	0	2821
410	2840	0	2840
411	2888	0	2888
412	2858	0	2858
413	2876	0	2876
414	2847	0	2847
415	2866	0	2866
416	2887	0	2887
417	2844	0	2844
418	2873	0	2873
419	2843	0	2843
420	2866	0	2866
421	2844	0	2844
422	2822	0	2822
423	2881	0	2881
424	2914	0	2914
425	2875	0	2875
426	2875	0	2875
427	2816	0	2816
428	2871	0	2871
429	2903	0	2903
430	2883	0	2883
431	2898	0	2898
432	2844	0	2844
433	2816	0	2816
434	2824	0	2824
435	2876	0	2876
436	2949	0	2949
437	2871	0	2871
438	2825	0	2825
439	2816	0	2816
440	2823	0	2823
441	2904	0	2904
442	2896	0	2896
443	2911	0	2911
444	2922	0	2922
445	2899	0	2899
446	2921	0	2921
447	2895	0	2895
448	2852	0	2852
449	2837	0	2837
450	2873	0	2873
451	2851	0	2851
452	2891	0	2891
453	2868	0	2868
454	2844	0	2844
455	2828	0	2828
456	2851	0	2851
457	2908	0	2908
458	2927	0	2927
459	2923	0	2923
460	2924	0	2924
461	2886	0	2886
462	2883	0	2883
463	2871	0	2871
464	2843	0	2843
465	2840	0	2840
466	2864	0	2864
467	2877	0	2877
468	2869	0	2869
469	2863	0	2863
470	2880	0	2880
471	2897	0	2897
472	2824	0	2824
473	2862	0	2862
474	2908	0	2908
475	2846	0	2846
476	2834	0	2834
477	2833	0	2833
478	2869	0	2869
479	2878	0	2878
480	2890	0	2890
481	2889	0	2889
482	2881	0	2881
483	2859	0	2859
484	2879	0	2879
485	2829	0	2829
486	2833	0	2833
487	2779	0	2779
488	2843	0	2843
489	2842	0	2842
490	2827	0	2827
491	2847	0	2847
492	2849	0	2849
493	2846	0	2846
494	2838	0	2838
495	2842	0	2842
496	2844	0	2844
497	2873	0	2873
498	2875	0	2875
499	2827	0	2827
500	2795	0	2795
501	2834	0	2834
502	2874	0	2874
503	2881	0	2881
504	2894	0	2894
505	2895	0	2895
506	2859	0	2859
507	2857	0	2857
508	2901	0	2901
509	2874	0	2874
510	2915	0	2915
511	2926	0	2926
512	2884	0	2884
513	2866	0	2866
514	2875	0	2875
515	2926	0	2926
516	2885	0	2885
517	2881	0	2881
518	2866	0	2866
519	2891	0	2891
520	2863	0	2863
521	2834	0	2834
522	2864	0	2864
523	2883	0	2883
524	2870	0	2870
525	3008	0	3008
526	2973	0	2973
527	2879	0	2879
528	2878	0	2878
529	2915	0	2915
530	2900	0	2900
531	2889	0	2889
532	2914	0	2914
533	2932	0	2932
534	2919	0	2919
535	2933	0	2933
536	2945	0	2945
537	2958	0	2958
538	2916	0	2916
539	2895	0	2895
540	2922	0	2922
541	2973	0	2973
542	2929	0	2929
543	2895	0	2895
544	2953	0	2953
545	2949	0	2949
546	2984	0	2984
547	2980	0	2980
548	2954	0	2954
549	2980	0	2980
550	2996	0	2996
551	2953	0	2953
552	2933	0	2933
553	2920	0	2920
554	2941	0	2941
555	2895	0	2895
556	2901	0	2901
557	2912	0	2912
558	2963	0	2963
559	2922	0	2922
560	2928	0	2928
561	2991	0	2991
562	2938	0	2938
563	2991	0	2991
564	2989	0	2989
565	2966	0	2966
566	2949	0	2949
567	2953	0	2953
568	2922	0	2922
569	2922	0	2922
570	2956	0	2956
571	2967	0	2967
572	2994	0	2994
573	2971	0	2971
574	2945	0	2945
575	2958	0	2958
576	3011	0	3011
577	2994	0	2994
578	3019	0	3019
579	3023	0	3023
580	2996	0	2996
581	3001	0	3001
582	2991	0	2991
583	3005	0	3005
584	3075	0	3075
585	3016	0	3016
586	3049	0	3049
587	3058	0	3058
588	3063	0	3063
589	3073	0	3073
590	3071	0	3071
591	3035	0	3035
592	3046	0	3046
593	3071	0	3071
594	3084	0	3084
595	3061	0	3061
596	3043	0	3043
597	3064	0	3064
598	3122	0	3122
599	3074	0	3074
600	3046	0	3046
601	3028	0	3028
602	3053	0	3053
603	3041	0	3041
604	3058	0	3058
605	3015	0	3015
606	3011	0	3011
607	3052	0	3052
608	3066	0	3066
609	2999	0	2999
610	3014	0	3014
611	2997	0	2997
612	2985	0	2985
613	3024	0	3024
614	3065	0	3065
615	3035	0	3035
616	3054	0	3054
617	3056	0	3056
618	3049	0	3049
619	3020	0	3020
620	3038	0	3038
621	3031	0	3031
622	3110	0	3110
623	3085	0	3085
624	3049	0	3049
625	3007	0	3007
626	3017	0	3017
627	2980	0	2980
628	3046	0	3046
629	3102	0	3102
630	3141	0	3141
631	3071	0	3071
632	3071	0	3071
633	3138	0	3138
634	3170	0	3170
635	3116	0	3116
636	3113	0	3113
637	3133	0	3133
638	3171	0	3171
639	3164	0	3164
640	3188	0	3188
641	3173	0	3173
642	3214	0	3214
643	3216	0	3216
644	3240	0	3240
645	3261	0	3261
646	3282	0	3282
647	3275	0	3275
648	3289	0	3289
649	3259	0	3259
650	3245	0	3245
651	3314	0	3314
652	3290	0	3290
653	3278	0	3278
654	3350	0	3350
655	3351	0	3351
656	3366	0	3366
657	3384	0	3384
658	3410	0	3410
659	3447	0	3447
660	3400	0	3400
661	3335	0	3335
662	3339	0	3339
663	3306	0	3306
664	3269	0	3269
665	3267	0	3267
666	3272	0	3272
667	3295	0	3295
668	3328	0	3328
669	3374	0	3374
670	3430	0	3430
671	3446	0	3446
672	3421	0	3421
673	3485	0	3485
674	3540	0	3540
675	3562	0	3562
676	3538	0	3538
677	3531	0	3531
678	3558	0	3558
679	3560	0	3560
680	3568	0	3568
681	3596	0	3596
682	3643	0	3643
683	3658	0	3658
684	3611	0	3611
685	3624	0	3624
686	3663	0	3663
687	3698	0	3698
688	3645	0	3645
689	3583	0	3583
690	3618	0	3618
691	3657	0	3657
692	3658	0	3658
693	3673	0	3673
694	3752	0	3752
695	3772	0	3772
696	3769	0	3769
697	3731	0	3731
698	3687	0	3687
699	3695	0	3695
700	3723	0	3723
701	3668	0	3668
702	3711	0	3711
703	3748	0	3748
704	3730	0	3730
705	3688	0	3688
706	3690	0	3690
707	3692	0	3692
708	3738	0	3738
709	3726	0	3726
710	3674	0	3674
711	3728	0	3728
712	3776	0	3776
713	3806	0	3806
714	3835	0	3835
715	3852	0	3852
716	3788	0	3788
717	3788	0	3788
718	3787	0	3787
719	3807	0	3807
720	3875	0	3875
721	3845	0	3845
722	3808	0	3808
723	3813	0	3813
724	3863	0	3863
725	3884	0	3884
726	3900	0	3900
727	3883	0	3883
728	3871	0	3871
729	3916	0	3916
730	3979	0	3979
731	3958	0	3958
732	3996	0	3996
733	3983	0	3983
734	4023	0	4023
735	4006	0	4006
736	4015	0	4015
737	4031	0	4031
738	4076	0	4076
739	4101	0	4101
740	4091	0	4091
741	4038	0	4038
742	4029	0	4029
743	4065	0	4065
744	4081	0	4081
745	4015	0	4015
746	4024	0	4024
747	4001	0	4001
748	4004	0	4004
749	3982	0	3982
750	3933	0	3933
751	3972	0	3972
752	3976	0	3976
753	3953	0	3953
754	3952	0	3952
755	3965	0	3965
756	3964	0	3964
757	3978	0	3978
758	3900	0	3900
759	3923	0	3923
760	3966	0	3966
761	3992	0	3992
762	3975	0	3975
763	4020	0	4020
764	4015	0	4015
765	4045	0	4045
766	4111	0	4111
767	4142	0	4142
768	4109	0	4109
769	4080	0	4080
770	4112	0	4112
771	4116	0	4116
772	4034	0	4034
773	4058	0	4058
774	4083	0	4083
775	4063	0	4063
776	4084	0	4084
777	4046	0	4046
778	4024	0	4024
779	4039	0	4039
780	4046	0	4046
781	4043	0	4043
782	4076	0	4076
783	4129	0	4129
784	4093	0	4093
785	4082	0	4082
786	4093	0	4093
787	4054	0	4054
788	4066	0	4066
789	4054	0	4054
790	4049	0	4049
791	4071	0	4071
792	4076	0	4076
793	4093	0	4093
794	4038	0	4038
795	4039	0	4039
796	4092	0	4092
797	4070	0	4070
798	4079	0	4079
799	4037	0	4037
800	4038	0	4038
801	4030	0	4030
802	4041	0	4041
803	4053	0	4053
804	4068	0	4068
805	3992	0	3992
806	3953	0	3953
807	3984	0	3984
808	4002	0	4002
809	4040	0	4040
810	4010	0	4010
811	3985	0	3985
812	4039	0	4039
813	4013	0	4013
814	4027	0	4027
815	3937	0	3937
816	3934	0	3934
817	3983	0	3983
818	4018	0	4018
819	4056	0	4056
820	4127	0	4127
821	4141	0	4141
822	4116	0	4116
823	4122	0	4122
824	4187	0	4187
825	4189	0	4189
826	4149	0	4149
827	4153	0	4153
828	4148	0	4148
829	4161	0	4161
830	4102	0	4102
831	4101	0	4101
832	4140	0	4140
833	4167	0	4167
834	4145	0	4145
835	4193	0	4193
836	4169	0	4169
837	4157	0	4157
838	4110	0	4110
839	4136	0	4136
840	4236	0	4236
841	4189	0	4189
842	4209	0	4209
843	4232	0	4232
844	4186	0	4186
845	4165	0	4165
846	4165	0	4165
847	4202	0	4202
848	4232	0	4232
849	4146	0	4146
850	4185	0	4185
851	4245	0	4245
852	4203	0	4203
853	4222	0	4222
854	4228	0	4228
855	4214	0	4214
856	4167	0	4167
857	4203	0	4203
858	4201	0	4201
859	4198	0	4198
860	4192	0	4192
861	4246	0	4246
862	4177	0	4177
863	4173	0	4173
864	4175	0	4175
865	4185	0	4185
866	4221	0	4221
867	4219	0	4219
868	4244	0	4244
869	4246	0	4246
870	4218	0	4218
871	4270	0	4270
872	4224	0	4224
873	4231	0	4231
874	4267	0	4267
875	4264	0	4264
876	4276	0	4276
877	4310	0	4310
878	4325	0	4325
879	4349	0	4349
880	4374	0	4374
881	4349	0	4349
882	4430	0	4430
883	4446	0	4446
884	4443	0	4443
885	4504	0	4504
886	4458	0	4458
887	4493	0	4493
888	4547	0	4547
889	4622	0	4622
890	4728	0	4728
891	4864	0	4864
892	4962	0	4962
893	5008	0	5008
894	5157	0	5157
895	5218	0	5218
896	5279	0	5279
897	5393	0	5393
898	5495	0	5495
899	5615	0	5615
900	5601	0	5601
901	5560	0	5560
902	5654	0	5654
903	5793	0	5793
904	5941	0	5941
905	6089	0	6089
906	6082	0	6082
907	6012	0	6012
908	5968	0	5968
909	5979	0	5979
910	6076	0	6076
911	6143	0	6143
912	6070	0	6070
913	6138	0	6138
914	6396	0	6396
915	6512	0	6512
916	6655	0	6655
917	6878	0	6878
918	7267	0	7267
919	7459	0	7459
920	7673	0	7673
921	8056	0	8056
922	8602	0	8602
923	9296	0	9296
924	10020	0	10020
925	10791	0	10791
926	11673	0	11673
927	12916	0	12916
928	14820	0	14820
929	17034	0	17034
930	18755	0	18755
931	19637	0	19637
932	20645	0	20645
933	21310	0	21310
934	21658	0	21658
935	21470	0	21470
936	20533	0	20533
937	20773	0	20773
938	22617	0	22617
939	24422	0	24422
940	26536	0	26536
941	28972	0	28972
942	31055	0	31055
943	31653	0	31653
944	31335	0	31335
945	29874	0	29874
946	27267	0	27267
947	25659	0	25659
948	27309	0	27309
949	29161	0	29161
950	27616	0	27616
951	24655	0	24655
952	22980	0	22980
953	24163	0	24163
954	26486	0	26486
955	26147	0	26147
956	25184	0	25184
957	26291	0	26291
958	26754	0	26754
959	25344	0	25344
960	23521	0	23521
961	22967	0	22967
962	21645	0	21645
963	19748	0	19748
964	19822	0	19822
965	20442	0	20442
966	21237	0	21237
967	22371	0	22371
968	20286	0	20286
969	18095	0	18095
970	17429	0	17429
971	15788	0	15788
972	14850	0	14850
973	14597	0	14597
974	14625	0	14625
975	14997	0	14997
976	15244	0	15244
977	15361	0	15361
978	15323	0	15323
979	14772	0	14772
980	14204	0	14204
981	14151	0	14151
982	13951	0	13951
983	12881	0	12881
984	11601	0	11601
985	11105	0	11105
986	11075	0	11075
987	10484	0	10484
988	9830	0	9830
989	9815	0	9815
990	9687	0	9687
991	9771	0	9771
992	10296	0	10296
993	9978	0	9978
994	9265	0	9265
995	9015	0	9015
996	9121	0	9121
997	8760	0	8760
998	8324	0	8324
999	8143	0	8143
1000	8002	0	8002
1001	7891	0	7891
1002	8013	0	8013
1003	7907	0	7907
1004	8003	0	8003
1005	8247	0	8247
1006	8179	0	8179
1007	7727	0	7727
1008	7398	0	7398
1009	7555	0	7555
1010	7338	0	7338
1011	7022	0	7022
1012	6974	0	6974
1013	6971	0	6971
1014	7189	0	7189
1015	7534	0	7534
1016	7499	0	7499
1017	7150	0	7150
1018	7014	0	7014
1019	6947	0	6947
1020	7020	0	7020
1021	6980	0	6980
1022	6988	0	6988
1023	6903	0	6903
1024	6737	0	6737
1025	6752	0	6752
1026	6963	0	6963
1027	7106	0	7106
1028	6929	0	6929
1029	6851	0	6851
1030	6952	0	6952
1031	6812	0	6812
1032	6592	0	6592
1033	6753	0	6753
1034	6756	0	6756
1035	6647	0	6647
1036	6589	0	6589
1037	6683	0	6683
1038	6812	0	6812
1039	6847	0	6847
1040	6859	0	6859
1041	6662	0	6662
1042	6399	0	6399
1043	6357	0	6357
1044	6390	0	6390
1045	6510	0	6510
1046	6451	0	6451
1047	6389	0	6389
1048	6520	0	6520
1049	6671	0	6671
1050	6577	0	6577
1051	6534	0	6534
1052	6589	0	6589
1053	6492	0	6492
1054	6408	0	6408
1055	6389	0	6389
1056	6417	0	6417
1057	6260	0	6260
1058	6159	0	6159
1059	6190	0	6190
1060	6184	0	6184
1061	6200	0	6200
1062	6191	0	6191
1063	6400	0	6400
1064	6479	0	6479
1065	6310	0	6310
1066	6365	0	6365
1067	6308	0	6308
1068	6269	0	6269
1069	6293	0	6293
1070	6353	0	6353
1071	6446	0	6446
1072	6429	0	6429
1073	6316	0	6316
1074	6161	0	6161
1075	6052	0	6052
1076	6116	0	6116
1077	6236	0	6236
1078	6273	0	6273
1079	6261	0	6261
1080	6150	0	6150
1081	5996	0	5996
1082	5828	0	5828
1083	5813	0	5813
1084	5772	0	5772
1085	5750	0	5750
1086	5805	0	5805
1087	5806	0	5806
1088	5752	0	5752
1089	5724	0	5724
1090	5698	0	5698
1091	5680	0	5680
1092	5659	0	5659
1093	5619	0	5619
1094	5501	0	5501
1095	5384	0	5384
1096	5357	0	5357
1097	5261	0	5261
1098	5199	0	5199
1099	5182	0	5182
1100	5184	0	5184
1101	5210	0	5210
1102	5221	0	5221
1103	5192	0	5192
1104	5165	0	5165
1105	5200	0	5200
1106	5249	0	5249
1107	5300	0	5300
1108	5264	0	5264
1109	5288	0	5288
1110	5328	0	5328
1111	5346	0	5346
1112	5330	0	5330
1113	5322	0	5322
1114	5365	0	5365
1115	5337	0	5337
1116	5224	0	5224
1117	5300	0	5300
1118	5523	0	5523
1119	5605	0	5605
1120	5559	0	5559
1121	5542	0	5542
1122	5538	0	5538
1123	5571	0	5571
1124	5671	0	5671
1125	5646	0	5646
1126	5650	0	5650
1127	5639	0	5639
1128	5684	0	5684
1129	5780	0	5780
1130	5737	0	5737
1131	5757	0	5757
1132	5820	0	5820
1133	5754	0	5754
1134	5827	0	5827
1135	5886	0	5886
1136	5901	0	5901
1137	5900	0	5900
1138	5967	0	5967
1139	6051	0	6051
1140	6060	0	6060
1141	6029	0	6029
1142	6061	0	6061
1143	6202	0	6202
1144	6206	0	6206
1145	6205	0	6205
1146	6139	0	6139
1147	6212	0	6212
1148	6208	0	6208
1149	6219	0	6219
1150	6339	0	6339
1151	6512	0	6512
1152	6494	0	6494
1153	6523	0	6523
1154	6523	0	6523
1155	6592	0	6592
1156	6624	0	6624
1157	6614	0	6614
1158	6721	0	6721
1159	6804	0	6804
1160	6817	0	6817
1161	6731	0	6731
1162	6788	0	6788
1163	6858	0	6858
1164	6939	0	6939
1165	6982	0	6982
1166	6920	0	6920
1167	6916	0	6916
1168	6917	0	6917
1169	7002	0	7002
1170	7069	0	7069
1171	7124	0	7124
1172	7215	0	7215
1173	7260	0	7260
1174	7208	0	7208
1175	7237	0	7237
1176	7252	0	7252
1177	7238	0	7238
1178	7222	0	7222
1179	7275	0	7275
1180	7354	0	7354
1181	7360	0	7360
1182	7423	0	7423
1183	7458	0	7458
1184	7525	0	7525
1185	7555	0	7555
1186	7594	0	7594
1187	7573	0	7573
1188	7526	0	7526
1189	7584	0	7584
1190	7656	0	7656
1191	7564	0	7564
1192	7643	0	7643
1193	7808	0	7808
1194	7842	0	7842
1195	7781	0	7781
1196	7700	0	7700
1197	7716	0	7716
1198	7870	0	7870
1199	7783	0	7783
1200	7813	0	7813
1201	7893	0	7893
1202	7902	0	7902
1203	7970	0	7970
1204	8074	0	8074
1205	8185	0	8185
1206	8237	0	8237
1207	8144	0	8144
1208	8049	0	8049
1209	8093	0	8093
1210	8172	0	8172
1211	8193	0	8193
1212	8342	0	8342
1213	8394	0	8394
1214	8325	0	8325
1215	8417	0	8417
1216	8462	0	8462
1217	8519	0	8519
1218	8622	0	8622
1219	8636	0	8636
1220	8634	0	8634
1221	8658	0	8658
1222	8714	0	8714
1223	8779	0	8779
1224	8855	0	8855
1225	8940	0	8940
1226	8859	0	8859
1227	8955	0	8955
1228	9016	0	9016
1229	8977	0	8977
1230	9032	0	9032
1231	9108	0	9108
1232	9069	0	9069
1233	9054	0	9054
1234	9112	0	9112
1235	9255	0	9255
1236	9317	0	9317
1237	9379	0	9379
1238	9489	0	9489
1239	9504	0	9504
1240	9499	0	9499
1241	9576	0	9576
1242	9538	0	9538
1243	9459	0	9459
1244	9553	0	9553
1245	9620	0	9620
1246	9616	0	9616
1247	9705	0	9705
1248	9714	0	9714
1249	9815	0	9815
1250	9883	0	9883
1251	9907	0	9907
1252	9868	0	9868
1253	9846	0	9846
1254	9890	0	9890
1255	9907	0	9907
1256	10025	0	10025
1257	10047	0	10047
1258	10096	0	10096
1259	10207	0	10207
1260	10262	0	10262
1261	10200	0	10200
1262	10228	0	10228
1263	10184	0	10184
1264	10309	0	10309
1265	10358	0	10358
1266	10283	0	10283
1267	10413	0	10413
1268	10520	0	10520
1269	10506	0	10506
1270	10547	0	10547
1271	10558	0	10558
1272	10658	0	10658
1273	10637	0	10637
1274	10583	0	10583
1275	10608	0	10608
1276	10648	0	10648
1277	10920	0	10920
1278	11103	0	11103
1279	11065	0	11065
1280	11062	0	11062
1281	11159	0	11159
1282	11260	0	11260
1283	11297	0	11297
1284	11344	0	11344
1285	11291	0	11291
1286	11335	0	11335
1287	11441	0	11441
1288	11427	0	11427
1289	11341	0	11341
1290	11374	0	11374
1291	11544	0	11544
1292	11644	0	11644
1293	11716	0	11716
1294	11877	0	11877
1295	11894	0	11894
1296	11866	0	11866
1297	11939	0	11939
1298	12101	0	12101
1299	12217	0	12217
1300	12255	0	12255
1301	12239	0	12239
1302	12359	0	12359
1303	12381	0	12381
1304	12287	0	12287
1305	12358	0	12358
1306	12569	0	12569
1307	12644	0	12644
1308	12683	0	12683
1309	12679	0	12679
1310	12757	0	12757
1311	12875	0	12875
1312	13009	0	13009
1313	13101	0	13101
1314	13090	0	13090
1315	13071	0	13071
1316	13180	0	13180
1317	13412	0	13412
1318	13344	0	13344
1319	13175	0	13175
1320	13173	0	13173
1321	13208	0	13208
1322	13261	0	13261
1323	13436	0	13436
1324	13430	0	13430
1325	13517	0	13517
1326	13589	0	13589
1327	13650	0	13650
1328	13655	0	13655
1329	13588	0	13588
1330	13615	0	13615
1331	13790	0	13790
1332	13924	0	13924
1333	14006	0	14006
1334	13919	0	13919
1335	13909	0	13909
1336	13937	0	13937
1337	14023	0	14023
1338	13946	0	13946
1339	13929	0	13929
1340	13972	0	13972
1341	14003	0	14003
1342	14093	0	14093
1343	14134	0	14134
1344	14160	0	14160
1345	13916	0	13916
1346	13782	0	13782
1347	13959	0	13959
1348	14011	0	14011
1349	14045	0	14045
1350	14086	0	14086
1351	14086	0	14086
1352	14128	0	14128
1353	14057	0	14057
1354	13979	0	13979
1355	14007	0	14007
1356	14103	0	14103
1357	14201	0	14201
1358	14261	0	14261
1359	14325	0	14325
1360	14390	0	14390
1361	14365	0	14365
1362	14254	0	14254
1363	14196	0	14196
1364	14264	0	14264
1365	14330	0	14330
1366	14247	0	14247
1367	14318	0	14318
1368	14599	0	14599
1369	14680	0	14680
1370	14687	0	14687
1371	14728	0	14728
1372	14759	0	14759
1373	14873	0	14873
1374	14673	0	14673
1375	14656	0	14656
1376	14717	0	14717
1377	14763	0	14763
1378	14881	0	14881
1379	14871	0	14871
1380	15012	0	15012
1381	14980	0	14980
1382	14839	0	14839
1383	14782	0	14782
1384	14860	0	14860
1385	15114	0	15114
1386	15352	0	15352
1387	15349	0	15349
1388	15317	0	15317
1389	15223	0	15223
1390	15069	0	15069
1391	14833	0	14833
1392	14826	0	14826
1393	14831	0	14831
1394	15092	0	15092
1395	15092	0	15092
1396	14986	0	14986
1397	15115	0	15115
1398	15116	0	15116
1399	15122	0	15122
1400	15097	0	15097
1401	15120	0	15120
1402	15410	0	15410
1403	15535	0	15535
1404	15588	0	15588
1405	15648	0	15648
1406	15638	0	15638
1407	15446	0	15446
1408	15561	0	15561
1409	15758	0	15758
1410	15800	0	15800
1411	15682	0	15682
1412	15834	0	15834
1413	16016	0	16016
1414	16078	0	16078
1415	16170	0	16170
1416	16303	0	16303
1417	16385	0	16385
1418	16521	0	16521
1419	16525	0	16525
1420	16570	0	16570
1421	16630	0	16630
1422	16685	0	16685
1423	16814	0	16814
1424	17051	0	17051
1425	17276	0	17276
1426	17354	0	17354
1427	17298	0	17298
1428	17107	0	17107
1429	17290	0	17290
1430	17397	0	17397
1431	17426	0	17426
1432	17574	0	17574
1433	17693	0	17693
1434	17721	0	17721
1435	17912	0	17912
1436	17822	0	17822
1437	17808	0	17808
1438	18066	0	18066
1439	18123	0	18123
1440	18370	0	18370
1441	18473	0	18473
1442	18465	0	18465
1443	18519	0	18519
1444	18515	0	18515
1445	18548	0	18548
1446	18461	0	18461
1447	18370	0	18370
1448	18369	0	18369
1449	18381	0	18381
1450	18573	0	18573
1451	18531	0	18531
1452	18561	0	18561
1453	18697	0	18697
1454	18909	0	18909
1455	19058	0	19058
1456	19123	0	19123
1457	19185	0	19185
1458	19534	0	19534
1459	19781	0	19781
1460	20041	0	20041
1461	20259	0	20259
1462	20145	0	20145
1463	20154	0	20154
1464	20135	0	20135
1465	20373	0	20373
1466	20754	0	20754
1467	20938	0	20938
1468	20955	0	20955
1469	20924	0	20924
1470	20746	0	20746
1471	20622	0	20622
1472	20457	0	20457
1473	20078	0	20078
1474	20108	0	20108
1475	20357	0	20357
1476	20534	0	20534
1477	20615	0	20615
1478	20728	0	20728
1479	20708	0	20708
1480	20650	0	20650
1481	20559	0	20559
1482	20688	0	20688
1483	20729	0	20729
1484	20769	0	20769
1485	20971	0	20971
1486	21360	0	21360
1487	21302	0	21302
1488	20946	0	20946
1489	20807	0	20807
1490	20782	0	20782
1491	20861	0	20861
1492	20791	0	20791
1493	20728	0	20728
1494	20884	0	20884
1495	21037	0	21037
1496	20927	0	20927
1497	20445	0	20445
1498	20274	0	20274
1499	20279	0	20279
1500	20045	0	20045
1501	19825	0	19825
1502	19600	0	19600
1503	19541	0	19541
1504	19634	0	19634
1505	19369	0	19369
1506	19308	0	19308
1507	19195	0	19195
1508	18937	0	18937
1509	18970	0	18970
1510	18936	0	18936
1511	18957	0	18957
1512	18862	0	18862
1513	18959	0	18959
1514	18860	0	18860
1515	18583	0	18583
1516	18336	0	18336
1517	18218	0	18218
1518	18182	0	18182
1519	18143	0	18143
1520	18045	0	18045
1521	17817	0	17817
1522	17739	0	17739
1523	17637	0	17637
1524	17352	0	17352
1525	17004	0	17004
1526	16911	0	16911
1527	16919	0	16919
1528	16743	0	16743
1529	16438	0	16438
1530	16281	0	16281
1531	16267	0	16267
1532	16187	0	16187
1533	15923	0	15923
1534	15704	0	15704
1535	15664	0	15664
1536	15613	0	15613
1537	15561	0	15561
1538	15522	0	15522
1539	15351	0	15351
1540	15112	0	15112
1541	14935	0	14935
1542	14792	0	14792
1543	14800	0	14800
1544	14748	0	14748
1545	14627	0	14627
1546	14419	0	14419
1547	14278	0	14278
1548	14017	0	14017
1549	13857	0	13857
1550	13670	0	13670
1551	13588	0	13588
1552	13522	0	13522
1553	13407	0	13407
1554	13229	0	13229
1555	13046	0	13046
1556	12851	0	12851
1557	12587	0	12587
1558	12408	0	12408
1559	12161	0	12161
1560	12032	0	12032
1561	11927	0	11927
1562	11729	0	11729
1563	11581	0	11581
1564	11506	0	11506
1565	11396	0	11396
1566	11179	0	11179
1567	11033	0	11033
1568	10871	0	10871
1569	10700	0	10700
1570	10481	0	10481
1571	10386	0	10386
1572	10325	0	10325
1573	10155	0	10155
1574	9979	0	9979
1575	9818	0	9818
1576	9714	0	9714
1577	9526	0	9526
1578	9301	0	9301
1579	9189	0	9189
1580	9069	0	9069
1581	9079	0	9079
1582	8879	0	8879
1583	8725	0	8725
1584	8705	0	8705
1585	8582	0	8582
1586	8512	0	8512
1587	8400	0	8400
1588	8256	0	8256
1589	8144	0	8144
1590	8036	0	8036
1591	7945	0	7945
1592	7915	0	7915
1593	7815	0	7815
1594	7749	0	7749
1595	7666	0	7666
1596	7638	0	7638
1597	7530	0	7530
1598	7445	0	7445
1599	7340	0	7340
1600	7264	0	7264
1601	7151	0	7151
1602	7105	0	7105
1603	7050	0	7050
1604	6987	0	6987
1605	6896	0	6896
1606	6824	0	6824
1607	6868	0	6868
1608	6859	0	6859
1609	6701	0	6701
1610	6616	0	6616
1611	6552	0	6552
1612	6514	0	6514
1613	6463	0	6463
1614	6396	0	6396
1615	6398	0	6398
1616	6432	0	6432
1617	6374	0	6374
1618	6265	0	6265
1619	6285	0	6285
1620	6195	0	6195
1621	6177	0	6177
1622	6205	0	6205
1623	6202	0	6202
1624	6042	0	6042
1625	5978	0	5978
1626	5983	0	5983
1627	5902	0	5902
1628	5818	0	5818
1629	5929	0	5929
1630	5907	0	5907
1631	5814	0	5814
1632	5816	0	5816
1633	5720	0	5720
1634	5660	0	5660
1635	5642	0	5642
1636	5682	0	5682
1637	5670	0	5670
1638	5634	0	5634
1639	5572	0	5572
1640	5590	0	5590
1641	5598	0	5598
1642	5556	0	5556
1643	5545	0	5545
1644	5530	0	5530
1645	5504	0	5504
1646	5474	0	5474
1647	5463	0	5463
1648	5431	0	5431
1649	5385	0	5385
1650	5360	0	5360
1651	5335	0	5335
1652	5278	0	5278
1653	5313	0	5313
1654	5357	0	5357
1655	5333	0	5333
1656	5321	0	5321
1657	5258	0	5258
1658	5302	0	5302
1659	5295	0	5295
1660	5234	0	5234
1661	5266	0	5266
1662	5254	0	5254
1663	5222	0	5222
1664	5189	0	5189
1665	5195	0	5195
1666	5142	0	5142
1667	5161	0	5161
1668	5165	0	5165
1669	5139	0	5139
1670	5100	0	5100
1671	5151	0	5151
1672	5227	0	5227
1673	5145	0	5145
1674	5067	0	5067
1675	5143	0	5143
1676	5086	0	5086
1677	5064	0	5064
1678	5020	0	5020
1679	5003	0	5003
1680	5126	0	5126
1681	5127	0	5127
1682	5096	0	5096
1683	5046	0	5046
1684	5044	0	5044
1685	4981	0	4981
1686	4975	0	4975
1687	5002	0	5002
1688	5037	0	5037
1689	4997	0	4997
1690	4953	0	4953
1691	4955	0	4955
1692	4935	0	4935
1693	4965	0	4965
1694	4953	0	4953
1695	4934	0	4934
1696	4922	0	4922
1697	4920	0	4920
1698	4970	0	4970
1699	4974	0	4974
1700	4985	0	4985
1701	4987	0	4987
1702	4935	0	4935
1703	4933	0	4933
1704	5032	0	5032
1705	5019	0	5019
1706	4986	0	4986
1707	5037	0	5037
1708	5001	0	5001
1709	5051	0	5051
1710	4961	0	4961
1711	4886	0	4886
1712	4966	0	4966
1713	5012	0	5012
1714	5003	0	5003
1715	5032	0	5032
1716	5045	0	5045
1717	5033	0	5033
1718	4959	0	4959
1719	5037	0	5037
1720	5045	0	5045
1721	5008	0	5008
1722	5043	0	5043
1723	4993	0	4993
1724	4973	0	4973
1725	5048	0	5048
1726	5110	0	5110
1727	5137	0	5137
1728	5066	0	5066
1729	5103	0	5103
1730	5058	0	5058
1731	5093	0	5093
1732	5124	0	5124
1733	5075	0	5075
1734	5077	0	5077
1735	5098	0	5098
1736	5079	0	5079
1737	5140	0	5140
1738	5161	0	5161
1739	5138	0	5138
1740	5151	0	5151
1741	5109	0	5109
1742	5209	0	5209
1743	5176	0	5176
1744	5115	0	5115
1745	5132	0	5132
1746	5169	0	5169
1747	5167	0	5167
1748	5217	0	5217
1749	5212	0	5212
1750	5185	0	5185
1751	5250	0	5250
1752	5264	0	5264
1753	5205	0	5205
1754	5167	0	5167
1755	5219	0	5219
1756	5238	0	5238
1757	5193	0	5193
1758	5196	0	5196
1759	5191	0	5191
1760	5166	0	5166
1761	5144	0	5144
1762	5208	0	5208
1763	5205	0	5205
1764	5166	0	5166
1765	5244	0	5244
1766	5241	0	5241
1767	5193	0	5193
1768	5203	0	5203
1769	5214	0	5214
1770	5226	0	5226
1771	5279	0	5279
1772	5290	0	5290
1773	5226	0	5226
1774	5260	0	5260
1775	5237	0	5237
1776	5235	0	5235
1777	5231	0	5231
1778	5236	0	5236
1779	5308	0	5308
1780	5316	0	5316
1781	5283	0	5283
1782	5289	0	5289
1783	5216	0	5216
1784	5216	0	5216
1785	5305	0	5305
1786	5327	0	5327
1787	5291	0	5291
1788	5379	0	5379
1789	5382	0	5382
1790	5364	0	5364
1791	5346	0	5346
1792	5354	0	5354
1793	5354	0	5354
1794	5306	0	5306
1795	5308	0	5308
1796	5379	0	5379
1797	5360	0	5360
1798	5319	0	5319
1799	5318	0	5318
1800	5371	0	5371
1801	5371	0	5371
1802	5391	0	5391
1803	5381	0	5381
1804	5368	0	5368
1805	5400	0	5400
1806	5334	0	5334
1807	5306	0	5306
1808	5422	0	5422
1809	5426	0	5426
1810	5404	0	5404
1811	5404	0	5404
1812	5381	0	5381
1813	5415	0	5415
1814	5402	0	5402
1815	5386	0	5386
1816	5374	0	5374
1817	5379	0	5379
1818	5415	0	5415
1819	5374	0	5374
1820	5328	0	5328
1821	5369	0	5369
1822	5393	0	5393
1823	5385	0	5385
1824	5327	0	5327
1825	5287	0	5287
1826	5326	0	5326
1827	5279	0	5279
1828	5277	0	5277
1829	5272	0	5272
1830	5308	0	5308
1831	5276	0	5276
1832	5283	0	5283
1833	5222	0	5222
1834	5192	0	5192
1835	5279	0	5279
1836	5239	0	5239
1837	5139	0	5139
1838	5129	0	5129
1839	5166	0	5166
1840	5165	0	5165
1841	5121	0	5121
1842	5136	0	5136
1843	5094	0	5094
1844	5098	0	5098
1845	5126	0	5126
1846	5143	0	5143
1847	5139	0	5139
1848	5079	0	5079
1849	5004	0	5004
1850	5075	0	5075
1851	5125	0	5125
1852	5040	0	5040
1853	4975	0	4975
1854	5019	0	5019
1855	4972	0	4972
1856	4911	0	4911
1857	4943	0	4943
1858	4981	0	4981
1859	4937	0	4937
1860	4953	0	4953
1861	4965	0	4965
1862	4838	0	4838
1863	4896	0	4896
1864	4900	0	4900
1865	4862	0	4862
1866	4859	0	4859
1867	4831	0	4831
1868	4852	0	4852
1869	4895	0	4895
1870	4862	0	4862
1871	4821	0	4821
1872	4815	0	4815
1873	4847	0	4847
1874	4756	0	4756
1875	4772	0	4772
1876	4801	0	4801
1877	4783	0	4783
1878	4737	0	4737
1879	4750	0	4750
1880	4782	0	4782
1881	4765	0	4765
1882	4695	0	4695
1883	4684	0	4684
1884	4674	0	4674
1885	4653	0	4653
1886	4701	0	4701
1887	4715	0	4715
1888	4723	0	4723
1889	4685	0	4685
1890	4681	0	4681
1891	4696	0	4696
1892	4701	0	4701
1893	4640	0	4640
1894	4622	0	4622
1895	4642	0	4642
1896	4612	0	4612
1897	4647	0	4647
1898	4673	0	4673
1899	4581	0	4581
1900	4555	0	4555
1901	4551	0	4551
1902	4588	0	4588
1903	4577	0	4577
1904	4548	0	4548
1905	4540	0	4540
1906	4507	0	4507
1907	4513	0	4513
1908	4539	0	4539
1909	4568	0	4568
1910	4525	0	4525
1911	4493	0	4493
1912	4466	0	4466
1913	4462	0	4462
1914	4533	0	4533
1915	4577	0	4577
1916	4524	0	4524
1917	4480	0	4480
1918	4493	0	4493
1919	4460	0	4460
1920	4457	0	4457
1921	4451	0	4451
1922	4418	0	4418
1923	4429	0	4429
1924	4435	0	4435
1925	4474	0	4474
1926	4440	0	4440
1927	4413	0	4413
1928	4462	0	4462
1929	4455	0	4455
1930	4433	0	4433
1931	4429	0	4429
1932	4421	0	4421
1933	4406	0	4406
1934	4395	0	4395
1935	4428	0	4428
1936	4434	0	4434
1937	4404	0	4404
1938	4401	0	4401
1939	4409	0	4409
1940	4353	0	4353
1941	4401	0	4401
1942	4394	0	4394
1943	4318	0	4318
1944	4361	0	4361
1945	4371	0	4371
1946	4370	0	4370
1947	4389	0	4389
1948	4351	0	4351
1949	4363	0	4363
1950	4368	0	4368
1951	4368	0	4368
1952	4338	0	4338
1953	4357	0	4357
1954	4364	0	4364
1955	4350	0	4350
1956	4352	0	4352
1957	4373	0	4373
1958	4353	0	4353
1959	4393	0	4393
1960	4406	0	4406
1961	4327	0	4327
1962	4365	0	4365
1963	4321	0	4321
1964	4341	0	4341
1965	4383	0	4383
1966	4359	0	4359
1967	4357	0	4357
1968	4340	0	4340
1969	4319	0	4319
1970	4410	0	4410
1971	4367	0	4367
1972	4321	0	4321
1973	4382	0	4382
1974	4353	0	4353
1975	4363	0	4363
1976	4356	0	4356
1977	4369	0	4369
1978	4360	0	4360
1979	4339	0	4339
1980	4392	0	4392
1981	4369	0	4369
1982	4357	0	4357
1983	4400	0	4400
1984	4393	0	4393
1985	4427	0	4427
1986	4398	0	4398
1987	4351	0	4351
1988	4350	0	4350
1989	4357	0	4357
1990	4409	0	4409
1991	4392	0	4392
1992	4348	0	4348
1993	4385	0	4385
1994	4399	0	4399
1995	4385	0	4385
1996	4349	0	4349
1997	4375	0	4375
1998	4399	0	4399
1999	4442	0	4442
2000	4397	0	4397
2001	4397	0	4397
2002	4385	0	4385
2003	4381	0	4381
2004	4429	0	4429
2005	4422	0	4422
2006	4402	0	4402
2007	4410	0	4410
2008	4478	0	4478
2009	4406	0	4406
2010	4416	0	4416
2011	4413	0	4413
2012	4450	0	4450
2013	4489	0	4489
2014	4457	0	4457
2015	4464	0	4464
2016	4458	0	4458
2017	4473	0	4473
2018	4474	0	4474
2019	4490	0	4490
2020	4495	0	4495
2021	4486	0	4486
2022	4441	0	4441
2023	4539	0	4539
2024	4580	0	4580
2025	4498	0	4498
2026	4490	0	4490
2027	4554	0	4554
2028	4534	0	4534
2029	4468	0	4468
2030	4514	0	4514
2031	4557	0	4557
2032	4574	0	4574
2033	4540	0	4540
2034	4569	0	4569
2035	4563	0	4563
2036	4585	0	4585
2037	4606	0	4606
2038	4635	0	4635
2039	4657	0	4657
2040	4664	0	4664
2041	4639	0	4639
2042	4589	0	4589
2043	4558	0	4558
2044	4654	0	4654
2045	4685	0	4685
2046	4694	0	4694
2047	4693	0	4693
2048	4725	0	4725
2049	4683	0	4683
2050	4691	0	4691
2051	4726	0	4726
2052	4770	0	4770
2053	4769	0	4769
2054	4751	0	4751
2055	4778	0	4778
2056	4802	0	4802
2057	4736	0	4736
2058	4710	0	4710
2059	4787	0	4787
2060	4771	0	4771
2061	4747	0	4747
2062	4742	0	4742
2063	4732	0	4732
2064	4802	0	4802
2065	4779	0	4779
2066	4801	0	4801
2067	4800	0	4800
2068	4814	0	4814
2069	4869	0	4869
2070	4836	0	4836
2071	4842	0	4842
2072	4844	0	4844
2073	4859	0	4859
2074	4851	0	4851
2075	4880	0	4880
2076	4862	0	4862
2077	4882	0	4882
2078	4880	0	4880
2079	4931	0	4931
2080	4957	0	4957
2081	4967	0	4967
2082	5018	0	5018
2083	4986	0	4986
2084	5029	0	5029
2085	5030	0	5030
2086	5054	0	5054
2087	5059	0	5059
2088	4973	0	4973
2089	5003	0	5003
2090	5072	0	5072
2091	5101	0	5101
2092	5028	0	5028
2093	5046	0	5046
2094	5070	0	5070
2095	5052	0	5052
2096	5104	0	5104
2097	5106	0	5106
2098	5095	0	5095
2099	5151	0	5151
2100	5184	0	5184
2101	5213	0	5213
2102	5274	0	5274
2103	5208	0	5208
2104	5234	0	5234
2105	5255	0	5255
2106	5266	0	5266
2107	5136	0	5136
2108	5139	0	5139
2109	5257	0	5257
2110	5278	0	5278
2111	5231	0	5231
2112	5249	0	5249
2113	5329	0	5329
2114	5328	0	5328
2115	5353	0	5353
2116	5348	0	5348
2117	5342	0	5342
2118	5394	0	5394
2119	5343	0	5343
2120	5323	0	5323
2121	5345	0	5345
2122	5361	0	5361
2123	5407	0	5407
2124	5384	0	5384
2125	5391	0	5391
2126	5375	0	5375
2127	5336	0	5336
2128	5392	0	5392
2129	5431	0	5431
2130	5459	0	5459
2131	5480	0	5480
2132	5479	0	5479
2133	5454	0	5454
2134	5466	0	5466
2135	5486	0	5486
2136	5532	0	5532
2137	5514	0	5514
2138	5461	0	5461
2139	5532	0	5532
2140	5589	0	5589
2141	5620	0	5620
2142	5729	0	5729
2143	5813	0	5813
2144	5743	0	5743
2145	5746	0	5746
2146	5727	0	5727
2147	5769	0	5769
2148	5812	0	5812
2149	5868	0	5868
2150	5893	0	5893
2151	5913	0	5913
2152	5997	0	5997
2153	6077	0	6077
2154	6098	0	6098
2155	6202	0	6202
2156	6337	0	6337
2157	6381	0	6381
2158	6487	0	6487
2159	6728	0	6728
2160	6926	0	6926
2161	7035	0	7035
2162	7029	0	7029
2163	7145	0	7145
2164	7452	0	7452
2165	7587	0	7587
2166	7710	0	7710
2167	7744	0	7744
2168	7567	0	7567
2169	7437	0	7437
2170	7406	0	7406
2171	7450	0	7450
2172	7509	0	7509
2173	7516	0	7516
2174	7506	0	7506
2175	7464	0	7464
2176	7415	0	7415
2177	7475	0	7475
2178	7673	0	7673
2179	7891	0	7891
2180	7935	0	7935
2181	7619	0	7619
2182	7330	0	7330
2183	7202	0	7202
2184	7193	0	7193
2185	7069	0	7069
2186	6899	0	6899
2187	6877	0	6877
2188	6858	0	6858
2189	6782	0	6782
2190	6720	0	6720
2191	6691	0	6691
2192	6622	0	6622
2193	6475	0	6475
2194	6369	0	6369
2195	6363	0	6363
2196	6476	0	6476
2197	6499	0	6499
2198	6293	0	6293
2199	6201	0	6201
2200	6188	0	6188
2201	6132	0	6132
2202	6100	0	6100
2203	6034	0	6034
2204	6010	0	6010
2205	6006	0	6006
2206	5924	0	5924
2207	5826	0	5826
2208	5743	0	5743
2209	5817	0	5817
2210	5752	0	5752
2211	5660	0	5660
2212	5622	0	5622
2213	5587	0	5587
2214	5593	0	5593
2215	5556	0	5556
2216	5540	0	5540
2217	5536	0	5536
2218	5432	0	5432
2219	5415	0	5415
2220	5440	0	5440
2221	5480	0	5480
2222	5420	0	5420
2223	5358	0	5358
2224	5331	0	5331
2225	5305	0	5305
2226	5354	0	5354
2227	5321	0	5321
2228	5345	0	5345
2229	5229	0	5229
2230	5200	0	5200
2231	5173	0	5173
2232	5217	0	5217
2233	5166	0	5166
2234	5127	0	5127
2235	5157	0	5157
2236	5141	0	5141
2237	5194	0	5194
2238	5259	0	5259
2239	5147	0	5147
2240	5107	0	5107
2241	5044	0	5044
2242	5045	0	5045
2243	5030	0	5030
2244	5031	0	5031
2245	4962	0	4962
2246	4975	0	4975
2247	4930	0	4930
2248	4879	0	4879
2249	4912	0	4912
2250	4959	0	4959
2251	4935	0	4935
2252	4989	0	4989
2253	4981	0	4981
2254	4901	0	4901
2255	4846	0	4846
2256	4820	0	4820
2257	4829	0	4829
2258	4865	0	4865
2259	4852	0	4852
2260	4799	0	4799
2261	4763	0	4763
2262	4763	0	4763
2263	4733	0	4733
2264	4737	0	4737
2265	4676	0	4676
2266	4636	0	4636
2267	4693	0	4693
2268	4696	0	4696
2269	4627	0	4627
2270	4616	0	4616
2271	4602	0	4602
2272	4624	0	4624
2273	4604	0	4604
2274	4572	0	4572
2275	4598	0	4598
2276	4533	0	4533
2277	4498	0	4498
2278	4533	0	4533
2279	4542	0	4542
2280	4451	0	4451
2281	4483	0	4483
2282	4468	0	4468
2283	4507	0	4507
2284	4468	0	4468
2285	4471	0	4471
2286	4429	0	4429
2287	4404	0	4404
2288	4429	0	4429
2289	4470	0	4470
2290	4408	0	4408
2291	4358	0	4358
2292	4404	0	4404
2293	4402	0	4402
2294	4353	0	4353
2295	4335	0	4335
2296	4372	0	4372
2297	4458	0	4458
2298	4414	0	4414
2299	4406	0	4406
2300	4361	0	4361
2301	4373	0	4373
2302	4369	0	4369
2303	4353	0	4353
2304	4338	0	4338
2305	4360	0	4360
2306	4398	0	4398
2307	4391	0	4391
2308	4337	0	4337
2309	4370	0	4370
2310	4391	0	4391
2311	4444	0	4444
2312	4516	0	4516
2313	4511	0	4511
2314	4555	0	4555
2315	4536	0	4536
2316	4584	0	4584
2317	4579	0	4579
2318	4516	0	4516
2319	4531	0	4531
2320	4531	0	4531
2321	4527	0	4527
2322	4562	0	4562
2323	4620	0	4620
2324	4681	0	4681
2325	4689	0	4689
2326	4684	0	4684
2327	4697	0	4697
2328	4697	0	4697
2329	4671	0	4671
2330	4663	0	4663
2331	4690	0	4690
2332	4714	0	4714
2333	4638	0	4638
2334	4628	0	4628
2335	4585	0	4585
2336	4625	0	4625
2337	4652	0	4652
2338	4581	0	4581
2339	4608	0	4608
2340	4655	0	4655
2341	4653	0	4653
2342	4651	0	4651
2343	4643	0	4643
2344	4614	0	4614
2345	4587	0	4587
2346	4642	0	4642
2347	4635	0	4635
2348	4642	0	4642
2349	4689	0	4689
2350	4627	0	4627
2351	4636	0	4636
2352	4721	0	4721
2353	4697	0	4697
2354	4668	0	4668
2355	4701	0	4701
2356	4700	0	4700
2357	4745	0	4745
2358	4762	0	4762
2359	4777	0	4777
2360	4739	0	4739
2361	4697	0	4697
2362	4738	0	4738
2363	4784	0	4784
2364	4763	0	4763
2365	4743	0	4743
2366	4824	0	4824
2367	4858	0	4858
2368	4878	0	4878
2369	4884	0	4884
2370	4938	0	4938
2371	4880	0	4880
2372	4841	0	4841
2373	4884	0	4884
2374	4930	0	4930
2375	4899	0	4899
2376	4872	0	4872
2377	4918	0	4918
2378	4949	0	4949
2379	4927	0	4927
2380	4915	0	4915
2381	4942	0	4942
2382	4934	0	4934
2383	4891	0	4891
2384	4954	0	4954
2385	4944	0	4944
2386	5029	0	5029
2387	5011	0	5011
2388	4984	0	4984
2389	5046	0	5046
2390	5056	0	5056
2391	5087	0	5087
2392	5109	0	5109
2393	5121	0	5121
2394	5165	0	5165
2395	5130	0	5130
2396	5092	0	5092
2397	5145	0	5145
2398	5159	0	5159
2399	5133	0	5133
2400	5135	0	5135
2401	5149	0	5149
2402	5161	0	5161
2403	5212	0	5212
2404	5199	0	5199
2405	5206	0	5206
2406	5248	0	5248
2407	5215	0	5215
2408	5212	0	5212
2409	5235	0	5235
2410	5193	0	5193
2411	5270	0	5270
2412	5290	0	5290
2413	5206	0	5206
2414	5251	0	5251
2415	5347	0	5347
2416	5355	0	5355
2417	5364	0	5364
2418	5409	0	5409
2419	5425	0	5425
2420	5418	0	5418
2421	5391	0	5391
2422	5318	0	5318
2423	5402	0	5402
2424	5409	0	5409
2425	5415	0	5415
2426	5436	0	5436
2427	5422	0	5422
2428	5412	0	5412
2429	5474	0	5474
2430	5476	0	5476
2431	5470	0	5470
2432	5455	0	5455
2433	5498	0	5498
2434	5556	0	5556
2435	5581	0	5581
2436	5553	0	5553
2437	5542	0	5542
2438	5554	0	5554
2439	5553	0	5553
2440	5545	0	5545
2441	5643	0	5643
2442	5677	0	5677
2443	5600	0	5600
2444	5604	0	5604
2445	5593	0	5593
2446	5587	0	5587
2447	5648	0	5648
2448	5642	0	5642
2449	5601	0	5601
2450	5581	0	5581
2451	5670	0	5670
2452	5565	0	5565
2453	5554	0	5554
2454	5634	0	5634
2455	5631	0	5631
2456	5592	0	5592
2457	5571	0	5571
2458	5511	0	5511
2459	5578	0	5578
2460	5609	0	5609
2461	5592	0	5592
2462	5587	0	5587
2463	5606	0	5606
2464	5656	0	5656
2465	5636	0	5636
2466	5527	0	5527
2467	5552	0	5552
2468	5553	0	5553
2469	5584	0	5584
2470	5583	0	5583
2471	5561	0	5561
2472	5572	0	5572
2473	5563	0	5563
2474	5513	0	5513
2475	5489	0	5489
2476	5472	0	5472
2477	5454	0	5454
2478	5473	0	5473
2479	5466	0	5466
2480	5476	0	5476
2481	5452	0	5452
2482	5404	0	5404
2483	5400	0	5400
2484	5350	0	5350
2485	5402	0	5402
2486	5404	0	5404
2487	5393	0	5393
2488	5348	0	5348
2489	5308	0	5308
2490	5330	0	5330
2491	5311	0	5311
2492	5293	0	5293
2493	5191	0	5191
2494	5171	0	5171
2495	5225	0	5225
2496	5250	0	5250
2497	5202	0	5202
2498	5143	0	5143
2499	5126	0	5126
2500	5092	0	5092
2501	5104	0	5104
2502	5074	0	5074
2503	4943	0	4943
2504	4877	0	4877
2505	4909	0	4909
2506	4880	0	4880
2507	4841	0	4841
2508	4792	0	4792
2509	4767	0	4767
2510	4780	0	4780
2511	4761	0	4761
2512	4729	0	4729
2513	4721	0	4721
2514	4758	0	4758
2515	4691	0	4691
2516	4637	0	4637
2517	4597	0	4597
2518	4608	0	4608
2519	4561	0	4561
2520	4475	0	4475
2521	4520	0	4520
2522	4609	0	4609
2523	4558	0	4558
2524	4427	0	4427
2525	4416	0	4416
2526	4422	0	4422
2527	4410	0	4410
2528	4423	0	4423
2529	4456	0	4456
2530	4413	0	4413
2531	4360	0	4360
2532	4413	0	4413
2533	4407	0	4407
2534	4357	0	4357
2535	4302	0	4302
2536	4324	0	4324
2537	4272	0	4272
2538	4226	0	4226
2539	4247	0	4247
2540	4273	0	4273
2541	4257	0	4257
2542	4234	0	4234
2543	4202	0	4202
2544	4281	0	4281
2545	4255	0	4255
2546	4257	0	4257
2547	4259	0	4259
2548	4209	0	4209
2549	4164	0	4164
2550	4210	0	4210
2551	4228	0	4228
2552	4152	0	4152
2553	4115	0	4115
2554	4148	0	4148
2555	4160	0	4160
2556	4205	0	4205
2557	4234	0	4234
2558	4252	0	4252
2559	4191	0	4191
2560	4123	0	4123
2561	4105	0	4105
2562	4142	0	4142
2563	4183	0	4183
2564	4193	0	4193
2565	4181	0	4181
2566	4169	0	4169
2567	4145	0	4145
2568	4164	0	4164
2569	4204	0	4204
2570	4194	0	4194
2571	4186	0	4186
2572	4202	0	4202
2573	4226	0	4226
2574	4278	0	4278
2575	4289	0	4289
2576	4223	0	4223
2577	4264	0	4264
2578	4275	0	4275
2579	4232	0	4232
2580	4216	0	4216
2581	4222	0	4222
2582	4285	0	4285
2583	4238	0	4238
2584	4211	0	4211
2585	4229	0	4229
2586	4272	0	4272
2587	4298	0	4298
2588	4238	0	4238
2589	4224	0	4224
2590	4248	0	4248
2591	4228	0	4228
2592	4211	0	4211
2593	4286	0	4286
2594	4243	0	4243
2595	4210	0	4210
2596	4208	0	4208
2597	4209	0	4209
2598	4217	0	4217
2599	4216	0	4216
2600	4183	0	4183
2601	4166	0	4166
2602	4193	0	4193
2603	4207	0	4207
2604	4208	0	4208
2605	4196	0	4196
2606	4239	0	4239
2607	4274	0	4274
2608	4224	0	4224
2609	4227	0	4227
2610	4268	0	4268
2611	4278	0	4278
2612	4259	0	4259
2613	4278	0	4278
2614	4229	0	4229
2615	4190	0	4190
2616	4249	0	4249
2617	4310	0	4310
2618	4298	0	4298
2619	4312	0	4312
2620	4321	0	4321
2621	4326	0	4326
2622	4365	0	4365
2623	4422	0	4422
2624	4394	0	4394
2625	4380	0	4380
2626	4421	0	4421
2627	4508	0	4508
2628	4509	0	4509
2629	4441	0	4441
2630	4430	0	4430
2631	4443	0	4443
2632	4551	0	4551
2633	4589	0	4589
2634	4567	0	4567
2635	4594	0	4594
2636	4567	0	4567
2637	4620	0	4620
2638	4672	0	4672
2639	4664	0	4664
2640	4675	0	4675
2641	4677	0	4677
2642	4621	0	4621
2643	4638	0	4638
2644	4655	0	4655
2645	4624	0	4624
2646	4686	0	4686
2647	4687	0	4687
2648	4665	0	4665
2649	4638	0	4638
2650	4682	0	4682
2651	4766	0	4766
2652	4774	0	4774
2653	4634	0	4634
2654	4599	0	4599
2655	4675	0	4675
2656	4701	0	4701
2657	4709	0	4709
2658	4655	0	4655
2659	4634	0	4634
2660	4646	0	4646
2661	4643	0	4643
2662	4641	0	4641
2663	4636	0	4636
2664	4654	0	4654
2665	4729	0	4729
2666	4693	0	4693
2667	4689	0	4689
2668	4668	0	4668
2669	4608	0	4608
2670	4619	0	4619
2671	4670	0	4670
2672	4680	0	4680
2673	4643	0	4643
2674	4631	0	4631
2675	4646	0	4646
2676	4678	0	4678
2677	4615	0	4615
2678	4553	0	4553
2679	4608	0	4608
2680	4674	0	4674
2681	4642	0	4642
2682	4593	0	4593
2683	4585	0	4585
2684	4622	0	4622
2685	4620	0	4620
2686	4617	0	4617
2687	4577	0	4577
2688	4550	0	4550
2689	4554	0	4554
2690	4544	0	4544
2691	4550	0	4550
2692	4592	0	4592
2693	4500	0	4500
2694	4497	0	4497
2695	4517	0	4517
2696	4492	0	4492
2697	4482	0	4482
2698	4603	0	4603
2699	4610	0	4610
2700	4557	0	4557
2701	4513	0	4513
2702	4452	0	4452
2703	4429	0	4429
2704	4412	0	4412
2705	4397	0	4397
2706	4405	0	4405
2707	4402	0	4402
2708	4444	0	4444
2709	4438	0	4438
2710	4451	0	4451
2711	4395	0	4395
2712	4346	0	4346
2713	4338	0	4338
2714	4355	0	4355
2715	4339	0	4339
2716	4304	0	4304
2717	4286	0	4286
2718	4315	0	4315
2719	4260	0	4260
2720	4266	0	4266
2721	4269	0	4269
2722	4289	0	4289
2723	4208	0	4208
2724	4144	0	4144
2725	4128	0	4128
2726	4070	0	4070
2727	4019	0	4019
2728	4065	0	4065
2729	4057	0	4057
2730	4090	0	4090
2731	4078	0	4078
2732	4077	0	4077
2733	4030	0	4030
2734	3969	0	3969
2735	3981	0	3981
2736	3983	0	3983
2737	4006	0	4006
2738	4018	0	4018
2739	3950	0	3950
2740	3961	0	3961
2741	3904	0	3904
2742	3871	0	3871
2743	3872	0	3872
2744	3903	0	3903
2745	3916	0	3916
2746	3922	0	3922
2747	3877	0	3877
2748	3867	0	3867
2749	3889	0	3889
2750	3828	0	3828
2751	3833	0	3833
2752	3832	0	3832
2753	3793	0	3793
2754	3806	0	3806
2755	3809	0	3809
2756	3802	0	3802
2757	3810	0	3810
2758	3770	0	3770
2759	3785	0	3785
2760	3773	0	3773
2761	3795	0	3795
2762	3825	0	3825
2763	3795	0	3795
2764	3759	0	3759
2765	3698	0	3698
2766	3690	0	3690
2767	3722	0	3722
2768	3731	0	3731
2769	3775	0	3775
2770	3756	0	3756
2771	3727	0	3727
2772	3653	0	3653
2773	3670	0	3670
2774	3646	0	3646
2775	3648	0	3648
2776	3635	0	3635
2777	3625	0	3625
2778	3600	0	3600
2779	3636	0	3636
2780	3629	0	3629
2781	3614	0	3614
2782	3652	0	3652
2783	3632	0	3632
2784	3794	0	3794
2785	3721	0	3721
2786	3608	0	3608
2787	3600	0	3600
2788	3597	0	3597
2789	3580	0	3580
2790	3576	0	3576
2791	3560	0	3560
2792	3661	0	3661
2793	3619	0	3619
2794	3572	0	3572
2795	3582	0	3582
2796	3594	0	3594
2797	3550	0	3550
2798	3582	0	3582
2799	3680	0	3680
2800	3670	0	3670
2801	3619	0	3619
2802	3621	0	3621
2803	3670	0	3670
2804	3681	0	3681
2805	3693	0	3693
2806	3687	0	3687
2807	3655	0	3655
2808	3647	0	3647
2809	3717	0	3717
2810	3708	0	3708
2811	3712	0	3712
2812	3780	0	3780
2813	3759	0	3759
2814	3690	0	3690
2815	3738	0	3738
2816	3730	0	3730
2817	3676	0	3676
2818	3697	0	3697
2819	3708	0	3708
2820	3727	0	3727
2821	3765	0	3765
2822	3768	0	3768
2823	3703	0	3703
2824	3690	0	3690
2825	3728	0	3728
2826	3706	0	3706
2827	3697	0	3697
2828	3751	0	3751
2829	3820	0	3820
2830	3791	0	3791
2831	3785	0	3785
2832	3800	0	3800
2833	3794	0	3794
2834	3824	0	3824
2835	3821	0	3821
2836	3826	0	3826
2837	3850	0	3850
2838	3832	0	3832
2839	3848	0	3848
2840	3854	0	3854
2841	3883	0	3883
2842	3875	0	3875
2843	3886	0	3886
2844	3941	0	3941
2845	3981	0	3981
2846	3991	0	3991
2847	3905	0	3905
2848	3896	0	3896
2849	3931	0	3931
2850	3933	0	3933
2851	3973	0	3973
2852	3891	0	3891
2853	3897	0	3897
2854	3956	0	3956
2855	4011	0	4011
2856	4080	0	4080
2857	4049	0	4049
2858	3995	0	3995
2859	3994	0	3994
2860	3996	0	3996
2861	4004	0	4004
2862	4046	0	4046
2863	3997	0	3997
2864	4002	0	4002
2865	4032	0	4032
2866	4029	0	4029
2867	4061	0	4061
2868	4091	0	4091
2869	4004	0	4004
2870	4021	0	4021
2871	4068	0	4068
2872	4071	0	4071
2873	4007	0	4007
2874	3966	0	3966
2875	4036	0	4036
2876	4098	0	4098
2877	4144	0	4144
2878	4046	0	4046
2879	4030	0	4030
2880	4057	0	4057
2881	4069	0	4069
2882	4012	0	4012
2883	3985	0	3985
2884	4002	0	4002
2885	3952	0	3952
2886	4015	0	4015
2887	4049	0	4049
2888	4015	0	4015
2889	4008	0	4008
2890	4004	0	4004
2891	3966	0	3966
2892	3950	0	3950
2893	3903	0	3903
2894	3883	0	3883
2895	3925	0	3925
2896	3928	0	3928
2897	3902	0	3902
2898	3937	0	3937
2899	3938	0	3938
2900	3870	0	3870
2901	3826	0	3826
2902	3796	0	3796
2903	3779	0	3779
2904	3830	0	3830
2905	3794	0	3794
2906	3771	0	3771
2907	3839	0	3839
2908	3804	0	3804
2909	3739	0	3739
2910	3668	0	3668
2911	3633	0	3633
2912	3718	0	3718
2913	3732	0	3732
2914	3686	0	3686
2915	3632	0	3632
2916	3610	0	3610
2917	3579	0	3579
2918	3594	0	3594
2919	3602	0	3602
2920	3583	0	3583
2921	3531	0	3531
2922	3527	0	3527
2923	3538	0	3538
2924	3540	0	3540
2925	3521	0	3521
2926	3518	0	3518
2927	3471	0	3471
2928	3447	0	3447
2929	3441	0	3441
2930	3437	0	3437
2931	3459	0	3459
2932	3436	0	3436
2933	3408	0	3408
2934	3380	0	3380
2935	3405	0	3405
2936	3344	0	3344
2937	3403	0	3403
2938	3408	0	3408
2939	3390	0	3390
2940	3248	0	3248
2941	3261	0	3261
2942	3307	0	3307
2943	3298	0	3298
2944	3247	0	3247
2945	3240	0	3240
2946	3244	0	3244
2947	3171	0	3171
2948	3158	0	3158
2949	3163	0	3163
2950	3187	0	3187
2951	3159	0	3159
2952	3168	0	3168
2953	3169	0	3169
2954	3142	0	3142
2955	3177	0	3177
2956	3165	0	3165
2957	3105	0	3105
2958	3086	0	3086
2959	3099	0	3099
2960	3092	0	3092
2961	3142	0	3142
2962	3105	0	3105
2963	3049	0	3049
2964	3055	0	3055
2965	3008	0	3008
2966	2989	0	2989
2967	3014	0	3014
2968	3011	0	3011
2969	3036	0	3036
2970	3022	0	3022
2971	3008	0	3008
2972	3010	0	3010
2973	2942	0	2942
2974	2957	0	2957
2975	2931	0	2931
2976	2988	0	2988
2977	2973	0	2973
2978	2933	0	2933
2979	2888	0	2888
2980	2909	0	2909
2981	2870	0	2870
2982	2930	0	2930
2983	2928	0	2928
2984	2900	0	2900
2985	2942	0	2942
2986	2974	0	2974
2987	2957	0	2957
2988	2918	0	2918
2989	2940	0	2940
2990	2925	0	2925
2991	2896	0	2896
2992	2910	0	2910
2993	2910	0	2910
2994	2928	0	2928
2995	2936	0	2936
2996	2940	0	2940
2997	2944	0	2944
2998	2879	0	2879
2999	2914	0	2914
3000	2929	0	2929
3001	2930	0	2930
3002	2950	0	2950
3003	2949	0	2949
3004	2930	0	2930
3005	2981	0	2981
3006	2983	0	2983
3007	2965	0	2965
3008	2970	0	2970
3009	3005	0	3005
3010	3005	0	3005
3011	2999	0	2999
3012	3003	0	3003
3013	3018	0	3018
3014	3023	0	3023
3015	3041	0	3041
3016	3060	0	3060
3017	3070	0	3070
3018	3070	0	3070
3019	3061	0	3061
3020	3040	0	3040
3021	3033	0	3033
3022	3012	0	3012
3023	3063	0	3063
3024	3111	0	3111
3025	3097	0	3097
3026	3100	0	3100
3027	3137	0	3137
3028	3131	0	3131
3029	3122	0	3122
3030	3135	0	3135
3031	3151	0	3151
3032	3185	0	3185
3033	3142	0	3142
3034	3179	0	3179
3035	3187	0	3187
3036	3147	0	3147
3037	3159	0	3159
3038	3172	0	3172
3039	3189	0	3189
3040	3148	0	3148
3041	3138	0	3138
3042	3158	0	3158
3043	3167	0	3167
3044	3165	0	3165
3045	3226	0	3226
3046	3265	0	3265
3047	3252	0	3252
3048	3221	0	3221
3049	3191	0	3191
3050	3250	0	3250
3051	3310	0	3310
3052	3271	0	3271
3053	3211	0	3211
3054	3246	0	3246
3055	3278	0	3278
3056	3257	0	3257
3057	3260	0	3260
3058	3231	0	3231
3059	3242	0	3242
3060	3210	0	3210
3061	3193	0	3193
3062	3180	0	3180
3063	3175	0	3175
3064	3174	0	3174
3065	3178	0	3178
3066	3185	0	3185
3067	3163	0	3163
3068	3179	0	3179
3069	3156	0	3156
3070	3128	0	3128
3071	3148	0	3148
3072	3116	0	3116
3073	3131	0	3131
3074	3158	0	3158
3075	3101	0	3101
3076	3082	0	3082
3077	3092	0	3092
3078	3079	0	3079
3079	3099	0	3099
3080	3097	0	3097
3081	3073	0	3073
3082	3033	0	3033
3083	3009	0	3009
3084	3029	0	3029
3085	3039	0	3039
3086	2981	0	2981
3087	2984	0	2984
3088	2949	0	2949
3089	2934	0	2934
3090	2933	0	2933
3091	2973	0	2973
3092	2973	0	2973
3093	2915	0	2915
3094	2902	0	2902
3095	2913	0	2913
3096	2863	0	2863
3097	2861	0	2861
3098	2908	0	2908
3099	2883	0	2883
3100	2871	0	2871
3101	2893	0	2893
3102	2867	0	2867
3103	2823	0	2823
3104	2821	0	2821
3105	2795	0	2795
3106	2739	0	2739
3107	2746	0	2746
3108	2765	0	2765
3109	2752	0	2752
3110	2779	0	2779
3111	2774	0	2774
3112	2714	0	2714
3113	2720	0	2720
3114	2744	0	2744
3115	2712	0	2712
3116	2677	0	2677
3117	2697	0	2697
3118	2691	0	2691
3119	2687	0	2687
3120	2699	0	2699
3121	2698	0	2698
3122	2693	0	2693
3123	2692	0	2692
3124	2691	0	2691
3125	2687	0	2687
3126	2697	0	2697
3127	2681	0	2681
3128	2674	0	2674
3129	2644	0	2644
3130	2683	0	2683
3131	2685	0	2685
3132	2686	0	2686
3133	2682	0	2682
3134	2657	0	2657
3135	2691	0	2691
3136	2672	0	2672
3137	2664	0	2664
3138	2660	0	2660
3139	2669	0	2669
3140	2683	0	2683
3141	2636	0	2636
3142	2627	0	2627
3143	2662	0	2662
3144	2696	0	2696
3145	2687	0	2687
3146	2713	0	2713
3147	2695	0	2695
3148	2678	0	2678
3149	2654	0	2654
3150	2688	0	2688
3151	2709	0	2709
3152	2694	0	2694
3153	2663	0	2663
3154	2705	0	2705
3155	2699	0	2699
3156	2700	0	2700
3157	2721	0	2721
3158	2664	0	2664
3159	2690	0	2690
3160	2717	0	2717
3161	2734	0	2734
3162	2722	0	2722
3163	2770	0	2770
3164	2772	0	2772
3165	2791	0	2791
3166	2838	0	2838
3167	2830	0	2830
3168	2806	0	2806
3169	2801	0	2801
3170	2831	0	2831
3171	2837	0	2837
3172	2821	0	2821
3173	2830	0	2830
3174	2885	0	2885
3175	2891	0	2891
3176	2883	0	2883
3177	2906	0	2906
3178	2889	0	2889
3179	2932	0	2932
3180	2944	0	2944
3181	2958	0	2958
3182	2907	0	2907
3183	2921	0	2921
3184	2968	0	2968
3185	2968	0	2968
3186	2938	0	2938
3187	2877	0	2877
3188	2910	0	2910
3189	2951	0	2951
3190	2980	0	2980
3191	2974	0	2974
3192	3018	0	3018
3193	3035	0	3035
3194	3022	0	3022
3195	3059	0	3059
3196	3037	0	3037
3197	3057	0	3057
3198	3075	0	3075
3199	3053	0	3053
3200	3071	0	3071
3201	3088	0	3088
3202	3095	0	3095
3203	3063	0	3063
3204	3090	0	3090
3205	3083	0	3083
3206	3077	0	3077
3207	3083	0	3083
3208	3090	0	3090
3209	3073	0	3073
3210	3036	0	3036
3211	3055	0	3055
3212	3043	0	3043
3213	3051	0	3051
3214	3072	0	3072
3215	3096	0	3096
3216	3058	0	3058
3217	3059	0	3059
3218	3059	0	3059
3219	3067	0	3067
3220	3000	0	3000
3221	2955	0	2955
3222	2984	0	2984
3223	3024	0	3024
3224	3025	0	3025
3225	3016	0	3016
3226	2990	0	2990
3227	2970	0	2970
3228	2967	0	2967
3229	2992	0	2992
3230	2999	0	2999
3231	2942	0	2942
3232	2927	0	2927
3233	2933	0	2933
3234	2940	0	2940
3235	2974	0	2974
3236	2909	0	2909
3237	2893	0	2893
3238	2951	0	2951
3239	2857	0	2857
3240	2850	0	2850
3241	2828	0	2828
3242	2822	0	2822
3243	2813	0	2813
3244	2817	0	2817
3245	2797	0	2797
3246	2783	0	2783
3247	2755	0	2755
3248	2698	0	2698
3249	2772	0	2772
3250	2786	0	2786
3251	2720	0	2720
3252	2708	0	2708
3253	2687	0	2687
3254	2710	0	2710
3255	2714	0	2714
3256	2684	0	2684
3257	2680	0	2680
3258	2671	0	2671
3259	2609	0	2609
3260	2601	0	2601
3261	2617	0	2617
3262	2587	0	2587
3263	2628	0	2628
3264	2620	0	2620
3265	2624	0	2624
3266	2609	0	2609
3267	2613	0	2613
3268	2645	0	2645
3269	2629	0	2629
3270	2571	0	2571
3271	2563	0	2563
3272	2554	0	2554
3273	2582	0	2582
3274	2559	0	2559
3275	2574	0	2574
3276	2573	0	2573
3277	2540	0	2540
3278	2512	0	2512
3279	2520	0	2520
3280	2513	0	2513
3281	2527	0	2527
3282	2512	0	2512
3283	2552	0	2552
3284	2565	0	2565
3285	2534	0	2534
3286	2507	0	2507
3287	2535	0	2535
3288	2538	0	2538
3289	2540	0	2540
3290	2536	0	2536
3291	2501	0	2501
3292	2525	0	2525
3293	2533	0	2533
3294	2549	0	2549
3295	2524	0	2524
3296	2525	0	2525
3297	2558	0	2558
3298	2542	0	2542
3299	2564	0	2564
3300	2542	0	2542
3301	2543	0	2543
3302	2570	0	2570
3303	2569	0	2569
3304	2581	0	2581
3305	2570	0	2570
3306	2569	0	2569
3307	2596	0	2596
3308	2575	0	2575
3309	2595	0	2595
3310	2634	0	2634
3311	2607	0	2607
3312	2610	0	2610
3313	2624	0	2624
3314	2662	0	2662
3315	2644	0	2644
3316	2608	0	2608
3317	2602	0	2602
3318	2594	0	2594
3319	2642	0	2642
3320	2648	0	2648
3321	2610	0	2610
3322	2691	0	2691
3323	2703	0	2703
3324	2697	0	2697
3325	2707	0	2707
3326	2752	0	2752
3327	2749	0	2749
3328	2762	0	2762
3329	2742	0	2742
3330	2729	0	2729
3331	2795	0	2795
3332	2814	0	2814
3333	2785	0	2785
3334	2756	0	2756
3335	2790	0	2790
3336	2807	0	2807
3337	2764	0	2764
3338	2773	0	2773
3339	2803	0	2803
3340	2824	0	2824
3341	2790	0	2790
3342	2785	0	2785
3343	2784	0	2784
3344	2807	0	2807
3345	2816	0	2816
3346	2818	0	2818
3347	2773	0	2773
3348	2775	0	2775
3349	2773	0	2773
3350	2787	0	2787
3351	2753	0	2753
3352	2808	0	2808
3353	2769	0	2769
3354	2747	0	2747
3355	2739	0	2739
3356	2725	0	2725
3357	2697	0	2697
3358	2723	0	2723
3359	2713	0	2713
3360	2708	0	2708
3361	2682	0	2682
3362	2700	0	2700
3363	2682	0	2682
3364	2640	0	2640
3365	2661	0	2661
3366	2670	0	2670
3367	2672	0	2672
3368	2653	0	2653
3369	2619	0	2619
3370	2662	0	2662
3371	2660	0	2660
3372	2639	0	2639
3373	2598	0	2598
3374	2577	0	2577
3375	2563	0	2563
3376	2579	0	2579
3377	2608	0	2608
3378	2545	0	2545
3379	2520	0	2520
3380	2489	0	2489
3381	2503	0	2503
3382	2496	0	2496
3383	2482	0	2482
3384	2483	0	2483
3385	2444	0	2444
3386	2433	0	2433
3387	2460	0	2460
3388	2481	0	2481
3389	2444	0	2444
3390	2427	0	2427
3391	2404	0	2404
3392	2367	0	2367
3393	2387	0	2387
3394	2391	0	2391
3395	2380	0	2380
3396	2398	0	2398
3397	2384	0	2384
3398	2330	0	2330
3399	2341	0	2341
3400	2353	0	2353
3401	2356	0	2356
3402	2343	0	2343
3403	2309	0	2309
3404	2301	0	2301
3405	2282	0	2282
3406	2318	0	2318
3407	2346	0	2346
3408	2328	0	2328
3409	2365	0	2365
3410	2365	0	2365
3411	2308	0	2308
3412	2307	0	2307
3413	2263	0	2263
3414	2242	0	2242
3415	2277	0	2277
3416	2292	0	2292
3417	2279	0	2279
3418	2315	0	2315
3419	2343	0	2343
3420	2277	0	2277
3421	2278	0	2278
3422	2294	0	2294
3423	2271	0	2271
3424	2246	0	2246
3425	2269	0	2269
3426	2339	0	2339
3427	2321	0	2321
3428	2315	0	2315
3429	2307	0	2307
3430	2323	0	2323
3431	2340	0	2340
3432	2346	0	2346
3433	2343	0	2343
3434	2337	0	2337
3435	2364	0	2364
3436	2325	0	2325
3437	2348	0	2348
3438	2361	0	2361
3439	2397	0	2397
3440	2379	0	2379
3441	2336	0	2336
3442	2377	0	2377
3443	2380	0	2380
3444	2349	0	2349
3445	2363	0	2363
3446	2349	0	2349
3447	2409	0	2409
3448	2444	0	2444
3449	2400	0	2400
3450	2396	0	2396
3451	2452	0	2452
3452	2497	0	2497
3453	2463	0	2463
3454	2439	0	2439
3455	2458	0	2458
3456	2461	0	2461
3457	2439	0	2439
3458	2434	0	2434
3459	2445	0	2445
3460	2436	0	2436
3461	2464	0	2464
3462	2494	0	2494
3463	2452	0	2452
3464	2439	0	2439
3465	2456	0	2456
3466	2456	0	2456
3467	2459	0	2459
3468	2480	0	2480
3469	2461	0	2461
3470	2470	0	2470
3471	2484	0	2484
3472	2483	0	2483
3473	2458	0	2458
3474	2460	0	2460
3475	2432	0	2432
3476	2469	0	2469
3477	2505	0	2505
3478	2431	0	2431
3479	2396	0	2396
3480	2430	0	2430
3481	2415	0	2415
3482	2414	0	2414
3483	2391	0	2391
3484	2399	0	2399
3485	2380	0	2380
3486	2343	0	2343
3487	2358	0	2358
3488	2364	0	2364
3489	2343	0	2343
3490	2332	0	2332
3491	2288	0	2288
3492	2322	0	2322
3493	2317	0	2317
3494	2312	0	2312
3495	2281	0	2281
3496	2276	0	2276
3497	2283	0	2283
3498	2274	0	2274
3499	2286	0	2286
3500	2252	0	2252
3501	2217	0	2217
3502	2221	0	2221
3503	2212	0	2212
3504	2183	0	2183
3505	2192	0	2192
3506	2196	0	2196
3507	2175	0	2175
3508	2169	0	2169
3509	2157	0	2157
3510	2156	0	2156
3511	2093	0	2093
3512	2112	0	2112
3513	2140	0	2140
3514	2157	0	2157
3515	2124	0	2124
3516	2126	0	2126
3517	2106	0	2106
3518	2090	0	2090
3519	2068	0	2068
3520	2052	0	2052
3521	2046	0	2046
3522	2062	0	2062
3523	2067	0	2067
3524	2062	0	2062
3525	2053	0	2053
3526	2032	0	2032
3527	2056	0	2056
3528	2040	0	2040
3529	2050	0	2050
3530	2080	0	2080
3531	2057	0	2057
3532	2054	0	2054
3533	2042	0	2042
3534	2037	0	2037
3535	2058	0	2058
3536	2058	0	2058
3537	2026	0	2026
3538	2001	0	2001
3539	2057	0	2057
3540	2052	0	2052
3541	2068	0	2068
3542	2059	0	2059
3543	2061	0	2061
3544	2055	0	2055
3545	2052	0	2052
3546	2058	0	2058
3547	2042	0	2042
3548	2007	0	2007
3549	2020	0	2020
3550	2032	0	2032
3551	2024	0	2024
3552	2029	0	2029
3553	2056	0	2056
3554	2095	0	2095
3555	2073	0	2073
3556	2038	0	2038
3557	2035	0	2035
3558	2042	0	2042
3559	2053	0	2053
3560	2035	0	2035
3561	2065	0	2065
3562	2085	0	2085
3563	2068	0	2068
3564	2048	0	2048
3565	2044	0	2044
3566	2063	0	2063
3567	2042	0	2042
3568	2066	0	2066
3569	2104	0	2104
3570	2098	0	2098
3571	2040	0	2040
3572	2053	0	2053
3573	2099	0	2099
3574	2077	0	2077
3575	2081	0	2081
3576	2068	0	2068
3577	2065	0	2065
3578	2067	0	2067
3579	2059	0	2059
3580	2020	0	2020
3581	2026	0	2026
3582	2059	0	2059
3583	2047	0	2047
3584	2018	0	2018
3585	2021	0	2021
3586	1991	0	1991
3587	1978	0	1978
3588	1999	0	1999
3589	1999	0	1999
3590	1962	0	1962
3591	1957	0	1957
3592	1982	0	1982
3593	1961	0	1961
3594	1982	0	1982
3595	2012	0	2012
3596	1978	0	1978
3597	1978	0	1978
3598	1934	0	1934
3599	1899	0	1899
3600	1893	0	1893
3601	1925	0	1925
3602	1911	0	1911
3603	1872	0	1872
3604	1869	0	1869
3605	1849	0	1849
3606	1841	0	1841
3607	1868	0	1868
3608	1855	0	1855
3609	1834	0	1834
3610	1829	0	1829
3611	1796	0	1796
3612	1791	0	1791
3613	1806	0	1806
3614	1813	0	1813
3615	1808	0	1808
3616	1785	0	1785
3617	1745	0	1745
3618	1752	0	1752
3619	1760	0	1760
3620	1756	0	1756
3621	1750	0	1750
3622	1782	0	1782
3623	1761	0	1761
3624	1745	0	1745
3625	1730	0	1730
3626	1859	0	1859
3627	1805	0	1805
3628	1729	0	1729
3629	1712	0	1712
3630	1730	0	1730
3631	1751	0	1751
3632	1741	0	1741
3633	1727	0	1727
3634	1683	0	1683
3635	1669	0	1669
3636	1689	0	1689
3637	1689	0	1689
3638	1697	0	1697
3639	1727	0	1727
3640	1706	0	1706
3641	1714	0	1714
3642	1689	0	1689
3643	1697	0	1697
3644	1700	0	1700
3645	1683	0	1683
3646	1682	0	1682
3647	1682	0	1682
3648	1713	0	1713
