index	original	background	difference
-----------------------------------------------------
1	3138	2270	868
2	2892	2116	776
3	2756	2044	712
4	2846	2105	741
5	2817	2099	718
6	2968	2188	780
7	3060	2181	879
8	3058	2211	847
9	3007	2187	820
10	2832	2005	827
11	2730	1971	759
12	2864	2099	765
13	3036	2229	807
14	3013	2194	819
15	2858	2039	819
16	2996	2140	856
17	3012	2176	836
18	2928	2107	821
19	2729	1926	803
20	2814	2002	812
21	3035	2159	876
22	2938	2077	861
23	2905	2013	892
24	2976	2131	845
25	2952	2168	784
26	2913	2058	855
27	2746	1903	843
28	2798	1972	826
29	2917	2072	845
30	2939	2063	876
31	2873	1997	876
32	2926	2089	837
33	2933	2100	833
34	2866	2012	854
35	2977	2087	890
36	3056	2155	901
37	3025	2153	872
38	2937	2068	869
39	2774	1954	820
40	2808	2025	783
41	2925	2114	811
42	2798	1998	800
43	2821	1945	876
44	2953	2051	902
45	3142	2199	943
46	3075	2142	933
47	2937	2041	896
48	2886	2047	839
49	3047	2151	896
50	3113	2186	927
51	3046	2143	903
52	3054	2127	927
53	3162	2234	928
54	2975	2052	923
55	2738	1875	863
56	2934	2058	876
57	3216	2280	936
58	2927	2054	873
59	2771	1922	849
60	2985	2063	922
61	3136	2243	893
62	3034	2164	870
63	2871	2021	850
64	2981	2109	872
65	3098	2182	916
66	3030	2090	940
67	2969	1992	977
68	3027	2051	976
69	2924	2063	861
70	2822	1976	846
71	2956	2063	893
72	3302	2306	996
73	3171	2208	963
74	2935	2047	888
75	2750	1906	844
76	2878	2013	865
77	3087	2144	943
78	3025	2082	943
79	2958	2072	886
80	3042	2128	914
81	3129	2190	939
82	2913	2011	902
83	2907	2009	898
84	2993	2097	896
85	3087	2181	906
86	2945	2098	847
87	2897	2044	853
88	3027	2110	917
89	3134	2187	947
90	3026	2098	928
91	3165	2177	988
92	3260	2279	981
93	3078	2130	948
94	2920	2024	896
95	2838	1960	878
96	3049	2140	909
97	3223	2264	959
98	3108	2123	985
99	2973	2050	923
100	2951	2087	864
101	3075	2148	927
102	3120	2098	1022
103	3042	2061	981
104	3255	2265	990
105	3288	2350	938
106	3166	2206	960
107	3000	2063	937
108	3081	2158	923
109	3228	2221	1007
110	3043	2111	932
111	3145	2180	965
112	3194	2219	975
113	3114	2120	994
114	3110	2096	1014
115	3015	2086	929
116	3080	2138	942
117	3210	2219	991
118	2962	2070	892
119	2959	1995	964
120	3027	2083	944
121	3025	2129	896
122	3008	2053	955
123	2902	1936	966
124	2930	2038	892
125	3046	2099	947
126	3076	2078	998
127	3097	2113	984
128	3419	2384	1035
129	3350	2322	1028
130	3101	2133	968
131	2985	2017	968
132	3253	2189	1064
133	3244	2193	1051
134	3034	1992	1042
135	3008	2010	998
136	3121	2176	945
137	3214	2223	991
138	3113	2091	1022
139	3091	2096	995
140	3070	2061	1009
141	3145	2109	1036
142	3180	2162	1018
143	3162	2085	1077
144	3248	2154	1094
145	3208	2139	1069
146	3222	2160	1062
147	3109	2084	1025
148	3064	2075	989
149	3304	2253	1051
150	3274	2220	1054
151	3018	2036	982
152	3231	2212	1019
153	3328	2287	1041
154	3401	2212	1189
155	3241	2156	1085
156	3263	2290	973
157	3154	2200	954
158	3018	2042	976
159	3016	2020	996
160	3244	2178	1066
161	3310	2231	1079
162	3154	2099	1055
163	3153	2099	1054
164	3359	2268	1091
165	3354	2255	1099
166	3229	2151	1078
167	3161	2068	1093
168	3274	2150	1124
169	3328	2214	1114
170	3191	2131	1060
171	3200	2107	1093
172	3265	2198	1067
173	3297	2230	1067
174	3096	2057	1039
175	3112	2050	1062
176	3174	2112	1062
177	3209	2157	1052
178	3056	2075	981
179	3171	2075	1096
180	3413	2265	1148
181	3391	2267	1124
182	3304	2185	1119
183	3048	1994	1054
184	3133	2102	1031
185	3255	2187	1068
186	3147	2071	1076
187	3045	1982	1063
188	3159	2081	1078
189	3358	2226	1132
190	3348	2222	1126
191	3294	2135	1159
192	3414	2245	1169
193	3380	2227	1153
194	3188	2107	1081
195	3129	2043	1086
196	3296	2188	1108
197	3357	2218	1139
198	3184	2093	1091
199	3338	2185	1153
200	3379	2236	1143
201	3288	2226	1062
202	3241	2182	1059
203	3144	2061	1083
204	3402	2264	1138
205	3370	2271	1099
206	3228	2110	1118
207	3143	2013	1130
208	3186	2062	1124
209	3401	2238	1163
210	3385	2182	1203
211	3228	2050	1178
212	3521	2293	1228
213	3433	2250	1183
214	3267	2096	1171
215	3175	2020	1155
216	3375	2237	1138
217	3463	2308	1155
218	3223	2053	1170
219	3251	2074	1177
220	3445	2330	1115
221	3433	2292	1141
222	3291	2151	1140
223	3216	2054	1162
224	3286	2148	1138
225	3600	2358	1242
226	3360	2141	1219
227	3342	2116	1226
228	3462	2261	1201
229	3530	2321	1209
230	3341	2141	1200
231	3209	2045	1164
232	3419	2205	1214
233	3743	2417	1326
234	3593	2271	1322
235	3377	2104	1273
236	3351	2137	1214
237	3412	2231	1181
238	3329	2143	1186
239	3288	2079	1209
240	3429	2193	1236
241	3705	2361	1344
242	3529	2238	1291
243	3545	2216	1329
244	3455	2226	1229
245	3374	2205	1169
246	3393	2139	1254
247	3387	2074	1313
248	3543	2233	1310
249	3617	2339	1278
250	3474	2195	1279
251	3290	2024	1266
252	3501	2227	1274
253	3516	2252	1264
254	3458	2209	1249
255	3419	2151	1268
256	3496	2214	1282
257	3505	2219	1286
258	3330	2049	1281
259	3285	2031	1254
260	3443	2137	1306
261	3496	2199	1297
262	3589	2243	1346
263	3448	2116	1332
264	3563	2250	1313
265	3477	2173	1304
266	3429	2120	1309
267	3392	2068	1324
268	3600	2285	1315
269	3640	2313	1327
270	3644	2231	1413
271	3724	2311	1413
272	3612	2253	1359
273	3492	2161	1331
274	3438	2123	1315
275	3543	2153	1390
276	3577	2200	1377
277	3516	2155	1361
278	3453	2098	1355
279	3404	2059	1345
280	3498	2124	1374
281	3507	2166	1341
282	3460	2114	1346
283	3473	2120	1353
284	3693	2281	1412
285	3750	2306	1444
286	3422	2075	1347
287	3350	1993	1357
288	3633	2218	1415
289	3776	2354	1422
290	3732	2285	1447
291	3465	2106	1359
292	3500	2144	1356
293	3641	2245	1396
294	3474	2115	1359
295	3395	2044	1351
296	3516	2161	1355
297	3565	2174	1391
298	3558	2122	1436
299	3497	2064	1433
300	3490	2160	1330
301	3578	2216	1362
302	3495	2076	1419
303	3498	2073	1425
304	3573	2175	1398
305	3602	2206	1396
306	3623	2183	1440
307	3470	2109	1361
308	3614	2141	1473
309	3850	2356	1494
310	3640	2144	1496
311	3457	1992	1465
312	3596	2106	1490
313	3704	2237	1467
314	3726	2280	1446
315	3654	2195	1459
316	3659	2240	1419
317	3612	2184	1428
318	3607	2118	1489
319	3608	2118	1490
320	3667	2189	1478
321	3754	2236	1518
322	3780	2205	1575
323	3589	2113	1476
324	3620	2157	1463
325	3718	2204	1514
326	3616	2084	1532
327	3479	2043	1436
328	3750	2243	1507
329	3863	2318	1545
330	3621	2181	1440
331	3464	2031	1433
332	3714	2238	1476
333	4370	2790	1580
334	3898	2433	1465
335	3679	2197	1482
336	3932	2356	1576
337	3847	2323	1524
338	3688	2147	1541
339	3655	2142	1513
340	3716	2240	1476
341	3825	2279	1546
342	3828	2257	1571
343	3700	2169	1531
344	3670	2154	1516
345	3833	2262	1571
346	3870	2242	1628
347	3570	2060	1510
348	3631	2138	1493
349	3718	2195	1523
350	3668	2161	1507
351	3705	2173	1532
352	3931	2417	1514
353	3828	2332	1496
354	3578	2099	1479
355	3592	2095	1497
356	3769	2210	1559
357	3801	2248	1553
358	3816	2193	1623
359	3644	2052	1592
360	3708	2136	1572
361	3744	2230	1514
362	3667	2241	1426
363	3668	2138	1530
364	3748	2126	1622
365	3734	2155	1579
366	3576	2074	1502
367	3546	1984	1562
368	3834	2229	1605
369	3976	2346	1630
370	3852	2246	1606
371	3677	2164	1513
372	3844	2261	1583
373	3907	2278	1629
374	3779	2154	1625
375	3801	2184	1617
376	3898	2259	1639
377	3954	2302	1652
378	3886	2250	1636
379	3752	2097	1655
380	3916	2273	1643
381	3872	2282	1590
382	3824	2205	1619
383	3677	2076	1601
384	3885	2244	1641
385	3990	2311	1679
386	3827	2190	1637
387	3801	2158	1643
388	3995	2340	1655
389	4085	2421	1664
390	3847	2228	1619
391	3782	2169	1613
392	3916	2281	1635
393	3792	2201	1591
394	3762	2274	1488
395	3732	2171	1561
396	3752	2155	1597
397	3788	2205	1583
398	3814	2158	1656
399	3697	2077	1620
400	3896	2225	1671
401	3909	2282	1627
402	3722	2141	1581
403	3803	2110	1693
404	4086	2337	1749
405	3966	2301	1665
406	4081	2399	1682
407	3836	2211	1625
408	3931	2285	1646
409	3831	2216	1615
410	3686	2073	1613
411	3817	2121	1696
412	3864	2209	1655
413	3858	2246	1612
414	3883	2190	1693
415	3823	2111	1712
416	3954	2255	1699
417	3894	2255	1639
418	3707	2093	1614
419	3596	2011	1585
420	3791	2126	1665
421	3862	2151	1711
422	3680	2083	1597
423	3953	2287	1666
424	3989	2313	1676
425	3887	2305	1582
426	3701	2060	1641
427	3612	1955	1657
428	3860	2199	1661
429	4224	2506	1718
430	3923	2261	1662
431	3785	2116	1669
432	3953	2306	1647
433	4074	2413	1661
434	3804	2174	1630
435	3648	2011	1637
436	3955	2298	1657
437	3988	2382	1606
438	3743	2126	1617
439	3637	2036	1601
440	3900	2277	1623
441	3907	2283	1624
442	3646	2021	1625
443	3754	2041	1713
444	3983	2240	1743
445	4100	2400	1700
446	3880	2214	1666
447	3753	2083	1670
448	4034	2331	1703
449	4170	2441	1729
450	4005	2258	1747
451	3740	2040	1700
452	3819	2208	1611
453	3981	2325	1656
454	3846	2178	1668
455	3731	2077	1654
456	3917	2235	1682
457	4111	2393	1718
458	3852	2170	1682
459	3769	2079	1690
460	4035	2340	1695
461	4081	2392	1689
462	3991	2230	1761
463	3698	1990	1708
464	3810	2155	1655
465	3996	2304	1692
466	3814	2071	1743
467	3699	1980	1719
468	3925	2246	1679
469	4157	2450	1707
470	4074	2344	1730
471	3762	2082	1680
472	3894	2211	1683
473	4086	2408	1678
474	3950	2226	1724
475	3693	1984	1709
476	3811	2156	1655
477	4049	2335	1714
478	4002	2212	1790
479	3716	2002	1714
480	3996	2247	1749
481	4183	2410	1773
482	4123	2347	1776
483	3858	2140	1718
484	3976	2247	1729
485	3989	2300	1689
486	3822	2144	1678
487	3608	1942	1666
488	3881	2208	1673
489	4035	2347	1688
490	3842	2082	1760
491	3689	1955	1734
492	4026	2259	1767
493	4192	2397	1795
494	3946	2161	1785
495	3928	2135	1793
496	4095	2339	1756
497	4051	2313	1738
498	3834	2131	1703
499	3659	1967	1692
500	3932	2202	1730
501	4161	2386	1775
502	3855	2139	1716
503	3835	2037	1798
504	4075	2264	1811
505	4088	2324	1764
506	4062	2251	1811
507	3925	2113	1812
508	4186	2380	1806
509	4303	2516	1787
510	4011	2279	1732
511	3837	2036	1801
512	4074	2281	1793
513	4166	2406	1760
514	4020	2275	1745
515	4019	2237	1782
516	4129	2312	1817
517	4096	2282	1814
518	3965	2160	1805
519	4028	2159	1869
520	4150	2387	1763
521	4137	2383	1754
522	3981	2237	1744
523	3984	2199	1785
524	4050	2307	1743
525	4200	2456	1744
526	4021	2197	1824
527	3787	1973	1814
528	4028	2235	1793
529	4081	2369	1712
530	3897	2143	1754
531	3746	1942	1804
532	3921	2162	1759
533	4012	2313	1699
534	3828	2173	1655
535	4644	2828	1816
536	4572	2717	1855
537	4197	2375	1822
538	3867	2168	1699
539	3796	2028	1768
540	3903	2178	1725
541	4125	2370	1755
542	3986	2162	1824
543	3745	1950	1795
544	4076	2234	1842
545	4182	2429	1753
546	3952	2188	1764
547	3855	2073	1782
548	4073	2312	1761
549	4432	2563	1869
550	4056	2222	1834
551	3719	2000	1719
552	4322	2520	1802
553	4361	2522	1839
554	4145	2302	1843
555	3957	2104	1853
556	4065	2268	1797
557	4099	2289	1810
558	3880	2069	1811
559	3806	2025	1781
560	3974	2214	1760
561	4356	2544	1812
562	4076	2238	1838
563	3840	1980	1860
564	4092	2236	1856
565	4219	2398	1821
566	3929	2184	1745
567	3839	2073	1766
568	4088	2285	1803
569	4203	2371	1832
570	3941	2136	1805
571	3727	1980	1747
572	3996	2241	1755
573	4154	2338	1816
574	3961	2131	1830
575	3796	1973	1823
576	4142	2202	1940
577	4173	2354	1819
578	4032	2198	1834
579	3965	2127	1838
580	4145	2321	1824
581	4286	2396	1890
582	3938	2157	1781
583	3754	1947	1807
584	3998	2172	1826
585	4028	2245	1783
586	4057	2208	1849
587	3890	2082	1808
588	4052	2260	1792
589	4215	2363	1852
590	4099	2189	1910
591	3889	2024	1865
592	3960	2151	1809
593	4052	2296	1756
594	3825	2036	1789
595	3852	1940	1912
596	4040	2161	1879
597	4173	2336	1837
598	4161	2267	1894
599	3980	2058	1922
600	4103	2229	1874
601	4196	2317	1879
602	4032	2196	1836
603	3933	2083	1850
604	4044	2193	1851
605	4035	2260	1775
606	3871	2101	1770
607	3853	1994	1859
608	4218	2273	1945
609	4204	2294	1910
610	4105	2141	1964
611	4033	2079	1954
612	4081	2242	1839
613	4227	2313	1914
614	4181	2229	1952
615	3944	2064	1880
616	4140	2240	1900
617	4261	2361	1900
618	4015	2113	1902
619	3862	2028	1834
620	4323	2443	1880
621	4321	2439	1882
622	4042	2189	1853
623	3956	2065	1891
624	4111	2217	1894
625	4183	2315	1868
626	4077	2175	1902
627	3989	2054	1935
628	4217	2311	1906
629	4290	2363	1927
630	4068	2176	1892
631	3924	2014	1910
632	4176	2250	1926
633	4387	2414	1973
634	4376	2380	1996
635	4124	2148	1976
636	4383	2372	2011
637	4381	2359	2022
638	4162	2174	1988
639	4010	2036	1974
640	4177	2214	1963
641	4188	2264	1924
642	3964	2039	1925
643	3988	2004	1984
644	4133	2186	1947
645	4282	2322	1960
646	4438	2373	2065
647	4338	2205	2133
648	4410	2321	2089
649	4421	2368	2053
650	4023	2042	1981
651	3930	1938	1992
652	4354	2300	2054
653	4462	2407	2055
654	4204	2197	2007
655	4000	2037	1963
656	4196	2181	2015
657	4337	2287	2050
658	4254	2169	2085
659	4055	1977	2078
660	4236	2136	2100
661	4466	2392	2074
662	4218	2214	2004
663	3946	1978	1968
664	4064	2122	1942
665	4251	2256	1995
666	4038	2066	1972
667	4009	2019	1990
668	4266	2229	2037
669	4347	2270	2077
670	4143	2097	2046
671	4046	1977	2069
672	4267	2234	2033
673	4488	2385	2103
674	4367	2258	2109
675	4211	2093	2118
676	4368	2204	2164
677	4332	2270	2062
678	4222	2115	2107
679	4164	2087	2077
680	4342	2237	2105
681	4339	2239	2100
682	4250	2148	2102
683	4082	1994	2088
684	4440	2302	2138
685	4615	2456	2159
686	4344	2169	2175
687	4235	2069	2166
688	4347	2219	2128
689	4505	2317	2188
690	4382	2189	2193
691	4253	2089	2164
692	4413	2251	2162
693	4553	2386	2167
694	4292	2103	2189
695	4214	2007	2207
696	4422	2159	2263
697	4423	2215	2208
698	4329	2130	2199
699	4304	2041	2263
700	4785	2502	2283
701	4751	2479	2272
702	4395	2170	2225
703	4285	2041	2244
704	4671	2369	2302
705	4703	2435	2268
706	4542	2281	2261
707	4310	2064	2246
708	4484	2237	2247
709	4561	2378	2183
710	4290	2112	2178
711	4216	1996	2220
712	4634	2353	2281
713	4792	2488	2304
714	4368	2108	2260
715	4311	2022	2289
716	4593	2301	2292
717	4653	2382	2271
718	4530	2246	2284
719	4397	2076	2321
720	4455	2193	2262
721	4614	2297	2317
722	4655	2288	2367
723	4428	2101	2327
724	4573	2248	2325
725	4714	2430	2284
726	4499	2209	2290
727	4378	2034	2344
728	4554	2197	2357
729	4663	2290	2373
730	4515	2152	2363
731	4385	2002	2383
732	4831	2428	2403
733	4846	2472	2374
734	4643	2216	2427
735	4509	2097	2412
736	4684	2303	2381
737	4814	2366	2448
738	4666	2232	2434
739	4532	2096	2436
740	4957	2402	2555
741	4980	2465	2515
742	4587	2136	2451
743	4483	2003	2480
744	4746	2263	2483
745	4803	2346	2457
746	4662	2237	2425
747	4493	2053	2440
748	4697	2230	2467
749	4770	2330	2440
750	4603	2158	2445
751	4522	2079	2443
752	4668	2301	2367
753	4791	2350	2441
754	4597	2113	2484
755	4394	1929	2465
756	4772	2268	2504
757	5067	2462	2605
758	4837	2261	2576
759	4595	2077	2518
760	4791	2230	2561
761	4926	2365	2561
762	4708	2155	2553
763	4650	2057	2593
764	4866	2251	2615
765	4943	2310	2633
766	4738	2110	2628
767	4712	2012	2700
768	5043	2357	2686
769	5184	2476	2708
770	4879	2157	2722
771	4795	2061	2734
772	4935	2235	2700
773	5096	2364	2732
774	4917	2176	2741
775	4740	2017	2723
776	5390	2673	2717
777	5396	2648	2748
778	4931	2183	2748
779	4829	2088	2741
780	5101	2334	2767
781	5325	2479	2846
782	5114	2263	2851
783	4877	2054	2823
784	4994	2209	2785
785	5060	2264	2796
786	5006	2237	2769
787	4945	2095	2850
788	5147	2268	2879
789	5237	2311	2926
790	5021	2060	2961
791	4880	1961	2919
792	5235	2306	2929
793	5511	2531	2980
794	5192	2215	2977
795	4955	1987	2968
796	5204	2278	2926
797	5281	2364	2917
798	5054	2086	2968
799	5159	2136	3023
800	5359	2349	3010
801	5270	2380	2890
802	5119	2158	2961
803	5050	2017	3033
804	5336	2271	3065
805	5459	2389	3070
806	5199	2143	3056
807	5032	2025	3007
808	5421	2376	3045
809	5603	2443	3160
810	5416	2247	3169
811	5413	2228	3185
812	5554	2383	3171
813	5585	2444	3141
814	5435	2350	3085
815	5227	2158	3069
816	5583	2439	3144
817	5603	2442	3161
818	5323	2182	3141
819	5305	2140	3165
820	5533	2294	3239
821	5570	2343	3227
822	5665	2424	3241
823	5565	2264	3301
824	5593	2291	3302
825	5575	2317	3258
826	5360	2179	3181
827	5381	2162	3219
828	5564	2371	3193
829	5754	2492	3262
830	5485	2187	3298
831	5397	2055	3342
832	5624	2231	3393
833	5605	2336	3269
834	5439	2182	3257
835	5401	2062	3339
836	5719	2396	3323
837	5818	2479	3339
838	5520	2170	3350
839	5365	2047	3318
840	5643	2303	3340
841	5756	2346	3410
842	5547	2140	3407
843	5413	1993	3420
844	5770	2269	3501
845	6064	2529	3535
846	5753	2288	3465
847	5635	2114	3521
848	5878	2279	3599
849	5919	2333	3586
850	5843	2247	3596
851	5819	2189	3630
852	5839	2294	3545
853	5977	2402	3575
854	5850	2237	3613
855	5716	2063	3653
856	5977	2313	3664
857	6017	2366	3651
858	5844	2193	3651
859	5655	2015	3640
860	5857	2241	3616
861	6027	2361	3666
862	5849	2174	3675
863	5666	2015	3651
864	5795	2192	3603
865	5990	2400	3590
866	5923	2254	3669
867	5792	2048	3744
868	6025	2213	3812
869	6337	2423	3914
870	6081	2277	3804
871	5850	2055	3795
872	6024	2203	3821
873	6112	2304	3808
874	5930	2158	3772
875	5890	2098	3792
876	6054	2276	3778
877	6147	2378	3769
878	5954	2197	3757
879	5841	2065	3776
880	6014	2272	3742
881	6203	2375	3828
882	6172	2259	3913
883	5963	2057	3906
884	6149	2274	3875
885	6277	2417	3860
886	6101	2185	3916
887	5940	2050	3890
888	6110	2152	3958
889	6260	2246	4014
890	6426	2316	4110
891	6272	2163	4109
892	6347	2285	4062
893	6520	2383	4137
894	6369	2217	4152
895	6188	2105	4083
896	6410	2267	4143
897	6530	2295	4235
898	6520	2244	4276
899	6227	2086	4141
900	6392	2261	4131
901	6533	2308	4225
902	6406	2185	4221
903	6339	2126	4213
904	6722	2394	4328
905	6725	2359	4366
906	6483	2196	4287
907	6303	2045	4258
908	6614	2319	4295
909	6706	2477	4229
910	6452	2189	4263
911	6285	1983	4302
912	6412	2174	4238
913	6657	2309	4348
914	6523	2166	4357
915	6316	2006	4310
916	6577	2232	4345
917	6812	2399	4413
918	6641	2176	4465
919	6482	2078	4404
920	6607	2253	4354
921	6710	2339	4371
922	6519	2146	4373
923	6443	1959	4484
924	6597	2106	4491
925	6754	2306	4448
926	6529	2138	4391
927	6472	2014	4458
928	6735	2251	4484
929	6953	2423	4530
930	6693	2203	4490
931	6500	2053	4447
932	6747	2252	4495
933	6968	2448	4520
934	6724	2220	4504
935	6552	1982	4570
936	6715	2177	4538
937	6819	2313	4506
938	6599	2104	4495
939	7008	2395	4613
940	7048	2479	4569
941	7214	2596	4618
942	6815	2206	4609
943	6532	1908	4624
944	6897	2213	4684
945	7067	2408	4659
946	6770	2194	4576
947	6769	2101	4668
948	6901	2264	4637
949	7012	2379	4633
950	7041	2338	4703
951	6866	2207	4659
952	6908	2303	4605
953	6980	2359	4621
954	6870	2210	4660
955	6866	2140	4726
956	6976	2335	4641
957	7321	2619	4702
958	6901	2238	4663
959	6825	2082	4743
960	7059	2326	4733
961	7156	2406	4750
962	7086	2281	4805
963	7108	2307	4801
964	7488	2615	4873
965	7222	2444	4778
966	6792	2087	4705
967	6713	2036	4677
968	7162	2373	4789
969	7151	2373	4778
970	6879	2167	4712
971	6804	2085	4719
972	6868	2162	4706
973	7055	2327	4728
974	7057	2229	4828
975	6876	2064	4812
976	7111	2278	4833
977	7221	2298	4923
978	7065	2115	4950
979	7004	2122	4882
980	7166	2330	4836
981	7345	2385	4960
982	7051	2166	4885
983	7039	2082	4957
984	7271	2324	4947
985	7243	2351	4892
986	7132	2240	4892
987	7036	2102	4934
988	7182	2282	4900
989	7173	2368	4805
990	7008	2125	4883
991	6929	2029	4900
992	7284	2332	4952
993	7416	2435	4981
994	7088	2174	4914
995	6876	2026	4850
996	7220	2292	4928
997	7256	2364	4892
998	6878	2148	4730
999	6959	2148	4811
1000	7175	2266	4909
1001	7249	2289	4960
1002	7096	2129	4967
1003	6893	2008	4885
1004	7238	2309	4929
1005	7411	2390	5021
1006	7061	2123	4938
1007	6814	2027	4787
1008	7021	2274	4747
1009	7212	2405	4807
1010	7417	2462	4955
1011	7174	2244	4930
1012	7035	2226	4809
1013	7411	2543	4868
1014	7185	2250	4935
1015	6956	2041	4915
1016	7140	2255	4885
1017	7313	2340	4973
1018	7295	2206	5089
1019	7046	2031	5015
1020	7190	2273	4917
1021	7389	2397	4992
1022	7334	2303	5031
1023	7331	2200	5131
1024	7402	2305	5097
1025	7380	2331	5049
1026	7107	2126	4981
1027	6989	2052	4937
1028	7341	2383	4958
1029	7377	2395	4982
1030	7322	2251	5071
1031	7214	2148	5066
1032	7248	2265	4983
1033	7331	2331	5000
1034	7269	2236	5033
1035	7179	2107	5072
1036	7218	2216	5002
1037	7499	2421	5078
1038	7457	2357	5100
1039	7343	2218	5125
1040	7394	2339	5055
1041	7466	2440	5026
1042	7249	2241	5008
1043	6971	2065	4906
1044	7054	2094	4960
1045	7491	2420	5071
1046	7333	2280	5053
1047	7076	2060	5016
1048	7353	2320	5033
1049	7536	2457	5079
1050	7319	2253	5066
1051	7166	2133	5033
1052	7471	2474	4997
1053	7437	2467	4970
1054	7760	2739	5021
1055	7337	2347	4990
1056	7206	2236	4970
1057	7397	2416	4981
1058	7144	2248	4896
1059	6941	2045	4896
1060	7224	2287	4937
1061	7282	2397	4885
1062	6930	2158	4772
1063	6904	2132	4772
1064	7083	2267	4816
1065	7111	2370	4741
1066	6861	2211	4650
1067	6838	2044	4794
1068	7305	2345	4960
1069	7225	2386	4839
1070	7103	2248	4855
1071	6988	2140	4848
1072	7200	2192	5008
1073	7504	2384	5120
1074	7353	2263	5090
1075	7007	2022	4985
1076	7307	2334	4973
1077	7394	2415	4979
1078	7203	2186	5017
1079	7185	2158	5027
1080	7477	2417	5060
1081	7473	2383	5090
1082	7375	2225	5150
1083	7102	2064	5038
1084	7278	2238	5040
1085	7304	2251	5053
1086	7232	2166	5066
1087	7017	2074	4943
1088	7225	2271	4954
1089	7331	2372	4959
1090	7218	2176	5042
1091	7297	2166	5131
1092	7480	2376	5104
1093	7518	2412	5106
1094	7255	2178	5077
1095	7054	2024	5030
1096	7158	2213	4945
1097	7337	2393	4944
1098	7232	2238	4994
1099	6837	2034	4803
1100	6945	2121	4824
1101	7321	2381	4940
1102	7154	2219	4935
1103	7077	2093	4984
1104	7264	2275	4989
1105	7122	2306	4816
1106	6981	2126	4855
1107	7009	2045	4964
1108	7194	2218	4976
1109	7234	2274	4960
1110	7089	2117	4972
1111	7306	2210	5096
1112	7447	2375	5072
1113	7466	2419	5047
1114	7129	2188	4941
1115	6925	2008	4917
1116	6994	2148	4846
1117	7162	2279	4883
1118	7242	2255	4987
1119	7233	2114	5119
1120	7364	2211	5153
1121	7344	2272	5072
1122	7327	2241	5086
1123	7388	2161	5227
1124	7703	2421	5282
1125	7585	2422	5163
1126	7152	2134	5018
1127	7126	2017	5109
1128	7411	2213	5198
1129	7454	2265	5189
1130	7241	2083	5158
1131	7265	2030	5235
1132	7422	2202	5220
1133	7582	2350	5232
1134	7339	2147	5192
1135	7207	2014	5193
1136	7583	2348	5235
1137	7685	2436	5249
1138	7377	2194	5183
1139	7269	2072	5197
1140	7454	2286	5168
1141	7522	2313	5209
1142	7458	2208	5250
1143	7552	2236	5316
1144	7649	2341	5308
1145	7617	2322	5295
1146	7478	2219	5259
1147	7345	2066	5279
1148	7499	2198	5301
1149	7604	2295	5309
1150	7412	2112	5300
1151	7704	2229	5475
1152	7700	2258	5442
1153	7776	2297	5479
1154	7625	2198	5427
1155	7466	2114	5352
1156	7658	2273	5385
1157	8004	2557	5447
1158	7652	2252	5400
1159	7409	2035	5374
1160	7773	2354	5419
1161	7793	2420	5373
1162	7619	2175	5444
1163	7639	2094	5545
1164	7711	2237	5474
1165	7820	2392	5428
1166	7680	2229	5451
1167	7632	2091	5541
1168	8008	2368	5640
1169	7986	2397	5589
1170	7638	2122	5516
1171	7856	2291	5565
1172	8120	2526	5594
1173	8034	2493	5541
1174	7699	2218	5481
1175	7543	2044	5499
1176	7811	2264	5547
1177	7879	2330	5549
1178	7728	2166	5562
1179	7673	1969	5704
1180	7776	2129	5647
1181	7919	2350	5569
1182	7900	2175	5725
1183	7734	2031	5703
1184	7918	2261	5657
1185	7967	2301	5666
1186	7841	2165	5676
1187	7661	2025	5636
1188	7830	2117	5713
1189	8112	2300	5812
1190	8025	2216	5809
1191	7839	2052	5787
1192	8102	2265	5837
1193	8228	2345	5883
1194	7915	2102	5813
1195	7814	1992	5822
1196	8060	2174	5886
1197	8241	2347	5894
1198	8080	2164	5916
1199	8017	2134	5883
1200	8337	2452	5885
1201	8489	2518	5971
1202	8101	2153	5948
1203	8013	2086	5927
1204	8278	2336	5942
1205	8514	2526	5988
1206	8223	2241	5982
1207	8078	2053	6025
1208	8145	2160	5985
1209	8260	2290	5970
1210	8187	2208	5979
1211	8123	2122	6001
1212	8254	2253	6001
1213	8285	2360	5925
1214	8097	2188	5909
1215	8040	2069	5971
1216	8194	2219	5975
1217	8360	2355	6005
1218	8247	2218	6029
1219	8150	2091	6059
1220	8465	2283	6182
1221	8482	2369	6113
1222	8256	2212	6044
1223	8119	2069	6050
1224	8398	2226	6172
1225	8497	2297	6200
1226	8255	2102	6153
1227	8094	1948	6146
1228	8637	2346	6291
1229	8784	2439	6345
1230	8464	2197	6267
1231	8262	2083	6179
1232	8596	2292	6304
1233	8629	2317	6312
1234	8484	2155	6329
1235	8453	2086	6367
1236	8736	2326	6410
1237	8859	2387	6472
1238	8600	2157	6443
1239	8379	1943	6436
1240	8793	2227	6566
1241	9068	2458	6610
1242	8772	2173	6599
1243	8596	2019	6577
1244	8868	2252	6616
1245	9005	2406	6599
1246	8777	2162	6615
1247	8721	2099	6622
1248	8872	2310	6562
1249	8930	2346	6584
1250	8820	2137	6683
1251	8786	2105	6681
1252	8876	2246	6630
1253	8906	2259	6647
1254	8825	2157	6668
1255	8761	2107	6654
1256	9058	2345	6713
1257	9087	2346	6741
1258	8831	2107	6724
1259	8740	2002	6738
1260	9016	2209	6807
1261	9113	2279	6834
1262	9140	2356	6784
1263	8957	2140	6817
1264	9228	2270	6958
1265	9351	2306	7045
1266	9106	2172	6934
1267	8920	2077	6843
1268	9102	2265	6837
1269	9244	2360	6884
1270	9022	2090	6932
1271	9057	2018	7039
1272	10001	2800	7201
1273	9766	2613	7153
1274	9342	2199	7143
1275	9190	2020	7170
1276	9265	2170	7095
1277	9514	2318	7196
1278	9300	2147	7153
1279	9190	2074	7116
1280	9570	2336	7234
1281	9574	2322	7252
1282	9596	2231	7365
1283	9432	2074	7358
1284	9578	2231	7347
1285	9679	2338	7341
1286	9474	2148	7326
1287	9481	2081	7400
1288	9655	2294	7361
1289	9628	2413	7215
1290	9486	2223	7263
1291	9485	2090	7395
1292	9879	2336	7543
1293	9865	2376	7489
1294	9574	2080	7494
1295	9435	1955	7480
1296	10243	2609	7634
1297	10319	2672	7647
1298	9815	2230	7585
1299	9709	2150	7559
1300	9938	2297	7641
1301	10201	2380	7821
1302	10076	2168	7908
1303	9854	2037	7817
1304	9999	2322	7677
1305	10184	2461	7723
1306	10124	2209	7915
1307	10076	2127	7949
1308	10257	2318	7939
1309	10482	2473	8009
1310	10150	2231	7919
1311	10048	2073	7975
1312	10368	2328	8040
1313	10330	2314	8016
1314	10371	2227	8144
1315	10353	2166	8187
1316	10528	2337	8191
1317	10583	2354	8229
1318	10370	2142	8228
1319	10192	2012	8180
1320	10527	2251	8276
1321	10819	2486	8333
1322	10455	2199	8256
1323	10169	1991	8178
1324	10538	2188	8350
1325	10607	2234	8373
1326	10503	2101	8402
1327	10420	1996	8424
1328	10776	2259	8517
1329	10980	2421	8559
1330	10805	2224	8581
1331	10514	2001	8513
1332	10659	2165	8494
1333	10852	2371	8481
1334	10797	2163	8634
1335	10596	2014	8582
1336	10846	2263	8583
1337	10929	2353	8576
1338	10780	2162	8618
1339	10707	2013	8694
1340	10996	2250	8746
1341	11161	2383	8778
1342	10882	2153	8729
1343	10745	2021	8724
1344	10914	2208	8706
1345	11064	2338	8726
1346	11212	2301	8911
1347	11062	2147	8915
1348	11182	2204	8978
1349	11116	2270	8846
1350	10884	2116	8768
1351	10841	1973	8868
1352	11323	2397	8926
1353	11297	2408	8889
1354	11088	2075	9013
1355	11128	2037	9091
1356	11324	2233	9091
1357	11296	2295	9001
1358	11311	2268	9043
1359	11404	2216	9188
1360	11406	2270	9136
1361	11490	2333	9157
1362	11278	2169	9109
1363	11118	2027	9091
1364	11561	2304	9257
1365	11651	2417	9234
1366	11449	2244	9205
1367	11348	2075	9273
1368	11517	2308	9209
1369	11656	2392	9264
1370	11589	2208	9381
1371	11363	2066	9297
1372	11448	2287	9161
1373	11713	2466	9247
1374	11572	2257	9315
1375	11415	2075	9340
1376	11556	2257	9299
1377	11637	2282	9355
1378	11566	2197	9369
1379	11466	2113	9353
1380	11585	2228	9357
1381	11611	2299	9312
1382	11425	2154	9271
1383	11282	2024	9258
1384	11470	2215	9255
1385	11727	2341	9386
1386	11532	2127	9405
1387	11451	2015	9436
1388	11958	2460	9498
1389	11981	2541	9440
1390	11697	2249	9448
1391	11616	2153	9463
1392	11810	2308	9502
1393	11825	2376	9449
1394	11476	2120	9356
1395	11292	1952	9340
1396	11638	2215	9423
1397	11886	2396	9490
1398	11769	2165	9604
1399	11832	2139	9693
1400	11963	2307	9656
1401	11956	2360	9596
1402	11634	2148	9486
1403	11814	2110	9704
1404	11993	2250	9743
1405	12010	2318	9692
1406	11816	2107	9709
1407	11783	2024	9759
1408	11870	2128	9742
1409	12107	2305	9802
1410	12003	2198	9805
1411	11780	2039	9741
1412	11996	2176	9820
1413	12132	2341	9791
1414	12025	2225	9800
1415	12065	2150	9915
1416	12215	2295	9920
1417	12315	2349	9966
1418	12349	2293	10056
1419	12188	2164	10024
1420	12260	2233	10027
1421	12446	2367	10079
1422	12188	2148	10040
1423	12074	2065	10009
1424	12390	2403	9987
1425	12554	2454	10100
1426	12258	2129	10129
1427	12096	1983	10113
1428	12456	2319	10137
1429	12544	2344	10200
1430	12277	2108	10169
1431	12155	2034	10121
1432	12388	2249	10139
1433	12587	2392	10195
1434	12429	2180	10249
1435	12320	2084	10236
1436	12703	2443	10260
1437	12682	2512	10170
1438	12319	2223	10096
1439	12251	2140	10111
1440	12699	2446	10253
1441	12664	2397	10267
1442	12288	2109	10179
1443	12078	2021	10057
1444	12543	2329	10214
1445	12656	2358	10298
1446	12239	2080	10159
1447	12083	1978	10105
1448	12378	2217	10161
1449	12387	2286	10101
1450	12367	2206	10161
1451	12178	2063	10115
1452	12345	2201	10144
1453	12335	2214	10121
1454	12082	2004	10078
1455	12160	1985	10175
1456	12414	2296	10118
1457	12343	2331	10012
1458	12084	2121	9963
1459	11837	1959	9878
1460	12156	2261	9895
1461	12286	2397	9889
1462	11980	2118	9862
1463	11993	2110	9883
1464	12144	2232	9912
1465	12095	2280	9815
1466	12063	2298	9765
1467	11869	2135	9734
1468	12117	2327	9790
1469	12374	2436	9938
1470	12103	2195	9908
1471	11913	2025	9888
1472	12094	2253	9841
1473	12112	2302	9810
1474	11995	2161	9834
1475	11839	2042	9797
1476	12170	2298	9872
1477	12327	2417	9910
1478	12034	2154	9880
1479	11890	2062	9828
1480	12038	2214	9824
1481	12131	2285	9846
1482	12028	2200	9828
1483	12049	2154	9895
1484	12132	2336	9796
1485	12346	2445	9901
1486	12289	2338	9951
1487	11980	2159	9821
1488	12059	2245	9814
1489	12144	2284	9860
1490	11988	2101	9887
1491	12237	2242	9995
1492	12310	2353	9957
1493	12293	2291	10002
1494	12035	2064	9971
1495	11833	2018	9815
1496	12171	2318	9853
1497	12129	2305	9824
1498	11909	2103	9806
1499	11830	1994	9836
1500	12166	2222	9944
1501	12235	2355	9880
1502	11923	2151	9772
1503	11873	2062	9811
1504	12049	2304	9745
1505	12283	2456	9827
1506	11928	2200	9728
1507	11678	2012	9666
1508	11769	2105	9664
1509	12136	2439	9697
1510	11881	2179	9702
1511	11724	1972	9752
1512	11932	2251	9681
1513	12049	2405	9644
1514	11964	2301	9663
1515	11656	2114	9542
1516	11839	2322	9517
1517	11988	2394	9594
1518	11850	2252	9598
1519	11639	2053	9586
1520	11861	2274	9587
1521	12121	2465	9656
1522	11852	2315	9537
1523	11428	2068	9360
1524	11510	2134	9376
1525	11828	2270	9558
1526	11778	2206	9572
1527	11580	2044	9536
1528	11629	2166	9463
1529	11593	2247	9346
1530	11509	2107	9402
1531	11552	2136	9416
1532	11683	2296	9387
1533	11653	2306	9347
1534	11588	2175	9413
1535	11563	2154	9409
1536	11547	2210	9337
1537	11669	2299	9370
1538	11747	2300	9447
1539	11551	2184	9367
1540	11700	2368	9332
1541	11721	2379	9342
1542	11575	2361	9214
1543	11577	2322	9255
1544	11621	2292	9329
1545	11538	2247	9291
1546	11267	2061	9206
1547	11316	2033	9283
1548	11430	2243	9187
1549	11565	2313	9252
1550	11341	2150	9191
1551	11089	1977	9112
1552	11479	2319	9160
1553	11520	2463	9057
1554	11127	2154	8973
1555	11016	2036	8980
1556	11279	2200	9079
1557	11513	2400	9113
1558	11151	2116	9035
1559	10951	2015	8936
1560	11050	2189	8861
1561	11368	2367	9001
1562	11284	2203	9081
1563	11167	2081	9086
1564	11226	2246	8980
1565	11284	2315	8969
1566	11147	2139	9008
1567	10988	2042	8946
1568	11499	2508	8991
1569	11468	2518	8950
1570	10987	2146	8841
1571	10892	2057	8835
1572	12041	3058	8983
1573	11683	2799	8884
1574	10927	2133	8794
1575	10855	2062	8793
1576	11289	2509	8780
1577	11156	2439	8717
1578	10825	2207	8618
1579	10884	2216	8668
1580	10933	2302	8631
1581	10931	2346	8585
1582	10717	2127	8590
1583	10666	2033	8633
1584	10765	2122	8643
1585	10758	2239	8519
1586	10668	2171	8497
1587	10581	2067	8514
1588	10771	2220	8551
1589	10831	2381	8450
1590	10527	2170	8357
1591	10265	1989	8276
1592	10547	2234	8313
1593	10582	2261	8321
1594	10433	2120	8313
1595	10562	2194	8368
1596	11099	2696	8403
1597	10795	2516	8279
1598	10417	2152	8265
1599	10364	2026	8338
1600	10624	2244	8380
1601	10567	2249	8318
1602	10383	2207	8176
1603	10387	2145	8242
1604	10631	2260	8371
1605	10541	2272	8269
1606	10433	2125	8308
1607	10464	2095	8369
1608	10538	2274	8264
1609	10476	2256	8220
1610	10334	2083	8251
1611	10322	2013	8309
1612	10651	2271	8380
1613	10603	2307	8296
1614	10490	2220	8270
1615	10349	2033	8316
1616	10598	2270	8328
1617	10733	2351	8382
1618	10689	2306	8383
1619	10498	2183	8315
1620	10719	2339	8380
1621	10746	2390	8356
1622	10282	2134	8148
1623	10256	2042	8214
1624	10814	2442	8372
1625	10726	2469	8257
1626	10344	2191	8153
1627	10269	2054	8215
1628	10855	2492	8363
1629	10958	2581	8377
1630	10539	2218	8321
1631	10201	1995	8206
1632	10469	2306	8163
1633	10486	2322	8164
1634	10307	2166	8141
1635	10275	2055	8220
1636	10408	2212	8196
1637	10399	2242	8157
1638	10205	2081	8124
1639	10189	2059	8130
1640	10665	2437	8228
1641	10638	2474	8164
1642	10376	2254	8122
1643	10136	2024	8112
1644	10265	2165	8100
1645	10295	2255	8040
1646	10257	2163	8094
1647	10047	2027	8020
1648	10236	2276	7960
1649	10399	2355	8044
1650	10178	2121	8057
1651	10065	2017	8048
1652	10338	2259	8079
1653	10346	2327	8019
1654	10052	2061	7991
1655	10052	2007	8045
1656	10105	2175	7930
1657	10129	2188	7941
1658	10060	2117	7943
1659	9863	2056	7807
1660	10224	2347	7877
1661	10557	2551	8006
1662	10252	2251	8001
1663	9995	2063	7932
1664	10148	2282	7866
1665	10222	2343	7879
1666	10113	2205	7908
1667	10133	2147	7986
1668	10276	2264	8012
1669	10218	2311	7907
1670	10058	2189	7869
1671	10066	2143	7923
1672	10218	2273	7945
1673	10306	2308	7998
1674	10119	2139	7980
1675	9959	1986	7973
1676	10170	2191	7979
1677	10274	2302	7972
1678	10175	2173	8002
1679	9976	2052	7924
1680	10256	2358	7898
1681	10387	2458	7929
1682	10177	2202	7975
1683	9896	2014	7882
1684	10322	2324	7998
1685	10385	2361	8024
1686	10023	2076	7947
1687	10103	2102	8001
1688	10239	2248	7991
1689	10235	2261	7974
1690	10182	2155	8027
1691	10098	2074	8024
1692	10333	2336	7997
1693	10336	2333	8003
1694	10020	2066	7954
1695	9986	2042	7944
1696	10246	2237	8009
1697	10276	2314	7962
1698	10107	2162	7945
1699	10102	2089	8013
1700	10355	2376	7979
1701	10420	2466	7954
1702	10113	2141	7972
1703	9994	2063	7931
1704	10176	2210	7966
1705	10225	2312	7913
1706	10037	2129	7908
1707	9982	2072	7910
1708	10307	2344	7963
1709	10530	2505	8025
1710	10385	2361	8024
1711	10180	2130	8050
1712	10351	2292	8059
1713	10360	2412	7948
1714	10211	2185	8026
1715	10012	1974	8038
1716	10197	2193	8004
1717	10411	2306	8105
1718	10233	2158	8075
1719	10140	2093	8047
1720	10359	2338	8021
1721	10420	2343	8077
1722	10216	2160	8056
1723	10064	2043	8021
1724	10366	2302	8064
1725	10573	2405	8168
1726	10325	2173	8152
1727	10233	2048	8185
1728	10301	2082	8219
1729	10537	2320	8217
1730	10350	2142	8208
1731	10274	2064	8210
1732	10377	2251	8126
1733	10422	2257	8165
1734	10219	2084	8135
1735	9996	1949	8047
1736	10254	2124	8130
1737	10600	2349	8251
1738	10434	2275	8159
1739	10267	2099	8168
1740	10477	2237	8240
1741	10513	2307	8206
1742	10346	2191	8155
1743	10328	2101	8227
1744	10491	2223	8268
1745	10495	2265	8230
1746	10419	2116	8303
1747	10421	2092	8329
1748	10605	2240	8365
1749	10581	2309	8272
1750	10394	2116	8278
1751	10257	1960	8297
1752	10532	2179	8353
1753	10710	2349	8361
1754	10494	2187	8307
1755	10295	2007	8288
1756	10558	2250	8308
1757	10693	2339	8354
1758	10474	2144	8330
1759	10304	1993	8311
1760	10521	2183	8338
1761	10625	2227	8398
1762	10513	2138	8375
1763	10361	2017	8344
1764	10692	2287	8405
1765	10804	2379	8425
1766	10505	2114	8391
1767	10379	2032	8347
1768	10521	2155	8366
1769	10681	2246	8435
1770	10560	2155	8405
1771	10612	2132	8480
1772	10786	2307	8479
1773	10874	2430	8444
1774	10726	2337	8389
1775	10522	2098	8424
1776	10656	2229	8427
1777	10673	2289	8384
1778	10525	2060	8465
1779	10400	1953	8447
1780	10596	2130	8466
1781	10742	2246	8496
1782	10825	2244	8581
1783	10676	2097	8579
1784	10720	2126	8594
1785	10941	2362	8579
1786	10790	2249	8541
1787	10557	1998	8559
1788	10817	2225	8592
1789	10890	2359	8531
1790	10760	2239	8521
1791	10662	2057	8605
1792	10863	2142	8721
1793	11080	2371	8709
1794	10812	2126	8686
1795	10616	1983	8633
1796	10874	2252	8622
1797	11065	2338	8727
1798	11027	2241	8786
1799	10884	2159	8725
1800	11069	2333	8736
1801	10971	2324	8647
1802	10637	2066	8571
1803	10628	2004	8624
1804	10849	2185	8664
1805	11312	2514	8798
1806	10979	2213	8766
1807	10666	1967	8699
1808	10934	2214	8720
1809	10937	2188	8749
1810	10961	2083	8878
1811	10902	2017	8885
1812	10942	2118	8824
1813	11231	2394	8837
1814	11224	2299	8925
1815	11092	2067	9025
1816	11305	2351	8954
1817	11242	2450	8792
1818	11035	2248	8787
1819	10919	2030	8889
1820	10896	2136	8760
1821	11047	2241	8806
1822	11078	2161	8917
1823	10788	1999	8789
1824	11039	2215	8824
1825	11313	2336	8977
1826	11039	2106	8933
1827	11070	2105	8965
1828	11547	2520	9027
1829	11362	2415	8947
1830	11166	2194	8972
1831	11008	2031	8977
1832	11210	2285	8925
1833	11225	2342	8883
1834	11020	2104	8916
1835	10967	1971	8996
1836	11073	2166	8907
1837	11132	2306	8826
1838	11255	2292	8963
1839	11027	2106	8921
1840	11149	2180	8969
1841	11163	2233	8930
1842	10913	2075	8838
1843	10864	1997	8867
1844	11052	2168	8884
1845	11224	2315	8909
1846	10950	2072	8878
1847	10796	1994	8802
1848	10852	2159	8693
1849	10992	2239	8753
1850	10883	2124	8759
1851	10748	2017	8731
1852	10870	2133	8737
1853	10983	2247	8736
1854	10966	2161	8805
1855	10793	2009	8784
1856	11001	2234	8767
1857	11167	2360	8807
1858	10861	2160	8701
1859	10631	2014	8617
1860	10857	2169	8688
1861	10936	2300	8636
1862	10650	2119	8531
1863	10466	1957	8509
1864	10720	2235	8485
1865	11137	2521	8616
1866	10758	2160	8598
1867	10448	1921	8527
1868	10688	2210	8478
1869	10779	2370	8409
1870	10530	2051	8479
1871	10434	1934	8500
1872	10745	2306	8439
1873	10678	2293	8385
1874	10303	1940	8363
1875	10209	1820	8389
1876	10650	2341	8309
1877	10579	2409	8170
1878	10192	2036	8156
1879	10094	1889	8205
1880	10673	2314	8359
1881	10774	2423	8351
1882	10280	2063	8217
1883	10101	1917	8184
1884	10401	2234	8167
1885	10395	2308	8087
1886	10027	1990	8037
1887	9928	1856	8072
1888	10270	2292	7978
1889	10468	2438	8030
1890	10175	2153	8022
1891	9945	1949	7996
1892	10163	2254	7909
1893	10219	2284	7935
1894	9923	2041	7882
1895	9791	1898	7893
1896	10184	2217	7967
1897	10324	2354	7970
1898	9958	2105	7853
1899	9713	1922	7791
1900	10023	2168	7855
1901	10109	2272	7837
1902	9857	2062	7795
1903	9639	1883	7756
1904	9789	2078	7711
1905	9883	2216	7667
1906	9699	2002	7697
1907	9610	1924	7686
1908	9944	2209	7735
1909	10110	2355	7755
1910	9822	2070	7752
1911	9590	1910	7680
1912	9763	2144	7619
1913	9954	2329	7625
1914	9869	2219	7650
1915	9805	2177	7628
1916	9924	2364	7560
1917	9890	2383	7507
1918	9624	2140	7484
1919	9333	1946	7387
1920	9647	2230	7417
1921	9677	2346	7331
1922	9298	2022	7276
1923	9284	1962	7322
1924	9627	2286	7341
1925	9550	2267	7283
1926	9256	1998	7258
1927	9211	1989	7222
1928	9580	2267	7313
1929	9714	2443	7271
1930	9267	2060	7207
1931	9053	1881	7172
1932	9329	2208	7121
1933	9300	2278	7022
1934	8971	2023	6948
1935	8928	1941	6987
1936	9146	2163	6983
1937	9507	2470	7037
1938	9165	2185	6980
1939	8647	1865	6782
1940	8996	2144	6852
1941	9178	2326	6852
1942	8871	2121	6750
1943	8600	1897	6703
1944	8893	2131	6762
1945	9125	2303	6822
1946	8713	2059	6654
1947	8548	1905	6643
1948	8856	2223	6633
1949	8918	2332	6586
1950	8663	2076	6587
1951	8514	1941	6573
1952	8876	2238	6638
1953	8869	2319	6550
1954	8614	2132	6482
1955	8326	1926	6400
1956	8582	2125	6457
1957	8775	2281	6494
1958	8413	2030	6383
1959	8409	2026	6383
1960	8619	2272	6347
1961	8584	2278	6306
1962	8314	2014	6300
1963	8182	1875	6307
1964	8379	2089	6290
1965	8567	2305	6262
1966	8283	2100	6183
1967	8173	1978	6195
1968	8459	2269	6190
1969	8524	2363	6161
1970	8229	2064	6165
1971	8007	1856	6151
1972	8127	2005	6122
1973	8360	2309	6051
1974	8072	2056	6016
1975	7853	1861	5992
1976	8084	2069	6015
1977	8387	2330	6057
1978	8237	2213	6024
1979	8057	2045	6012
1980	8374	2303	6071
1981	8290	2376	5914
1982	7998	2127	5871
1983	7844	1952	5892
1984	8023	2213	5810
1985	8399	2500	5899
1986	8115	2212	5903
1987	7676	1866	5810
1988	7913	2095	5818
1989	8246	2406	5840
1990	7770	2098	5672
1991	7653	1955	5698
1992	8090	2269	5821
1993	8228	2412	5816
1994	7863	2043	5820
1995	7651	1881	5770
1996	7821	2150	5671
1997	7882	2279	5603
1998	7536	1977	5559
1999	7620	1911	5709
2000	7908	2193	5715
2001	7892	2283	5609
2002	7560	1962	5598
2003	7656	1961	5695
2004	7899	2300	5599
2005	7961	2404	5557
2006	7576	2103	5473
2007	7380	1933	5447
2008	7871	2336	5535
2009	7919	2403	5516
2010	7869	2368	5501
2011	7648	2161	5487
2012	7747	2238	5509
2013	8001	2391	5610
2014	7673	2108	5565
2015	7348	1880	5468
2016	7639	2193	5446
2017	7752	2320	5432
2018	7321	2032	5289
2019	7152	1874	5278
2020	7586	2167	5419
2021	7812	2362	5450
2022	7370	2027	5343
2023	7317	1923	5394
2024	7684	2276	5408
2025	7613	2321	5292
2026	7439	2122	5317
2027	7357	2044	5313
2028	7466	2211	5255
2029	7536	2242	5294
2030	7444	2010	5434
2031	7346	1919	5427
2032	7593	2244	5349
2033	7620	2336	5284
2034	7679	2292	5387
2035	7359	2033	5326
2036	7381	2184	5197
2037	7684	2442	5242
2038	7396	2103	5293
2039	7245	1936	5309
2040	7388	2190	5198
2041	7510	2283	5227
2042	7340	2079	5261
2043	7092	1904	5188
2044	7373	2227	5146
2045	7752	2491	5261
2046	7405	2148	5257
2047	7081	1878	5203
2048	7434	2172	5262
2049	7601	2325	5276
2050	7261	2010	5251
2051	7159	1887	5272
2052	7570	2273	5297
2053	7706	2439	5267
2054	7293	2099	5194
2055	7116	1948	5168
2056	7497	2271	5226
2057	7493	2255	5238
2058	7067	1942	5125
2059	7001	1876	5125
2060	7342	2168	5174
2061	7480	2345	5135
2062	7206	2074	5132
2063	7359	2072	5287
2064	7617	2349	5268
2065	7548	2313	5235
2066	7230	1982	5248
2067	7070	1870	5200
2068	7506	2300	5206
2069	7703	2453	5250
2070	7270	2076	5194
2071	7113	1924	5189
2072	7326	2185	5141
2073	7625	2486	5139
2074	7415	2196	5219
2075	7024	1857	5167
2076	7315	2133	5182
2077	7501	2317	5184
2078	7450	2285	5165
2079	7120	2023	5097
2080	7234	2121	5113
2081	7392	2182	5210
2082	7216	2007	5209
2083	7095	1883	5212
2084	7522	2307	5215
2085	7437	2324	5113
2086	7060	1988	5072
2087	6979	1803	5176
2088	7211	2074	5137
2089	7368	2210	5158
2090	7162	1967	5195
2091	7071	1863	5208
2092	7429	2158	5271
2093	7521	2281	5240
2094	7269	2062	5207
2095	7027	1860	5167
2096	7263	2125	5138
2097	7411	2263	5148
2098	7342	2111	5231
2099	7514	2154	5360
2100	7720	2297	5423
2101	7609	2316	5293
2102	7245	2016	5229
2103	7109	1831	5278
2104	7400	2057	5343
2105	7562	2229	5333
2106	7308	1973	5335
2107	7207	1858	5349
2108	7619	2262	5357
2109	7678	2344	5334
2110	7486	2120	5366
2111	7333	1914	5419
2112	7525	2151	5374
2113	7794	2404	5390
2114	7577	2152	5425
2115	7321	1922	5399
2116	7588	2135	5453
2117	7801	2320	5481
2118	7488	2067	5421
2119	7467	1984	5483
2120	7649	2191	5458
2121	7856	2333	5523
2122	7726	2131	5595
2123	7456	1937	5519
2124	7625	2165	5460
2125	7898	2401	5497
2126	7578	2083	5495
2127	7342	1840	5502
2128	7627	2177	5450
2129	7780	2336	5444
2130	7638	2061	5577
2131	7385	1871	5514
2132	7672	2125	5547
2133	7910	2301	5609
2134	7542	2011	5531
2135	7270	1827	5443
2136	7564	2095	5469
2137	7957	2375	5582
2138	7669	2100	5569
2139	7380	1865	5515
2140	7710	2213	5497
2141	7838	2307	5531
2142	7580	2046	5534
2143	7554	1954	5600
2144	7663	2122	5541
2145	7754	2302	5452
2146	7610	2121	5489
2147	7400	1903	5497
2148	7744	2157	5587
2149	7808	2275	5533
2150	7594	2101	5493
2151	7430	1889	5541
2152	7851	2262	5589
2153	8198	2582	5616
2154	7842	2172	5670
2155	7507	1934	5573
2156	7907	2277	5630
2157	7831	2315	5516
2158	7428	1961	5467
2159	7486	1896	5590
2160	7754	2135	5619
2161	7981	2388	5593
2162	7898	2278	5620
2163	7531	1983	5548
2164	7594	2129	5465
2165	7822	2324	5498
2166	7625	2082	5543
2167	7380	1877	5503
2168	7533	2095	5438
2169	7705	2255	5450
2170	7614	2172	5442
2171	7348	1900	5448
2172	7550	2094	5456
2173	7707	2288	5419
2174	7425	2034	5391
2175	7237	1988	5249
2176	7451	2218	5233
2177	7568	2255	5313
2178	7599	2194	5405
2179	7510	2096	5414
2180	7600	2243	5357
2181	7676	2322	5354
2182	7441	2066	5375
2183	7210	1872	5338
2184	7535	2199	5336
2185	7812	2479	5333
2186	7410	2172	5238
2187	7297	2019	5278
2188	7449	2180	5269
2189	7500	2259	5241
2190	7201	2017	5184
2191	7168	1973	5195
2192	7417	2247	5170
2193	7435	2363	5072
2194	7147	2049	5098
2195	6988	1853	5135
2196	7239	2105	5134
2197	7507	2366	5141
2198	7145	2103	5042
2199	6985	1910	5075
2200	7472	2352	5120
2201	7396	2363	5033
2202	7159	2119	5040
2203	6925	1937	4988
2204	7024	2047	4977
2205	7235	2231	5004
2206	6974	2028	4946
2207	6968	1952	5016
2208	7062	2173	4889
2209	7104	2279	4825
2210	6878	2047	4831
2211	6890	1988	4902
2212	7070	2158	4912
2213	7225	2297	4928
2214	6888	2087	4801
2215	6505	1854	4651
2216	6738	2106	4632
2217	6954	2286	4668
2218	6702	2021	4681
2219	6566	1845	4721
2220	6754	2073	4681
2221	6973	2265	4708
2222	6720	2041	4679
2223	6480	1815	4665
2224	6800	2129	4671
2225	6821	2227	4594
2226	6788	2137	4651
2227	6538	1987	4551
2228	6648	2181	4467
2229	6724	2288	4436
2230	6441	1993	4448
2231	6239	1843	4396
2232	6733	2290	4443
2233	6919	2489	4430
2234	6523	2146	4377
2235	6330	1974	4356
2236	6468	2140	4328
2237	6600	2331	4269
2238	6428	2164	4264
2239	6329	2033	4296
2240	6404	2177	4227
2241	6453	2214	4239
2242	6370	2104	4266
2243	6069	1913	4156
2244	6225	2131	4094
2245	6422	2298	4124
2246	6138	2049	4089
2247	5909	1869	4040
2248	6402	2328	4074
2249	6425	2352	4073
2250	6163	2183	3980
2251	6023	2014	4009
2252	6309	2273	4036
2253	6361	2322	4039
2254	5974	2003	3971
2255	5905	1957	3948
2256	6161	2203	3958
2257	6216	2326	3890
2258	5895	2056	3839
2259	5804	1939	3865
2260	6136	2217	3919
2261	6153	2282	3871
2262	5959	2112	3847
2263	5806	1956	3850
2264	5873	2122	3751
2265	5940	2239	3701
2266	5747	2025	3722
2267	5633	1907	3726
2268	5833	2130	3703
2269	5872	2163	3709
2270	5634	2008	3626
2271	5864	2088	3776
2272	6082	2289	3793
2273	6037	2324	3713
2274	5785	2052	3733
2275	5509	1863	3646
2276	5757	2196	3561
2277	5912	2344	3568
2278	5704	2141	3563
2279	5458	1945	3513
2280	5713	2133	3580
2281	5946	2350	3596
2282	5648	2148	3500
2283	5411	1967	3444
2284	5904	2361	3543
2285	5941	2399	3542
2286	5400	2009	3391
2287	5170	1865	3305
2288	5605	2182	3423
2289	6206	2705	3501
2290	5776	2385	3391
2291	5323	1926	3397
2292	5800	2311	3489
2293	5942	2474	3468
2294	5458	2092	3366
2295	5202	1877	3325
2296	5559	2222	3337
2297	5820	2462	3358
2298	5453	2113	3340
2299	5222	1972	3250
2300	5383	2097	3286
2301	5568	2240	3328
2302	5296	2019	3277
2303	5143	1851	3292
2304	5380	2164	3216
2305	5461	2288	3173
2306	5118	1971	3147
2307	5003	1854	3149
2308	5239	2103	3136
2309	5417	2301	3116
2310	5118	2049	3069
2311	5063	1941	3122
2312	5296	2138	3158
2313	5429	2274	3155
2314	5160	2023	3137
2315	4934	1892	3042
2316	5163	2160	3003
2317	5342	2285	3057
2318	5132	2070	3062
2319	4933	1893	3040
2320	5143	2087	3056
2321	5258	2206	3052
2322	5125	2093	3032
2323	4997	1949	3048
2324	5182	2176	3006
2325	5175	2232	2943
2326	5065	2077	2988
2327	5082	2057	3025
2328	5394	2328	3066
2329	5389	2370	3019
2330	5114	2113	3001
2331	4893	1909	2984
2332	5279	2228	3051
2333	5394	2350	3044
2334	5104	2116	2988
2335	5089	2037	3052
2336	5321	2279	3042
2337	5358	2342	3016
2338	5040	2024	3016
2339	4902	1920	2982
2340	5109	2185	2924
2341	5276	2292	2984
2342	4975	2042	2933
2343	4794	1861	2933
2344	5056	2093	2963
2345	5130	2174	2956
2346	5158	2141	3017
2347	4870	1919	2951
2348	5145	2106	3039
2349	5375	2356	3019
2350	5000	2088	2912
2351	4742	1863	2879
2352	5274	2316	2958
2353	5343	2447	2896
2354	5036	2112	2924
2355	4913	1959	2954
2356	5307	2303	3004
2357	5396	2386	3010
2358	5012	2064	2948
2359	4885	1941	2944
2360	5154	2149	3005
2361	5194	2222	2972
2362	5055	2066	2989
2363	4889	1937	2952
2364	5044	2118	2926
2365	5205	2222	2983
2366	4924	1957	2967
2367	4750	1811	2939
2368	5012	2102	2910
2369	5361	2401	2960
2370	5140	2170	2970
2371	4797	1898	2899
2372	5096	2107	2989
2373	5229	2251	2978
2374	4930	2023	2907
2375	4830	1880	2950
2376	5209	2169	3040
2377	5198	2215	2983
2378	5039	2032	3007
2379	4984	1956	3028
2380	5191	2186	3005
2381	5260	2277	2983
2382	4989	2018	2971
2383	4815	1867	2948
2384	5068	2111	2957
2385	5494	2417	3077
2386	5209	2177	3032
2387	4900	1897	3003
2388	5159	2186	2973
2389	5279	2284	2995
2390	5083	2072	3011
2391	5127	2027	3100
2392	5303	2250	3053
2393	5402	2395	3007
2394	5158	2099	3059
2395	4851	1860	2991
2396	5133	2117	3016
2397	5341	2320	3021
2398	5166	2113	3053
2399	5074	2022	3052
2400	5263	2253	3010
2401	5530	2395	3135
2402	5198	2081	3117
2403	5026	1954	3072
2404	5311	2253	3058
2405	5352	2294	3058
2406	5332	2189	3143
2407	5168	2042	3126
2408	5524	2345	3179
2409	5474	2350	3124
2410	5130	2076	3054
2411	4984	1915	3069
2412	5194	2139	3055
2413	5497	2403	3094
2414	5384	2193	3191
2415	5226	2025	3201
2416	5666	2457	3209
2417	5582	2457	3125
2418	5106	2081	3025
2419	4962	1896	3066
2420	5230	2149	3081
2421	5350	2257	3093
2422	5180	2021	3159
2423	5093	1916	3177
2424	5307	2127	3180
2425	5382	2255	3127
2426	5033	1956	3077
2427	5005	1873	3132
2428	5288	2121	3167
2429	5279	2172	3107
2430	5159	2052	3107
2431	5196	2031	3165
2432	5377	2234	3143
2433	5505	2331	3174
2434	5313	2089	3224
2435	5047	1908	3139
2436	5480	2281	3199
2437	5574	2379	3195
2438	5155	2119	3036
2439	5127	2063	3064
2440	5252	2161	3091
2441	5497	2363	3134
2442	5245	2136	3109
2443	5152	1962	3190
2444	5362	2229	3133
2445	5456	2376	3080
2446	5273	2113	3160
2447	5277	2062	3215
2448	5418	2227	3191
2449	5515	2301	3214
2450	5214	2064	3150
2451	5130	2008	3122
2452	5295	2210	3085
2453	5458	2331	3127
2454	5199	2078	3121
2455	5050	1932	3118
2456	5200	2098	3102
2457	5315	2220	3095
2458	5251	2165	3086
2459	5104	2000	3104
2460	5262	2133	3129
2461	5412	2256	3156
2462	5139	2040	3099
2463	4964	1885	3079
2464	5235	2167	3068
2465	5559	2421	3138
2466	5272	2193	3079
2467	4999	1967	3032
2468	5196	2193	3003
2469	5199	2239	2960
2470	5033	2072	2961
2471	4838	1896	2942
2472	5133	2161	2972
2473	5260	2294	2966
2474	5010	2003	3007
2475	5114	2133	2981
2476	5188	2296	2892
2477	5211	2279	2932
2478	5038	2086	2952
2479	4889	1931	2958
2480	5044	2143	2901
2481	5065	2220	2845
2482	4823	2025	2798
2483	4707	1841	2866
2484	4954	2045	2909
2485	5252	2342	2910
2486	4972	2093	2879
2487	4786	1982	2804
2488	4974	2177	2797
2489	5072	2260	2812
2490	4929	2126	2803
2491	4697	1933	2764
2492	4885	2123	2762
2493	4812	2115	2697
2494	4638	1953	2685
2495	4646	1946	2700
2496	4816	2086	2730
2497	4984	2258	2726
2498	5007	2211	2796
2499	4739	1979	2760
2500	4761	2104	2657
2501	4879	2269	2610
2502	4743	2055	2688
2503	4691	1921	2770
2504	4755	2132	2623
2505	4853	2235	2618
2506	4584	2031	2553
2507	4503	1961	2542
2508	4891	2298	2593
2509	4961	2368	2593
2510	4689	2098	2591
2511	4676	2027	2649
2512	4840	2233	2607
2513	4908	2331	2577
2514	4550	2015	2535
2515	4363	1833	2530
2516	4711	2171	2540
2517	4911	2375	2536
2518	4857	2214	2643
2519	4625	2054	2571
2520	4808	2311	2497
2521	4896	2421	2475
2522	4623	2144	2479
2523	4366	1916	2450
2524	4499	2061	2438
2525	4622	2267	2355
2526	4376	2060	2316
2527	4225	1825	2400
2528	4731	2311	2420
2529	4743	2368	2375
2530	4442	2079	2363
2531	4227	1912	2315
2532	4638	2241	2397
2533	4829	2352	2477
2534	4333	1987	2346
2535	4245	1932	2313
2536	4810	2467	2343
2537	4667	2436	2231
2538	4200	2018	2182
2539	4208	1984	2224
2540	4406	2178	2228
2541	4533	2301	2232
2542	4245	2041	2204
2543	4217	1946	2271
2544	4690	2332	2358
2545	4644	2377	2267
2546	4332	2103	2229
2547	4135	1923	2212
2548	4415	2207	2208
2549	4501	2268	2233
2550	4429	2225	2204
2551	4156	2029	2127
2552	4187	2070	2117
2553	4405	2223	2182
2554	4241	2007	2234
2555	4008	1861	2147
2556	4275	2138	2137
2557	4497	2286	2211
2558	4374	2136	2238
2559	4224	2002	2222
2560	4305	2148	2157
2561	4648	2441	2207
2562	4361	2203	2158
2563	4060	1986	2074
2564	4206	2143	2063
2565	4248	2210	2038
2566	4073	2011	2062
2567	3926	1854	2072
2568	4082	2052	2030
2569	4179	2165	2014
2570	3997	2007	1990
2571	3960	1954	2006
2572	4226	2224	2002
2573	4362	2329	2033
2574	4290	2218	2072
2575	4092	2032	2060
2576	4239	2240	1999
2577	4417	2377	2040
2578	4295	2245	2050
2579	4052	2053	1999
2580	4089	2157	1932
2581	4388	2387	2001
2582	4191	2141	2050
2583	3899	1925	1974
2584	4111	2125	1986
2585	4265	2285	1980
2586	4075	2128	1947
2587	3830	1948	1882
2588	4121	2196	1925
2589	4272	2334	1938
2590	4184	2217	1967
2591	3926	1992	1934
2592	4075	2100	1975
2593	4301	2335	1966
2594	4025	2095	1930
2595	3892	1968	1924
2596	4210	2273	1937
2597	4291	2368	1923
2598	3965	2032	1933
2599	3850	1868	1982
2600	4225	2230	1995
2601	4350	2356	1994
2602	4113	2143	1970
2603	3974	2050	1924
2604	4149	2217	1932
2605	4320	2301	2019
2606	4185	2157	2028
2607	3864	1972	1892
2608	4105	2234	1871
2609	4258	2310	1948
2610	4034	2084	1950
2611	3851	1914	1937
2612	4080	2122	1958
2613	4261	2278	1983
2614	3960	2025	1935
2615	4005	2045	1960
2616	4332	2303	2029
2617	4392	2392	2000
2618	4050	2109	1941
2619	3799	1920	1879
2620	4147	2160	1987
2621	4431	2371	2060
2622	4235	2197	2038
2623	4032	2012	2020
2624	4343	2284	2059
2625	4307	2342	1965
2626	4002	2045	1957
2627	3883	1943	1940
2628	4040	2135	1905
2629	4238	2309	1929
2630	4087	2097	1990
2631	3909	1956	1953
2632	4129	2212	1917
2633	4219	2280	1939
2634	4008	2034	1974
2635	3912	1929	1983
2636	4183	2194	1989
2637	4304	2323	1981
2638	4015	2068	1947
2639	3843	1885	1958
2640	4137	2160	1977
2641	4271	2259	2012
2642	3896	1962	1934
2643	3675	1772	1903
2644	4046	2057	1989
2645	4310	2305	2005
2646	4206	2183	2023
2647	3885	1977	1908
2648	4189	2226	1963
2649	4310	2346	1964
2650	4042	2079	1963
2651	3873	1912	1961
2652	4198	2209	1989
2653	4370	2341	2029
2654	4134	2133	2001
2655	3878	1943	1935
2656	4129	2171	1958
2657	4206	2267	1939
2658	3994	2027	1967
2659	3845	1864	1981
2660	4220	2206	2014
2661	4269	2283	1986
2662	3978	1994	1984
2663	3880	1888	1992
2664	4126	2113	2013
2665	4565	2453	2112
2666	4254	2155	2099
2667	3986	1942	2044
2668	4215	2265	1950
2669	4250	2305	1945
2670	4114	2075	2039
2671	3971	1948	2023
2672	4290	2235	2055
2673	4279	2293	1986
2674	4013	2065	1948
2675	3783	1869	1914
2676	4187	2223	1964
2677	4450	2378	2072
2678	4020	2011	2009
2679	3891	1934	1957
2680	4218	2198	2020
2681	4583	2505	2078
2682	4165	2172	1993
2683	3865	1938	1927
2684	4211	2227	1984
2685	4328	2343	1985
2686	4065	2063	2002
2687	3938	1974	1964
2688	4159	2162	1997
2689	4202	2218	1984
2690	3896	1931	1965
2691	3882	1975	1907
2692	4185	2234	1951
2693	4225	2243	1982
2694	4037	2056	1981
2695	3835	1896	1939
2696	4084	2125	1959
2697	4196	2256	1940
2698	4090	2157	1933
2699	3842	1937	1905
2700	4138	2225	1913
2701	4199	2328	1871
2702	3862	2014	1848
2703	3871	1952	1919
2704	4077	2160	1917
2705	4241	2373	1868
2706	4164	2193	1971
2707	4180	2145	2035
2708	4229	2288	1941
2709	4325	2344	1981
2710	4036	2093	1943
2711	3839	1961	1878
2712	4161	2262	1899
2713	4222	2385	1837
2714	3891	2055	1836
2715	3760	1872	1888
2716	4248	2266	1982
2717	4306	2397	1909
2718	3970	2077	1893
2719	3694	1849	1845
2720	4041	2180	1861
2721	4301	2358	1943
2722	3874	2046	1828
2723	3779	1961	1818
2724	4016	2207	1809
2725	4006	2267	1739
2726	3866	2117	1749
2727	3676	1914	1762
2728	3857	2124	1733
2729	4057	2275	1782
2730	3730	2006	1724
2731	3656	1925	1731
2732	4083	2332	1751
2733	4177	2427	1750
2734	3805	2101	1704
2735	3690	1995	1695
2736	3910	2250	1660
2737	4056	2401	1655
2738	3728	2085	1643
2739	3476	1842	1634
2740	3906	2182	1724
2741	4169	2438	1731
2742	3808	2125	1683
2743	3568	1875	1693
2744	3957	2210	1747
2745	4087	2380	1707
2746	3606	2012	1594
2747	3454	1858	1596
2748	3825	2198	1627
2749	3952	2284	1668
2750	3585	1971	1614
2751	3440	1832	1608
2752	3633	2120	1513
2753	3797	2261	1536
2754	3688	2092	1596
2755	3431	1898	1533
2756	3709	2150	1559
2757	3807	2268	1539
2758	3544	2037	1507
2759	3497	1936	1561
2760	3625	2115	1510
2761	3767	2291	1476
2762	3505	2007	1498
2763	3370	1843	1527
2764	3890	2292	1598
2765	3886	2343	1543
2766	3512	2061	1451
2767	3387	1936	1451
2768	3665	2206	1459
2769	3651	2262	1389
2770	3446	2044	1402
2771	3306	1866	1440
2772	3512	2133	1379
2773	3672	2270	1402
2774	3439	2012	1427
2775	3539	2041	1498
2776	3767	2284	1483
2777	3892	2407	1485
2778	3622	2122	1500
2779	3298	1911	1387
2780	3576	2195	1381
2781	3629	2222	1407
2782	3773	2286	1487
2783	3405	1997	1408
2784	7598	5297	2301
2785	5930	4072	1858
2786	3346	2029	1317
2787	3208	1860	1348
2788	3528	2147	1381
2789	3720	2287	1433
2790	3485	2086	1399
2791	3404	1978	1426
2792	3529	2142	1387
2793	3746	2356	1390
2794	3507	2071	1436
2795	3186	1859	1327
2796	3573	2204	1369
2797	3711	2362	1349
2798	3451	2081	1370
2799	3261	1917	1344
2800	3577	2237	1340
2801	3633	2314	1319
2802	3346	2030	1316
2803	3367	2006	1361
2804	3769	2356	1413
2805	3703	2351	1352
2806	3229	1989	1240
2807	3163	1932	1231
2808	3432	2162	1270
2809	3551	2254	1297
2810	3451	2143	1308
2811	3177	1891	1286
2812	3347	2091	1256
2813	3492	2186	1306
2814	3267	1973	1294
2815	3089	1902	1187
2816	3479	2193	1286
2817	3639	2369	1270
2818	3369	2106	1263
2819	3312	2030	1282
2820	3442	2209	1233
2821	3562	2312	1250
2822	3457	2141	1316
2823	3245	1966	1279
2824	3430	2178	1252
2825	3508	2234	1274
2826	3254	1951	1303
2827	3104	1839	1265
2828	3490	2190	1300
2829	3545	2319	1226
2830	3242	2018	1224
2831	3264	1961	1303
2832	3512	2208	1304
2833	3582	2333	1249
2834	3249	1996	1253
2835	3194	1939	1255
2836	3445	2231	1214
2837	3497	2277	1220
2838	3200	1967	1233
2839	3198	1903	1295
2840	3398	2146	1252
2841	3581	2359	1222
2842	3495	2203	1292
2843	3355	2005	1350
2844	3507	2257	1250
2845	3648	2416	1232
2846	3448	2184	1264
2847	3161	1923	1238
2848	3328	2132	1196
2849	3597	2375	1222
2850	3279	2087	1192
2851	3118	1949	1169
2852	3403	2183	1220
2853	3555	2297	1258
2854	3304	2082	1222
2855	3308	2009	1299
2856	3593	2321	1272
2857	3604	2394	1210
2858	3399	2150	1249
2859	3271	1983	1288
2860	3409	2120	1289
2861	3621	2320	1301
2862	3296	2025	1271
2863	3130	1878	1252
2864	3610	2338	1272
2865	3649	2360	1289
2866	3277	2030	1247
2867	3405	2092	1313
2868	3970	2590	1380
2869	3700	2417	1283
2870	3311	2052	1259
2871	3258	1982	1276
2872	3468	2227	1241
2873	3523	2300	1223
2874	3258	2001	1257
2875	3306	2007	1299
2876	3457	2194	1263
2877	3518	2240	1278
2878	3277	1959	1318
2879	3147	1824	1323
2880	3416	2139	1277
2881	3576	2330	1246
2882	3245	2034	1211
2883	3236	1961	1275
2884	3536	2273	1263
2885	3616	2357	1259
2886	3323	2042	1281
2887	3170	1916	1254
2888	3470	2166	1304
2889	3625	2280	1345
2890	3323	2034	1289
2891	3136	1885	1251
2892	3533	2233	1300
2893	3689	2395	1294
2894	3292	2056	1236
2895	3112	1951	1161
2896	3356	2188	1168
2897	3519	2305	1214
2898	3306	2095	1211
2899	3083	1891	1192
2900	3336	2119	1217
2901	3606	2364	1242
2902	3329	2071	1258
2903	3029	1836	1193
2904	3392	2150	1242
2905	3567	2273	1294
2906	3238	2027	1211
2907	3082	1919	1163
2908	3397	2224	1173
2909	3477	2290	1187
2910	3131	1955	1176
2911	2976	1803	1173
2912	3326	2123	1203
2913	3519	2313	1206
2914	3261	2093	1168
2915	3121	1884	1237
2916	3279	2119	1160
2917	3496	2333	1163
2918	3320	2066	1254
2919	3098	1897	1201
2920	3246	2141	1105
2921	3395	2245	1150
2922	3314	2107	1207
2923	3109	1897	1212
2924	3345	2127	1218
2925	3523	2346	1177
2926	3322	2140	1182
2927	3060	1923	1137
2928	3300	2189	1111
2929	3379	2257	1122
2930	3137	1990	1147
2931	3079	1900	1179
2932	3516	2305	1211
2933	3434	2346	1088
2934	3081	2052	1029
2935	2880	1846	1034
2936	3169	2056	1113
2937	3573	2432	1141
2938	3262	2123	1139
2939	3048	1919	1129
2940	3298	2157	1141
2941	3435	2257	1178
2942	3203	2100	1103
2943	2944	1901	1043
2944	3431	2299	1132
2945	3445	2375	1070
2946	3032	2010	1022
2947	2899	1845	1054
2948	3329	2237	1092
2949	3344	2301	1043
2950	3092	1995	1097
2951	2996	1914	1082
2952	3149	2117	1032
2953	3291	2290	1001
2954	2931	1951	980
2955	2909	1872	1037
2956	3260	2225	1035
2957	3239	2301	938
2958	2965	2078	887
2959	2818	1873	945
2960	3148	2178	970
2961	3290	2332	958
2962	3175	2115	1060
2963	3031	1997	1034
2964	3217	2227	990
2965	3215	2235	980
2966	3106	2089	1017
2967	2889	1908	981
2968	2983	2101	882
2969	3250	2334	916
2970	2958	2012	946
2971	2827	1860	967
2972	3130	2157	973
2973	3199	2243	956
2974	2900	1979	921
2975	2809	1899	910
2976	3234	2280	954
2977	3229	2304	925
2978	2944	2031	913
2979	2800	1898	902
2980	3074	2217	857
2981	3140	2266	874
2982	3113	2180	933
2983	2948	2056	892
2984	3084	2184	900
2985	3327	2386	941
2986	2997	2089	908
2987	2769	1887	882
2988	3084	2179	905
2989	3177	2343	834
2990	2809	2019	790
2991	2631	1831	800
2992	2969	2114	855
2993	3109	2278	831
2994	2849	1978	871
2995	2746	1904	842
2996	3107	2249	858
2997	3301	2379	922
2998	2902	2011	891
2999	2685	1827	858
3000	3004	2178	826
3001	3348	2446	902
3002	3002	2068	934
3003	2731	1871	860
3004	3117	2225	892
3005	3180	2323	857
3006	2959	2077	882
3007	2719	1863	856
3008	3166	2248	918
3009	3368	2441	927
3010	3150	2240	910
3011	2988	2023	965
3012	2982	2121	861
3013	3118	2222	896
3014	2860	1974	886
3015	2689	1852	837
3016	2985	2141	844
3017	3156	2274	882
3018	2886	2036	850
3019	2712	1864	848
3020	3009	2163	846
3021	3181	2301	880
3022	2949	2054	895
3023	2698	1906	792
3024	3038	2214	824
3025	3177	2310	867
3026	2860	2050	810
3027	2632	1808	824
3028	3013	2133	880
3029	3227	2320	907
3030	3016	2086	930
3031	2815	1902	913
3032	2999	2117	882
3033	3148	2310	838
3034	3019	2116	903
3035	2799	1896	903
3036	3149	2227	922
3037	3304	2374	930
3038	2994	2055	939
3039	2799	1872	927
3040	3052	2073	979
3041	3260	2340	920
3042	2951	2105	846
3043	2651	1818	833
3044	2897	2062	835
3045	3141	2300	841
3046	2936	2086	850
3047	2734	1886	848
3048	2908	2029	879
3049	2973	2163	810
3050	2907	2040	867
3051	2795	1913	882
3052	2961	2117	844
3053	3005	2187	818
3054	2938	2049	889
3055	2805	1905	900
3056	2972	2104	868
3057	3099	2223	876
3058	2862	1983	879
3059	2661	1851	810
3060	3075	2202	873
3061	3139	2283	856
3062	2872	2002	870
3063	2655	1821	834
3064	2913	2057	856
3065	3109	2254	855
3066	2858	2035	823
3067	2686	1878	808
3068	3051	2162	889
3069	3177	2285	892
3070	2946	2042	904
3071	2947	2022	925
3072	3063	2135	928
3073	3136	2220	916
3074	3023	2055	968
3075	2790	1888	902
3076	3025	2190	835
3077	3144	2327	817
3078	2844	2013	831
3079	2810	1916	894
3080	3055	2232	823
3081	3395	2480	915
3082	3047	2124	923
3083	2694	1846	848
3084	3000	2188	812
3085	3142	2337	805
3086	2771	1975	796
3087	2660	1825	835
3088	3002	2180	822
3089	3188	2344	844
3090	3128	2178	950
3091	2834	1948	886
3092	2913	2097	816
3093	3152	2272	880
3094	3066	2113	953
3095	2866	1998	868
3096	2994	2179	815
3097	3174	2347	827
3098	2909	2075	834
3099	2666	1872	794
3100	2892	2136	756
3101	3117	2309	808
3102	2889	2084	805
3103	2730	1909	821
3104	2993	2200	793
3105	3084	2272	812
3106	2847	2021	826
3107	2705	1892	813
3108	3034	2145	889
3109	3086	2210	876
3110	2798	2015	783
3111	2731	1935	796
3112	2885	2080	805
3113	2960	2200	760
3114	2933	2193	740
3115	2736	1975	761
3116	3049	2228	821
3117	3192	2338	854
3118	2820	1987	833
3119	2572	1821	751
3120	2914	2099	815
3121	3087	2321	766
3122	2883	2101	782
3123	2776	1922	854
3124	3008	2173	835
3125	3151	2325	826
3126	2939	2133	806
3127	2713	1960	753
3128	2987	2211	776
3129	3054	2309	745
3130	2868	2108	760
3131	2705	1948	757
3132	2928	2177	751
3133	3046	2304	742
3134	2961	2125	836
3135	2760	1940	820
3136	2978	2199	779
3137	2986	2259	727
3138	2819	2050	769
3139	2639	1874	765
3140	2885	2102	783
3141	2877	2156	721
3142	2699	1942	757
3143	2667	1904	763
3144	2842	2113	729
3145	2933	2373	560
3146	2933	2236	697
3147	2849	2045	804
3148	2821	2094	727
3149	2922	2235	687
3150	2693	1992	701
3151	2665	1893	772
3152	2958	2157	801
3153	3143	2379	764
3154	2882	2109	773
3155	2705	1948	757
3156	3155	2372	783
3157	3237	2474	763
3158	2740	2035	705
3159	2569	1859	710
3160	3030	2246	784
3161	3137	2376	761
3162	2804	2061	743
3163	2637	1916	721
3164	2796	2123	673
3165	2896	2240	656
3166	2641	1982	659
3167	2559	1869	690
3168	2949	2219	730
3169	2990	2318	672
3170	2700	2023	677
3171	2563	1848	715
3172	2887	2136	751
3173	3034	2291	743
3174	2732	2025	707
3175	2557	1859	698
3176	2791	2065	726
3177	2946	2225	721
3178	2814	2068	746
3179	2680	1913	767
3180	2884	2151	733
3181	3294	2518	776
3182	2934	2183	751
3183	2627	1888	739
3184	2803	2103	700
3185	2884	2241	643
3186	2755	2050	705
3187	2642	1857	785
3188	2879	2100	779
3189	2940	2226	714
3190	2673	1995	678
3191	2533	1857	676
3192	2962	2255	707
3193	3036	2293	743
3194	2991	2170	821
3195	2684	1956	728
3196	2754	2084	670
3197	3137	2346	791
3198	2829	2048	781
3199	2581	1853	728
3200	2849	2180	669
3201	3029	2347	682
3202	2990	2184	806
3203	2608	1886	722
3204	2833	2122	711
3205	3054	2313	741
3206	2880	2146	734
3207	2652	1932	720
3208	3154	2329	825
3209	3175	2387	788
3210	2643	1935	708
3211	2545	1842	703
3212	2829	2130	699
3213	2927	2271	656
3214	2784	2039	745
3215	2585	1826	759
3216	2768	2030	738
3217	2917	2206	711
3218	2844	2081	763
3219	2731	1964	767
3220	2858	2141	717
3221	2957	2244	713
3222	2737	2025	712
3223	2527	1849	678
3224	2954	2247	707
3225	3082	2361	721
3226	2686	2008	678
3227	2549	1827	722
3228	2820	2116	704
3229	2967	2276	691
3230	2854	2119	735
3231	2673	1915	758
3232	2785	2052	733
3233	2970	2260	710
3234	3004	2236	768
3235	2810	2035	775
3236	2798	2074	724
3237	3026	2276	750
3238	2893	2170	723
3239	2586	1915	671
3240	2801	2124	677
3241	2909	2214	695
3242	2715	2001	714
3243	2678	1956	722
3244	2912	2181	731
3245	2993	2306	687
3246	2706	2041	665
3247	2624	1928	696
3248	2871	2206	665
3249	3175	2490	685
3250	2761	2094	667
3251	2529	1857	672
3252	2812	2129	683
3253	2955	2257	698
3254	2760	2051	709
3255	2573	1857	716
3256	2814	2133	681
3257	2984	2304	680
3258	2845	2119	726
3259	2536	1895	641
3260	2733	2174	559
3261	2881	2267	614
3262	2597	1963	634
3263	2515	1868	647
3264	2847	2204	643
3265	2930	2268	662
3266	2633	1949	684
3267	2474	1813	661
3268	2896	2177	719
3269	3125	2375	750
3270	2847	2113	734
3271	2666	1987	679
3272	2866	2222	644
3273	2887	2292	595
3274	2663	2045	618
3275	2585	1919	666
3276	3111	2391	720
3277	3136	2390	746
3278	2667	2016	651
3279	2490	1905	585
3280	2842	2208	634
3281	2940	2312	628
3282	2749	2039	710
3283	2597	1913	684
3284	2742	2095	647
3285	2922	2242	680
3286	2718	2034	684
3287	2572	1897	675
3288	2858	2230	628
3289	2873	2274	599
3290	3560	2771	789
3291	3162	2407	755
3292	2694	2048	646
3293	2804	2203	601
3294	2630	1998	632
3295	2511	1885	626
3296	2733	2107	626
3297	2805	2185	620
3298	2549	1984	565
3299	2524	1889	635
3300	2644	2063	581
3301	2822	2222	600
3302	2686	2035	651
3303	2433	1817	616
3304	2631	2030	601
3305	2675	2085	590
3306	2567	1974	593
3307	2452	1853	599
3308	2711	2011	700
3309	2708	2074	634
3310	2586	1978	608
3311	2464	1842	622
3312	2652	2034	618
3313	2705	2087	618
3314	2519	1946	573
3315	2509	1888	621
3316	2776	2098	678
3317	2741	2153	588
3318	2490	1934	556
3319	2572	1954	618
3320	2680	2103	577
3321	2616	2074	542
3322	2595	1954	641
3323	2493	1875	618
3324	2536	1952	584
3325	2733	2132	601
3326	2671	2034	637
3327	2549	1901	648
3328	2821	2147	674
3329	3048	2360	688
3330	2670	2050	620
3331	2565	1952	613
3332	2717	2154	563
3333	2698	2137	561
3334	2595	1954	641
3335	2472	1867	605
3336	2689	2102	587
3337	2826	2208	618
3338	2840	2164	676
3339	2596	1940	656
3340	3023	2330	693
3341	2891	2315	576
3342	2589	2028	561
3343	2554	1927	627
3344	2617	2035	582
3345	2930	2244	686
3346	2834	2154	680
3347	2636	2007	629
3348	2649	2105	544
3349	2723	2145	578
3350	2597	2008	589
3351	2443	1858	585
3352	2740	2109	631
3353	3000	2291	709
3354	2741	2060	681
3355	2543	1919	624
3356	2666	2052	614
3357	2718	2077	641
3358	2670	2034	636
3359	2480	1882	598
3360	2699	2084	615
3361	2881	2240	641
3362	2778	2085	693
3363	2519	1919	600
3364	2707	2118	589
3365	2803	2220	583
3366	2687	2062	625
3367	2671	2017	654
3368	2808	2173	635
3369	2861	2293	568
3370	2723	2057	666
3371	2577	1915	662
3372	2752	2136	616
3373	2905	2228	677
3374	2656	2004	652
3375	2525	1929	596
3376	2762	2123	639
3377	2644	2096	548
3378	2522	1941	581
3379	3042	2329	713
3380	2890	2229	661
3381	2716	2095	621
3382	2593	2002	591
3383	2481	1896	585
3384	2772	2180	592
3385	2889	2297	592
3386	2579	1979	600
3387	2402	1807	595
3388	2623	2030	593
3389	2676	2136	540
3390	2690	2106	584
3391	2444	1909	535
3392	2545	1977	568
3393	2854	2171	683
3394	2680	2037	643
3395	2702	2043	659
3396	2783	2148	635
3397	2732	2145	587
3398	2580	1951	629
3399	2399	1858	541
3400	2516	2018	498
3401	2684	2145	539
3402	2553	1993	560
3403	2479	1892	587
3404	2775	2167	608
3405	2817	2193	624
3406	2511	1941	570
3407	2512	1925	587
3408	2753	2174	579
3409	2859	2277	582
3410	2797	2151	646
3411	2506	1861	645
3412	2834	2157	677
3413	2697	2151	546
3414	2539	1983	556
3415	2492	1917	575
3416	2633	2061	572
3417	2680	2089	591
3418	2526	1931	595
3419	2381	1847	534
3420	2586	2033	553
3421	2735	2190	545
3422	2519	1957	562
3423	2351	1787	564
3424	2466	1922	544
3425	2732	2170	562
3426	2651	2073	578
3427	2481	1934	547
3428	2698	2088	610
3429	2775	2196	579
3430	2598	2047	551
3431	2387	1862	525
3432	2586	2017	569
3433	2650	2096	554
3434	2672	2094	578
3435	2540	1953	587
3436	2603	2023	580
3437	2706	2133	573
3438	2561	2010	551
3439	2521	1932	589
3440	2722	2161	561
3441	2628	2116	512
3442	2661	2077	584
3443	2561	1960	601
3444	2635	2055	580
3445	2594	2050	544
3446	2384	1843	541
3447	2400	1835	565
3448	2525	1972	553
3449	2682	2121	561
3450	2691	2092	599
3451	2532	1950	582
3452	2690	2098	592
3453	2702	2126	576
3454	2710	2097	613
3455	2492	1942	550
3456	2748	2176	572
3457	2851	2254	597
3458	2505	2008	497
3459	2342	1870	472
3460	2669	2089	580
3461	2888	2233	655
3462	2609	2025	584
3463	2337	1785	552
3464	2618	2033	585
3465	2729	2171	558
3466	2490	1958	532
3467	2329	1814	515
3468	2560	2053	507
3469	2720	2192	528
3470	2540	2010	530
3471	2457	1912	545
3472	2732	2165	567
3473	2795	2263	532
3474	2494	1973	521
3475	2313	1806	507
3476	2505	1984	521
3477	2642	2109	533
3478	2535	1932	603
3479	2380	1804	576
3480	2594	2007	587
3481	2668	2127	541
3482	2492	1961	531
3483	2357	1824	533
3484	2527	2021	506
3485	2715	2169	546
3486	2520	1957	563
3487	2501	1877	624
3488	2671	2025	646
3489	2734	2144	590
3490	2459	1919	540
3491	2333	1812	521
3492	2591	2047	544
3493	2757	2175	582
3494	3192	2528	664
3495	2829	2196	633
3496	2673	2099	574
3497	2720	2198	522
3498	2612	2068	544
3499	2539	1983	556
3500	2643	2087	556
3501	2740	2216	524
3502	2515	2043	472
3503	2386	1868	518
3504	2566	2044	522
3505	2741	2156	585
3506	2565	2016	549
3507	2567	1982	585
3508	2740	2134	606
3509	2661	2123	538
3510	2569	2000	569
3511	2440	1876	564
3512	2647	2077	570
3513	2690	2162	528
3514	2513	2005	508
3515	2393	1879	514
3516	2548	2034	514
3517	2660	2113	547
3518	2617	2036	581
3519	2561	1997	564
3520	2528	1995	533
3521	2565	2063	502
3522	2646	2062	584
3523	2780	2121	659
3524	2778	2140	638
3525	2772	2165	607
3526	2695	2071	624
3527	2439	1947	492
3528	2705	2129	576
3529	2750	2216	534
3530	2527	2029	498
3531	2400	1924	476
3532	2497	2007	490
3533	2665	2140	525
3534	2447	1977	470
3535	2461	1945	516
3536	2682	2145	537
3537	2707	2173	534
3538	2489	1947	542
3539	2399	1841	558
3540	2568	2051	517
3541	2796	2248	548
3542	2605	2047	558
3543	2481	1952	529
3544	2627	2142	485
3545	2699	2194	505
3546	2607	2062	545
3547	2431	1897	534
3548	2896	2287	609
3549	2851	2276	575
3550	2483	1973	510
3551	2348	1889	459
3552	2655	2099	556
3553	2709	2161	548
3554	2536	2024	512
3555	2464	1924	540
3556	2592	2093	499
3557	2661	2163	498
3558	2476	1995	481
3559	2353	1886	467
3560	2690	2128	562
3561	2884	2288	596
3562	2564	2016	548
3563	2408	1891	517
3564	2657	2133	524
3565	2695	2194	501
3566	2523	2024	499
3567	2436	1953	483
3568	2844	2301	543
3569	2808	2263	545
3570	2627	2123	504
3571	2432	1928	504
3572	2644	2117	527
3573	2913	2339	574
3574	2518	2003	515
3575	2411	1896	515
3576	2501	1981	520
3577	2629	2148	481
3578	2450	1982	468
3579	2454	1896	558
3580	2581	2072	509
3581	2565	2119	446
3582	2586	2035	551
3583	2477	1930	547
3584	2693	2137	556
3585	2819	2259	560
3586	2567	2066	501
3587	2313	1871	442
3588	2635	2175	460
3589	2774	2282	492
3590	2585	2040	545
3591	2393	1864	529
3592	2632	2112	520
3593	2754	2246	508
3594	2639	2107	532
3595	2527	1990	537
3596	2702	2158	544
3597	2911	2303	608
3598	2654	2114	540
3599	2427	1951	476
3600	2669	2168	501
3601	2873	2297	576
3602	2677	2070	607
3603	2426	1908	518
3604	2601	2113	488
3605	2624	2152	472
3606	2647	2085	562
3607	2542	1995	547
3608	2600	2121	479
3609	2593	2126	467
3610	2629	2063	566
3611	2527	2022	505
3612	2736	2261	475
3613	2957	2397	560
3614	2627	2083	544
3615	2468	1945	523
3616	2558	2066	492
3617	2586	2130	456
3618	2483	2007	476
3619	2562	1995	567
3620	2700	2119	581
3621	2890	2323	567
3622	2847	2274	573
3623	2641	2044	597
3624	2680	2115	565
3625	2709	2183	526
3626	2801	2239	562
3627	2516	2023	493
3628	2563	2100	463
3629	2664	2195	469
3630	2633	2095	538
3631	2481	1936	545
3632	2645	2180	465
3633	2784	2328	456
3634	2694	2120	574
3635	2415	1881	534
3636	2508	2059	449
3637	2701	2212	489
3638	2764	2238	526
3639	2592	2100	492
3640	2634	2153	481
3641	2737	2240	497
3642	2523	2054	469
3643	2344	1870	474
3644	2545	2044	501
3645	2771	2229	542
3646	2633	2122	511
3647	2547	2022	525
3648	2802	2246	556
