index	original	background	difference
-----------------------------------------------------
1	3049	2270	779
2	2825	2116	709
3	2718	2044	674
4	2785	2105	680
5	2742	2099	643
6	2938	2188	750
7	2990	2181	809
8	2939	2211	728
9	2861	2187	674
10	2718	2005	713
11	2653	1971	682
12	2792	2099	693
13	2925	2229	696
14	2976	2194	782
15	2819	2039	780
16	2947	2140	807
17	2935	2176	759
18	2825	2107	718
19	2629	1926	703
20	2751	2002	749
21	2963	2159	804
22	2866	2077	789
23	2816	2013	803
24	2870	2131	739
25	2881	2168	713
26	2802	2058	744
27	2620	1903	717
28	2656	1972	684
29	2787	2072	715
30	2889	2063	826
31	2851	1997	854
32	2921	2089	832
33	2885	2100	785
34	2769	2012	757
35	2879	2087	792
36	2972	2155	817
37	2903	2153	750
38	2826	2068	758
39	2687	1954	733
40	2741	2025	716
41	2858	2114	744
42	2739	1998	741
43	2706	1945	761
44	2841	2051	790
45	2989	2199	790
46	2979	2142	837
47	2849	2041	808
48	2845	2047	798
49	2948	2151	797
50	2983	2186	797
51	2984	2143	841
52	2961	2127	834
53	3056	2234	822
54	2838	2052	786
55	2604	1875	729
56	2852	2058	794
57	3131	2280	851
58	2885	2054	831
59	2699	1922	777
60	2903	2063	840
61	3095	2243	852
62	2997	2164	833
63	2793	2021	772
64	2857	2109	748
65	2991	2182	809
66	2934	2090	844
67	2893	1992	901
68	2942	2051	891
69	2863	2063	800
70	2807	1976	831
71	2893	2063	830
72	3208	2306	902
73	3116	2208	908
74	2887	2047	840
75	2731	1906	825
76	2888	2013	875
77	3005	2144	861
78	2912	2082	830
79	2882	2072	810
80	2973	2128	845
81	3077	2190	887
82	2833	2011	822
83	2817	2009	808
84	2935	2097	838
85	3023	2181	842
86	2906	2098	808
87	2788	2044	744
88	2897	2110	787
89	3044	2187	857
90	2944	2098	846
91	3113	2177	936
92	3216	2279	937
93	2984	2130	854
94	2869	2024	845
95	2775	1960	815
96	2986	2140	846
97	3156	2264	892
98	3030	2123	907
99	2894	2050	844
100	2917	2087	830
101	3029	2148	881
102	3020	2098	922
103	2948	2061	887
104	3154	2265	889
105	3227	2350	877
106	3125	2206	919
107	2977	2063	914
108	3020	2158	862
109	3132	2221	911
110	2962	2111	851
111	3094	2180	914
112	3137	2219	918
113	3034	2120	914
114	3029	2096	933
115	2952	2086	866
116	2963	2138	825
117	3148	2219	929
118	2906	2070	836
119	2855	1995	860
120	2949	2083	866
121	2981	2129	852
122	2964	2053	911
123	2836	1936	900
124	2860	2038	822
125	2980	2099	881
126	2941	2078	863
127	2985	2113	872
128	3327	2384	943
129	3280	2322	958
130	3036	2133	903
131	2873	2017	856
132	3150	2189	961
133	3157	2193	964
134	2929	1992	937
135	2869	2010	859
136	3058	2176	882
137	3181	2223	958
138	3089	2091	998
139	3053	2096	957
140	2992	2061	931
141	3008	2109	899
142	3106	2162	944
143	3050	2085	965
144	3109	2154	955
145	3076	2139	937
146	3118	2160	958
147	2999	2084	915
148	2996	2075	921
149	3186	2253	933
150	3139	2220	919
151	2955	2036	919
152	3198	2212	986
153	3278	2287	991
154	3263	2212	1051
155	3136	2156	980
156	3261	2290	971
157	3130	2200	930
158	2923	2042	881
159	2931	2020	911
160	3177	2178	999
161	3231	2231	1000
162	3075	2099	976
163	3075	2099	976
164	3270	2268	1002
165	3235	2255	980
166	3172	2151	1021
167	3102	2068	1034
168	3187	2150	1037
169	3207	2214	993
170	3076	2131	945
171	3116	2107	1009
172	3211	2198	1013
173	3260	2230	1030
174	3049	2057	992
175	3024	2050	974
176	3041	2112	929
177	3114	2157	957
178	3049	2075	974
179	3150	2075	1075
180	3375	2265	1110
181	3327	2267	1060
182	3265	2185	1080
183	2997	1994	1003
184	3060	2102	958
185	3152	2187	965
186	3045	2071	974
187	2958	1982	976
188	3058	2081	977
189	3245	2226	1019
190	3272	2222	1050
191	3246	2135	1111
192	3410	2245	1165
193	3320	2227	1093
194	3122	2107	1015
195	3105	2043	1062
196	3243	2188	1055
197	3314	2218	1096
198	3145	2093	1052
199	3296	2185	1111
200	3349	2236	1113
201	3258	2226	1032
202	3240	2182	1058
203	3125	2061	1064
204	3357	2264	1093
205	3367	2271	1096
206	3156	2110	1046
207	3072	2013	1059
208	3125	2062	1063
209	3366	2238	1128
210	3310	2182	1128
211	3118	2050	1068
212	3382	2293	1089
213	3329	2250	1079
214	3232	2096	1136
215	3105	2020	1085
216	3310	2237	1073
217	3416	2308	1108
218	3160	2053	1107
219	3233	2074	1159
220	3442	2330	1112
221	3414	2292	1122
222	3242	2151	1091
223	3174	2054	1120
224	3231	2148	1083
225	3502	2358	1144
226	3264	2141	1123
227	3244	2116	1128
228	3410	2261	1149
229	3465	2321	1144
230	3217	2141	1076
231	3144	2045	1099
232	3328	2205	1123
233	3641	2417	1224
234	3517	2271	1246
235	3250	2104	1146
236	3266	2137	1129
237	3348	2231	1117
238	3233	2143	1090
239	3196	2079	1117
240	3322	2193	1129
241	3582	2361	1221
242	3495	2238	1257
243	3466	2216	1250
244	3396	2226	1170
245	3301	2205	1096
246	3246	2139	1107
247	3263	2074	1189
248	3450	2233	1217
249	3548	2339	1209
250	3421	2195	1226
251	3179	2024	1155
252	3402	2227	1175
253	3397	2252	1145
254	3392	2209	1183
255	3413	2151	1262
256	3439	2214	1225
257	3441	2219	1222
258	3316	2049	1267
259	3262	2031	1231
260	3352	2137	1215
261	3405	2199	1206
262	3501	2243	1258
263	3377	2116	1261
264	3497	2250	1247
265	3409	2173	1236
266	3382	2120	1262
267	3290	2068	1222
268	3571	2285	1286
269	3616	2313	1303
270	3569	2231	1338
271	3636	2311	1325
272	3550	2253	1297
273	3383	2161	1222
274	3338	2123	1215
275	3483	2153	1330
276	3548	2200	1348
277	3435	2155	1280
278	3372	2098	1274
279	3333	2059	1274
280	3389	2124	1265
281	3397	2166	1231
282	3369	2114	1255
283	3367	2120	1247
284	3544	2281	1263
285	3629	2306	1323
286	3419	2075	1344
287	3287	1993	1294
288	3553	2218	1335
289	3757	2354	1403
290	3715	2285	1430
291	3414	2106	1308
292	3416	2144	1272
293	3534	2245	1289
294	3417	2115	1302
295	3385	2044	1341
296	3462	2161	1301
297	3462	2174	1288
298	3479	2122	1357
299	3440	2064	1376
300	3443	2160	1283
301	3459	2216	1243
302	3380	2076	1304
303	3435	2073	1362
304	3566	2175	1391
305	3520	2206	1314
306	3497	2183	1314
307	3415	2109	1306
308	3481	2141	1340
309	3748	2356	1392
310	3530	2144	1386
311	3344	1992	1352
312	3463	2106	1357
313	3597	2237	1360
314	3663	2280	1383
315	3594	2195	1399
316	3595	2240	1355
317	3543	2184	1359
318	3568	2118	1450
319	3561	2118	1443
320	3538	2189	1349
321	3567	2236	1331
322	3640	2205	1435
323	3485	2113	1372
324	3536	2157	1379
325	3648	2204	1444
326	3575	2084	1491
327	3409	2043	1366
328	3644	2243	1401
329	3754	2318	1436
330	3576	2181	1395
331	3335	2031	1304
332	3594	2238	1356
333	4273	2790	1483
334	3828	2433	1395
335	3598	2197	1401
336	3780	2356	1424
337	3751	2323	1428
338	3621	2147	1474
339	3607	2142	1465
340	3676	2240	1436
341	3705	2279	1426
342	3695	2257	1438
343	3590	2169	1421
344	3579	2154	1425
345	3714	2262	1452
346	3786	2242	1544
347	3534	2060	1474
348	3579	2138	1441
349	3678	2195	1483
350	3602	2161	1441
351	3653	2173	1480
352	3833	2417	1416
353	3703	2332	1371
354	3542	2099	1443
355	3568	2095	1473
356	3725	2210	1515
357	3723	2248	1475
358	3709	2193	1516
359	3529	2052	1477
360	3648	2136	1512
361	3730	2230	1500
362	3722	2241	1481
363	3669	2138	1531
364	3620	2126	1494
365	3635	2155	1480
366	3540	2074	1466
367	3495	1984	1511
368	3737	2229	1508
369	3833	2346	1487
370	3689	2246	1443
371	3601	2164	1437
372	3790	2261	1529
373	3764	2278	1486
374	3609	2154	1455
375	3719	2184	1535
376	3765	2259	1506
377	3830	2302	1528
378	3759	2250	1509
379	3609	2097	1512
380	3791	2273	1518
381	3735	2282	1453
382	3713	2205	1508
383	3585	2076	1509
384	3734	2244	1490
385	3912	2311	1601
386	3750	2190	1560
387	3694	2158	1536
388	3836	2340	1496
389	3940	2421	1519
390	3758	2228	1530
391	3684	2169	1515
392	3860	2281	1579
393	3758	2201	1557
394	3675	2274	1401
395	3613	2171	1442
396	3659	2155	1504
397	3725	2205	1520
398	3703	2158	1545
399	3647	2077	1570
400	3752	2225	1527
401	3778	2282	1496
402	3634	2141	1493
403	3626	2110	1516
404	3956	2337	1619
405	3843	2301	1542
406	3963	2399	1564
407	3766	2211	1555
408	3862	2285	1577
409	3721	2216	1505
410	3589	2073	1516
411	3680	2121	1559
412	3722	2209	1513
413	3759	2246	1513
414	3763	2190	1573
415	3691	2111	1580
416	3810	2255	1555
417	3810	2255	1555
418	3588	2093	1495
419	3485	2011	1474
420	3677	2126	1551
421	3700	2151	1549
422	3576	2083	1493
423	3842	2287	1555
424	3891	2313	1578
425	3834	2305	1529
426	3627	2060	1567
427	3490	1955	1535
428	3690	2199	1491
429	4024	2506	1518
430	3785	2261	1524
431	3695	2116	1579
432	3851	2306	1545
433	4027	2413	1614
434	3848	2174	1674
435	3668	2011	1657
436	3906	2298	1608
437	3932	2382	1550
438	3618	2126	1492
439	3554	2036	1518
440	3826	2277	1549
441	3814	2283	1531
442	3572	2021	1551
443	3687	2041	1646
444	3889	2240	1649
445	3978	2400	1578
446	3786	2214	1572
447	3649	2083	1566
448	3954	2331	1623
449	4070	2441	1629
450	3936	2258	1678
451	3727	2040	1687
452	3783	2208	1575
453	3924	2325	1599
454	3781	2178	1603
455	3616	2077	1539
456	3764	2235	1529
457	3990	2393	1597
458	3825	2170	1655
459	3757	2079	1678
460	3974	2340	1634
461	3957	2392	1565
462	3810	2230	1580
463	3596	1990	1606
464	3756	2155	1601
465	3892	2304	1588
466	3661	2071	1590
467	3597	1980	1617
468	3881	2246	1635
469	4117	2450	1667
470	4020	2344	1676
471	3709	2082	1627
472	3795	2211	1584
473	3943	2408	1535
474	3829	2226	1603
475	3607	1984	1623
476	3733	2156	1577
477	3937	2335	1602
478	3848	2212	1636
479	3584	2002	1582
480	3873	2247	1626
481	4077	2410	1667
482	3983	2347	1636
483	3790	2140	1650
484	3913	2247	1666
485	3921	2300	1621
486	3774	2144	1630
487	3538	1942	1596
488	3850	2208	1642
489	3994	2347	1647
490	3696	2082	1614
491	3563	1955	1608
492	3893	2259	1634
493	4027	2397	1630
494	3774	2161	1613
495	3709	2135	1574
496	3973	2339	1634
497	3982	2313	1669
498	3699	2131	1568
499	3527	1967	1560
500	3795	2202	1593
501	4005	2386	1619
502	3742	2139	1603
503	3665	2037	1628
504	3924	2264	1660
505	3936	2324	1612
506	3891	2251	1640
507	3762	2113	1649
508	4063	2380	1683
509	4144	2516	1628
510	3869	2279	1590
511	3725	2036	1689
512	3946	2281	1665
513	4029	2406	1623
514	3903	2275	1628
515	3919	2237	1682
516	4025	2312	1713
517	3931	2282	1649
518	3796	2160	1636
519	3869	2159	1710
520	4069	2387	1682
521	3997	2383	1614
522	3837	2237	1600
523	3819	2199	1620
524	3923	2307	1616
525	4093	2456	1637
526	3862	2197	1665
527	3616	1973	1643
528	3906	2235	1671
529	4034	2369	1665
530	3855	2143	1712
531	3607	1942	1665
532	3756	2162	1594
533	3936	2313	1623
534	3850	2173	1677
535	4553	2828	1725
536	4422	2717	1705
537	4020	2375	1645
538	3717	2168	1549
539	3618	2028	1590
540	3764	2178	1586
541	3962	2370	1592
542	3821	2162	1659
543	3586	1950	1636
544	3846	2234	1612
545	4055	2429	1626
546	3818	2188	1630
547	3697	2073	1624
548	3974	2312	1662
549	4264	2563	1701
550	3914	2222	1692
551	3603	2000	1603
552	4175	2520	1655
553	4195	2522	1673
554	3964	2302	1662
555	3813	2104	1709
556	3929	2268	1661
557	3950	2289	1661
558	3729	2069	1660
559	3687	2025	1662
560	3836	2214	1622
561	4233	2544	1689
562	3930	2238	1692
563	3605	1980	1625
564	3895	2236	1659
565	4095	2398	1697
566	3868	2184	1684
567	3723	2073	1650
568	3931	2285	1646
569	4047	2371	1676
570	3822	2136	1686
571	3609	1980	1629
572	3881	2241	1640
573	3995	2338	1657
574	3799	2131	1668
575	3619	1973	1646
576	3934	2202	1732
577	4027	2354	1673
578	3866	2198	1668
579	3749	2127	1622
580	3923	2321	1602
581	4078	2396	1682
582	3733	2157	1576
583	3577	1947	1630
584	3792	2172	1620
585	3848	2245	1603
586	3882	2208	1674
587	3703	2082	1621
588	3891	2260	1631
589	4054	2363	1691
590	3924	2189	1735
591	3651	2024	1627
592	3747	2151	1596
593	3926	2296	1630
594	3655	2036	1619
595	3582	1940	1642
596	3767	2161	1606
597	4004	2336	1668
598	4003	2267	1736
599	3731	2058	1673
600	3877	2229	1648
601	3968	2317	1651
602	3830	2196	1634
603	3676	2083	1593
604	3853	2193	1660
605	3917	2260	1657
606	3702	2101	1601
607	3631	1994	1637
608	3969	2273	1696
609	3949	2294	1655
610	3827	2141	1686
611	3757	2079	1678
612	3861	2242	1619
613	3988	2313	1675
614	3964	2229	1735
615	3729	2064	1665
616	3872	2240	1632
617	3941	2361	1580
618	3749	2113	1636
619	3684	2028	1656
620	4137	2443	1694
621	4084	2439	1645
622	3834	2189	1645
623	3783	2065	1718
624	3857	2217	1640
625	3974	2315	1659
626	3837	2175	1662
627	3747	2054	1693
628	3994	2311	1683
629	4028	2363	1665
630	3879	2176	1703
631	3744	2014	1730
632	3946	2250	1696
633	4143	2414	1729
634	4138	2380	1758
635	3901	2148	1753
636	4130	2372	1758
637	4126	2359	1767
638	3928	2174	1754
639	3769	2036	1733
640	3941	2214	1727
641	4041	2264	1777
642	3813	2039	1774
643	3761	2004	1757
644	3875	2186	1689
645	4082	2322	1760
646	4240	2373	1867
647	4048	2205	1843
648	4110	2321	1789
649	4137	2368	1769
650	3781	2042	1739
651	3679	1938	1741
652	4026	2300	1726
653	4186	2407	1779
654	3995	2197	1798
655	3812	2037	1775
656	3957	2181	1776
657	4071	2287	1784
658	3970	2169	1801
659	3761	1977	1784
660	3915	2136	1779
661	4195	2392	1803
662	3958	2214	1744
663	3634	1978	1656
664	3829	2122	1707
665	3989	2256	1733
666	3769	2066	1703
667	3753	2019	1734
668	4020	2229	1791
669	4111	2270	1841
670	4003	2097	1906
671	3828	1977	1851
672	4024	2234	1790
673	4190	2385	1805
674	4151	2258	1893
675	3951	2093	1858
676	4035	2204	1831
677	4100	2270	1830
678	3953	2115	1838
679	3943	2087	1856
680	4101	2237	1864
681	4084	2239	1845
682	4046	2148	1898
683	3857	1994	1863
684	4188	2302	1886
685	4356	2456	1900
686	4041	2169	1872
687	3915	2069	1846
688	4032	2219	1813
689	4192	2317	1875
690	4081	2189	1892
691	3970	2089	1881
692	4130	2251	1879
693	4299	2386	1913
694	4002	2103	1899
695	3909	2007	1902
696	4101	2159	1942
697	4119	2215	1904
698	4021	2130	1891
699	3940	2041	1899
700	4457	2502	1955
701	4424	2479	1945
702	4083	2170	1913
703	3959	2041	1918
704	4299	2369	1930
705	4339	2435	1904
706	4201	2281	1920
707	3989	2064	1925
708	4127	2237	1890
709	4295	2378	1917
710	4046	2112	1934
711	3937	1996	1941
712	4189	2353	1836
713	4353	2488	1865
714	4038	2108	1930
715	3978	2022	1956
716	4200	2301	1899
717	4293	2382	1911
718	4229	2246	1983
719	4111	2076	2035
720	4142	2193	1949
721	4264	2297	1967
722	4336	2288	2048
723	4131	2101	2030
724	4278	2248	2030
725	4488	2430	2058
726	4232	2209	2023
727	4020	2034	1986
728	4262	2197	2065
729	4381	2290	2091
730	4197	2152	2045
731	4044	2002	2042
732	4477	2428	2049
733	4585	2472	2113
734	4397	2216	2181
735	4227	2097	2130
736	4396	2303	2093
737	4444	2366	2078
738	4354	2232	2122
739	4221	2096	2125
740	4598	2402	2196
741	4603	2465	2138
742	4251	2136	2115
743	4182	2003	2179
744	4467	2263	2204
745	4509	2346	2163
746	4383	2237	2146
747	4235	2053	2182
748	4403	2230	2173
749	4539	2330	2209
750	4332	2158	2174
751	4209	2079	2130
752	4411	2301	2110
753	4563	2350	2213
754	4301	2113	2188
755	4115	1929	2186
756	4447	2268	2179
757	4761	2462	2299
758	4520	2261	2259
759	4282	2077	2205
760	4487	2230	2257
761	4632	2365	2267
762	4435	2155	2280
763	4365	2057	2308
764	4517	2251	2266
765	4605	2310	2295
766	4456	2110	2346
767	4396	2012	2384
768	4716	2357	2359
769	4780	2476	2304
770	4516	2157	2359
771	4448	2061	2387
772	4609	2235	2374
773	4808	2364	2444
774	4616	2176	2440
775	4386	2017	2369
776	5046	2673	2373
777	5130	2648	2482
778	4646	2183	2463
779	4473	2088	2385
780	4801	2334	2467
781	4982	2479	2503
782	4766	2263	2503
783	4498	2054	2444
784	4638	2209	2429
785	4724	2264	2460
786	4755	2237	2518
787	4643	2095	2548
788	4790	2268	2522
789	4836	2311	2525
790	4609	2060	2549
791	4478	1961	2517
792	4833	2306	2527
793	5162	2531	2631
794	4898	2215	2683
795	4647	1987	2660
796	4895	2278	2617
797	4960	2364	2596
798	4717	2086	2631
799	4784	2136	2648
800	5014	2349	2665
801	4950	2380	2570
802	4758	2158	2600
803	4670	2017	2653
804	4961	2271	2690
805	5055	2389	2666
806	4778	2143	2635
807	4712	2025	2687
808	5056	2376	2680
809	5192	2443	2749
810	5085	2247	2838
811	5027	2228	2799
812	5165	2383	2782
813	5201	2444	2757
814	5155	2350	2805
815	4953	2158	2795
816	5204	2439	2765
817	5181	2442	2739
818	5057	2182	2875
819	5028	2140	2888
820	5145	2294	2851
821	5167	2343	2824
822	5314	2424	2890
823	5194	2264	2930
824	5174	2291	2883
825	5178	2317	2861
826	5053	2179	2874
827	5038	2162	2876
828	5313	2371	2942
829	5488	2492	2996
830	5166	2187	2979
831	5030	2055	2975
832	5258	2231	3027
833	5286	2336	2950
834	5096	2182	2914
835	5051	2062	2989
836	5404	2396	3008
837	5457	2479	2978
838	5230	2170	3060
839	5085	2047	3038
840	5362	2303	3059
841	5490	2346	3144
842	5246	2140	3106
843	5052	1993	3059
844	5355	2269	3086
845	5662	2529	3133
846	5482	2288	3194
847	5338	2114	3224
848	5524	2279	3245
849	5502	2333	3169
850	5417	2247	3170
851	5396	2189	3207
852	5489	2294	3195
853	5615	2402	3213
854	5452	2237	3215
855	5282	2063	3219
856	5623	2313	3310
857	5679	2366	3313
858	5533	2193	3340
859	5379	2015	3364
860	5593	2241	3352
861	5694	2361	3333
862	5571	2174	3397
863	5354	2015	3339
864	5543	2192	3351
865	5845	2400	3445
866	5639	2254	3385
867	5368	2048	3320
868	5626	2213	3413
869	5950	2423	3527
870	5686	2277	3409
871	5461	2055	3406
872	5607	2203	3404
873	5743	2304	3439
874	5588	2158	3430
875	5559	2098	3461
876	5749	2276	3473
877	5887	2378	3509
878	5744	2197	3547
879	5528	2065	3463
880	5738	2272	3466
881	5910	2375	3535
882	5834	2259	3575
883	5648	2057	3591
884	5847	2274	3573
885	5992	2417	3575
886	5731	2185	3546
887	5565	2050	3515
888	5715	2152	3563
889	5862	2246	3616
890	6054	2316	3738
891	5818	2163	3655
892	5902	2285	3617
893	6141	2383	3758
894	5928	2217	3711
895	5810	2105	3705
896	6030	2267	3763
897	6147	2295	3852
898	6168	2244	3924
899	5939	2086	3853
900	6125	2261	3864
901	6185	2308	3877
902	6028	2185	3843
903	5951	2126	3825
904	6252	2394	3858
905	6259	2359	3900
906	6122	2196	3926
907	5881	2045	3836
908	6141	2319	3822
909	6486	2477	4009
910	6164	2189	3975
911	5910	1983	3927
912	6159	2174	3985
913	6246	2309	3937
914	6062	2166	3896
915	5958	2006	3952
916	6280	2232	4048
917	6523	2399	4124
918	6306	2176	4130
919	6157	2078	4079
920	6305	2253	4052
921	6346	2339	4007
922	6098	2146	3952
923	6028	1959	4069
924	6191	2106	4085
925	6457	2306	4151
926	6293	2138	4155
927	6142	2014	4128
928	6425	2251	4174
929	6573	2423	4150
930	6359	2203	4156
931	6146	2053	4093
932	6355	2252	4103
933	6557	2448	4109
934	6349	2220	4129
935	6224	1982	4242
936	6377	2177	4200
937	6498	2313	4185
938	6299	2104	4195
939	6687	2395	4292
940	6821	2479	4342
941	6996	2596	4400
942	6473	2206	4267
943	6150	1908	4242
944	6582	2213	4369
945	6760	2408	4352
946	6520	2194	4326
947	6428	2101	4327
948	6494	2264	4230
949	6628	2379	4249
950	6658	2338	4320
951	6533	2207	4326
952	6585	2303	4282
953	6606	2359	4247
954	6558	2210	4348
955	6609	2140	4469
956	6802	2335	4467
957	7094	2619	4475
958	6615	2238	4377
959	6401	2082	4319
960	6634	2326	4308
961	6755	2406	4349
962	6653	2281	4372
963	6704	2307	4397
964	7043	2615	4428
965	6894	2444	4450
966	6498	2087	4411
967	6432	2036	4396
968	6834	2373	4461
969	6857	2373	4484
970	6573	2167	4406
971	6474	2085	4389
972	6563	2162	4401
973	6785	2327	4458
974	6767	2229	4538
975	6556	2064	4492
976	6734	2278	4456
977	6821	2298	4523
978	6583	2115	4468
979	6630	2122	4508
980	6919	2330	4589
981	6963	2385	4578
982	6629	2166	4463
983	6682	2082	4600
984	6968	2324	4644
985	6980	2351	4629
986	6885	2240	4645
987	6733	2102	4631
988	6836	2282	4554
989	6922	2368	4554
990	6653	2125	4528
991	6562	2029	4533
992	6846	2332	4514
993	7003	2435	4568
994	6769	2174	4595
995	6587	2026	4561
996	6897	2292	4605
997	7030	2364	4666
998	6684	2148	4536
999	6595	2148	4447
1000	6837	2266	4571
1001	6945	2289	4656
1002	6757	2129	4628
1003	6628	2008	4620
1004	6878	2309	4569
1005	6997	2390	4607
1006	6720	2123	4597
1007	6625	2027	4598
1008	6843	2274	4569
1009	6990	2405	4585
1010	7170	2462	4708
1011	6916	2244	4672
1012	6836	2226	4610
1013	7180	2543	4637
1014	6809	2250	4559
1015	6587	2041	4546
1016	6843	2255	4588
1017	6962	2340	4622
1018	6881	2206	4675
1019	6660	2031	4629
1020	6962	2273	4689
1021	7117	2397	4720
1022	7105	2303	4802
1023	7103	2200	4903
1024	7102	2305	4797
1025	7034	2331	4703
1026	6836	2126	4710
1027	6748	2052	4696
1028	7111	2383	4728
1029	7128	2395	4733
1030	7066	2251	4815
1031	7019	2148	4871
1032	7069	2265	4804
1033	7069	2331	4738
1034	7011	2236	4775
1035	6998	2107	4891
1036	7045	2216	4829
1037	7242	2421	4821
1038	7215	2357	4858
1039	7105	2218	4887
1040	7176	2339	4837
1041	7194	2440	4754
1042	7041	2241	4800
1043	6821	2065	4756
1044	6872	2094	4778
1045	7257	2420	4837
1046	7170	2280	4890
1047	6866	2060	4806
1048	7063	2320	4743
1049	7217	2457	4760
1050	6999	2253	4746
1051	6888	2133	4755
1052	7276	2474	4802
1053	7324	2467	4857
1054	7603	2739	4864
1055	7150	2347	4803
1056	7014	2236	4778
1057	7174	2416	4758
1058	7034	2248	4786
1059	6818	2045	4773
1060	7055	2287	4768
1061	7170	2397	4773
1062	6855	2158	4697
1063	6755	2132	4623
1064	6886	2267	4619
1065	6905	2370	4535
1066	6782	2211	4571
1067	6649	2044	4605
1068	7008	2345	4663
1069	7068	2386	4682
1070	7065	2248	4817
1071	7012	2140	4872
1072	7055	2192	4863
1073	7268	2384	4884
1074	7197	2263	4934
1075	6963	2022	4941
1076	7221	2334	4887
1077	7261	2415	4846
1078	7031	2186	4845
1079	7008	2158	4850
1080	7294	2417	4877
1081	7306	2383	4923
1082	7076	2225	4851
1083	6992	2064	4928
1084	7187	2238	4949
1085	7110	2251	4859
1086	7009	2166	4843
1087	6903	2074	4829
1088	7115	2271	4844
1089	7256	2372	4884
1090	7107	2176	4931
1091	7167	2166	5001
1092	7411	2376	5035
1093	7407	2412	4995
1094	7124	2178	4946
1095	6868	2024	4844
1096	6979	2213	4766
1097	7159	2393	4766
1098	7016	2238	4778
1099	6794	2034	4760
1100	6883	2121	4762
1101	7172	2381	4791
1102	7095	2219	4876
1103	6864	2093	4771
1104	7123	2275	4848
1105	7171	2306	4865
1106	6964	2126	4838
1107	6930	2045	4885
1108	7072	2218	4854
1109	7205	2274	4931
1110	7078	2117	4961
1111	7201	2210	4991
1112	7314	2375	4939
1113	7334	2419	4915
1114	7106	2188	4918
1115	6849	2008	4841
1116	6941	2148	4793
1117	7151	2279	4872
1118	7188	2255	4933
1119	7063	2114	4949
1120	7229	2211	5018
1121	7288	2272	5016
1122	7237	2241	4996
1123	7201	2161	5040
1124	7531	2421	5110
1125	7486	2422	5064
1126	7147	2134	5013
1127	7037	2017	5020
1128	7340	2213	5127
1129	7419	2265	5154
1130	7225	2083	5142
1131	7176	2030	5146
1132	7368	2202	5166
1133	7534	2350	5184
1134	7286	2147	5139
1135	7107	2014	5093
1136	7480	2348	5132
1137	7543	2436	5107
1138	7307	2194	5113
1139	7273	2072	5201
1140	7449	2286	5163
1141	7555	2313	5242
1142	7488	2208	5280
1143	7513	2236	5277
1144	7611	2341	5270
1145	7597	2322	5275
1146	7500	2219	5281
1147	7316	2066	5250
1148	7452	2198	5254
1149	7588	2295	5293
1150	7353	2112	5241
1151	7617	2229	5388
1152	7686	2258	5428
1153	7694	2297	5397
1154	7554	2198	5356
1155	7419	2114	5305
1156	7538	2273	5265
1157	7861	2557	5304
1158	7608	2252	5356
1159	7362	2035	5327
1160	7725	2354	5371
1161	7773	2420	5353
1162	7566	2175	5391
1163	7539	2094	5445
1164	7661	2237	5424
1165	7736	2392	5344
1166	7707	2229	5478
1167	7729	2091	5638
1168	8062	2368	5694
1169	8017	2397	5620
1170	7638	2122	5516
1171	7865	2291	5574
1172	8163	2526	5637
1173	8031	2493	5538
1174	7772	2218	5554
1175	7554	2044	5510
1176	7732	2264	5468
1177	7948	2330	5618
1178	7855	2166	5689
1179	7635	1969	5666
1180	7811	2129	5682
1181	8040	2350	5690
1182	7887	2175	5712
1183	7779	2031	5748
1184	7974	2261	5713
1185	8064	2301	5763
1186	7880	2165	5715
1187	7759	2025	5734
1188	7877	2117	5760
1189	8068	2300	5768
1190	8079	2216	5863
1191	7903	2052	5851
1192	8060	2265	5795
1193	8165	2345	5820
1194	7951	2102	5849
1195	7870	1992	5878
1196	8100	2174	5926
1197	8241	2347	5894
1198	8065	2164	5901
1199	8002	2134	5868
1200	8329	2452	5877
1201	8491	2518	5973
1202	8150	2153	5997
1203	8106	2086	6020
1204	8330	2336	5994
1205	8510	2526	5984
1206	8367	2241	6126
1207	8169	2053	6116
1208	8195	2160	6035
1209	8255	2290	5965
1210	8235	2208	6027
1211	8225	2122	6103
1212	8361	2253	6108
1213	8464	2360	6104
1214	8281	2188	6093
1215	8127	2069	6058
1216	8316	2219	6097
1217	8499	2355	6144
1218	8411	2218	6193
1219	8319	2091	6228
1220	8523	2283	6240
1221	8634	2369	6265
1222	8392	2212	6180
1223	8229	2069	6160
1224	8476	2226	6250
1225	8599	2297	6302
1226	8461	2102	6359
1227	8295	1948	6347
1228	8622	2346	6276
1229	8830	2439	6391
1230	8575	2197	6378
1231	8446	2083	6363
1232	8648	2292	6356
1233	8726	2317	6409
1234	8616	2155	6461
1235	8545	2086	6459
1236	8833	2326	6507
1237	8963	2387	6576
1238	8761	2157	6604
1239	8532	1943	6589
1240	8835	2227	6608
1241	9013	2458	6555
1242	8790	2173	6617
1243	8700	2019	6681
1244	9020	2252	6768
1245	9232	2406	6826
1246	8923	2162	6761
1247	8863	2099	6764
1248	9107	2310	6797
1249	9085	2346	6739
1250	8933	2137	6796
1251	8939	2105	6834
1252	9037	2246	6791
1253	9047	2259	6788
1254	8989	2157	6832
1255	8953	2107	6846
1256	9200	2345	6855
1257	9260	2346	6914
1258	9002	2107	6895
1259	8897	2002	6895
1260	9125	2209	6916
1261	9258	2279	6979
1262	9359	2356	7003
1263	9090	2140	6950
1264	9255	2270	6985
1265	9397	2306	7091
1266	9219	2172	7047
1267	9063	2077	6986
1268	9325	2265	7060
1269	9466	2360	7106
1270	9146	2090	7056
1271	9117	2018	7099
1272	9969	2800	7169
1273	9866	2613	7253
1274	9522	2199	7323
1275	9412	2020	7392
1276	9487	2170	7317
1277	9627	2318	7309
1278	9517	2147	7370
1279	9402	2074	7328
1280	9641	2336	7305
1281	9754	2322	7432
1282	9692	2231	7461
1283	9516	2074	7442
1284	9689	2231	7458
1285	9810	2338	7472
1286	9672	2148	7524
1287	9570	2081	7489
1288	9809	2294	7515
1289	9951	2413	7538
1290	9779	2223	7556
1291	9709	2090	7619
1292	10098	2336	7762
1293	10061	2376	7685
1294	9772	2080	7692
1295	9649	1955	7694
1296	10436	2609	7827
1297	10552	2672	7880
1298	10040	2230	7810
1299	9972	2150	7822
1300	10117	2297	7820
1301	10308	2380	7928
1302	10220	2168	8052
1303	9990	2037	7953
1304	10198	2322	7876
1305	10437	2461	7976
1306	10274	2209	8065
1307	10274	2127	8147
1308	10462	2318	8144
1309	10636	2473	8163
1310	10377	2231	8146
1311	10352	2073	8279
1312	10698	2328	8370
1313	10623	2314	8309
1314	10532	2227	8305
1315	10527	2166	8361
1316	10739	2337	8402
1317	10758	2354	8404
1318	10538	2142	8396
1319	10446	2012	8434
1320	10744	2251	8493
1321	11041	2486	8555
1322	10717	2199	8518
1323	10460	1991	8469
1324	10681	2188	8493
1325	10658	2234	8424
1326	10662	2101	8561
1327	10697	1996	8701
1328	11025	2259	8766
1329	11257	2421	8836
1330	10942	2224	8718
1331	10686	2001	8685
1332	10853	2165	8688
1333	11057	2371	8686
1334	10905	2163	8742
1335	10780	2014	8766
1336	11055	2263	8792
1337	11214	2353	8861
1338	11103	2162	8941
1339	10888	2013	8875
1340	11152	2250	8902
1341	11331	2383	8948
1342	11009	2153	8856
1343	10959	2021	8938
1344	11185	2208	8977
1345	11459	2338	9121
1346	11418	2301	9117
1347	11262	2147	9115
1348	11374	2204	9170
1349	11388	2270	9118
1350	11175	2116	9059
1351	11098	1973	9125
1352	11570	2397	9173
1353	11643	2408	9235
1354	11384	2075	9309
1355	11379	2037	9342
1356	11603	2233	9370
1357	11637	2295	9342
1358	11579	2268	9311
1359	11626	2216	9410
1360	11656	2270	9386
1361	11650	2333	9317
1362	11510	2169	9341
1363	11391	2027	9364
1364	11717	2304	9413
1365	11828	2417	9411
1366	11760	2244	9516
1367	11531	2075	9456
1368	11794	2308	9486
1369	11969	2392	9577
1370	11861	2208	9653
1371	11596	2066	9530
1372	11785	2287	9498
1373	12071	2466	9605
1374	11902	2257	9645
1375	11737	2075	9662
1376	11760	2257	9503
1377	11833	2282	9551
1378	11891	2197	9694
1379	11758	2113	9645
1380	11746	2228	9518
1381	11868	2299	9569
1382	11711	2154	9557
1383	11607	2024	9583
1384	11917	2215	9702
1385	12108	2341	9767
1386	11873	2127	9746
1387	11739	2015	9724
1388	12238	2460	9778
1389	12236	2541	9695
1390	11925	2249	9676
1391	11791	2153	9638
1392	11946	2308	9638
1393	12081	2376	9705
1394	11851	2120	9731
1395	11674	1952	9722
1396	11971	2215	9756
1397	12128	2396	9732
1398	11947	2165	9782
1399	12050	2139	9911
1400	12130	2307	9823
1401	12078	2360	9718
1402	11866	2148	9718
1403	12004	2110	9894
1404	12159	2250	9909
1405	12238	2318	9920
1406	12012	2107	9905
1407	11915	2024	9891
1408	12136	2128	10008
1409	12296	2305	9991
1410	12177	2198	9979
1411	12053	2039	10014
1412	12272	2176	10096
1413	12289	2341	9948
1414	12257	2225	10032
1415	12135	2150	9985
1416	12331	2295	10036
1417	12476	2349	10127
1418	12470	2293	10177
1419	12366	2164	10202
1420	12434	2233	10201
1421	12557	2367	10190
1422	12319	2148	10171
1423	12348	2065	10283
1424	12697	2403	10294
1425	12731	2454	10277
1426	12463	2129	10334
1427	12369	1983	10386
1428	12716	2319	10397
1429	12757	2344	10413
1430	12451	2108	10343
1431	12327	2034	10293
1432	12524	2249	10275
1433	12651	2392	10259
1434	12556	2180	10376
1435	12502	2084	10418
1436	12786	2443	10343
1437	12768	2512	10256
1438	12507	2223	10284
1439	12509	2140	10369
1440	12900	2446	10454
1441	12802	2397	10405
1442	12456	2109	10347
1443	12269	2021	10248
1444	12725	2329	10396
1445	12793	2358	10435
1446	12456	2080	10376
1447	12387	1978	10409
1448	12593	2217	10376
1449	12611	2286	10325
1450	12450	2206	10244
1451	12181	2063	10118
1452	12461	2201	10260
1453	12542	2214	10328
1454	12352	2004	10348
1455	12185	1985	10200
1456	12385	2296	10089
1457	12417	2331	10086
1458	12210	2121	10089
1459	12030	1959	10071
1460	12332	2261	10071
1461	12406	2397	10009
1462	12135	2118	10017
1463	12089	2110	9979
1464	12199	2232	9967
1465	12213	2280	9933
1466	12237	2298	9939
1467	12071	2135	9936
1468	12183	2327	9856
1469	12379	2436	9943
1470	12154	2195	9959
1471	11972	2025	9947
1472	12253	2253	10000
1473	12249	2302	9947
1474	12201	2161	10040
1475	12056	2042	10014
1476	12287	2298	9989
1477	12454	2417	10037
1478	12150	2154	9996
1479	12022	2062	9960
1480	12139	2214	9925
1481	12204	2285	9919
1482	12218	2200	10018
1483	12195	2154	10041
1484	12362	2336	10026
1485	12486	2445	10041
1486	12383	2338	10045
1487	12226	2159	10067
1488	12296	2245	10051
1489	12213	2284	9929
1490	12049	2101	9948
1491	12245	2242	10003
1492	12398	2353	10045
1493	12360	2291	10069
1494	12138	2064	10074
1495	12051	2018	10033
1496	12327	2318	10009
1497	12392	2305	10087
1498	12178	2103	10075
1499	11983	1994	9989
1500	12186	2222	9964
1501	12322	2355	9967
1502	12120	2151	9969
1503	12054	2062	9992
1504	12176	2304	9872
1505	12313	2456	9857
1506	12109	2200	9909
1507	11951	2012	9939
1508	12006	2105	9901
1509	12324	2439	9885
1510	11984	2179	9805
1511	11862	1972	9890
1512	12105	2251	9854
1513	12207	2405	9802
1514	12182	2301	9881
1515	11986	2114	9872
1516	12098	2322	9776
1517	12154	2394	9760
1518	12040	2252	9788
1519	11737	2053	9684
1520	11954	2274	9680
1521	12315	2465	9850
1522	12173	2315	9858
1523	11710	2068	9642
1524	11724	2134	9590
1525	11999	2270	9729
1526	11875	2206	9669
1527	11638	2044	9594
1528	11738	2166	9572
1529	11816	2247	9569
1530	11670	2107	9563
1531	11737	2136	9601
1532	11805	2296	9509
1533	11738	2306	9432
1534	11671	2175	9496
1535	11640	2154	9486
1536	11737	2210	9527
1537	11910	2299	9611
1538	11979	2300	9679
1539	11866	2184	9682
1540	12009	2368	9641
1541	11910	2379	9531
1542	11794	2361	9433
1543	11819	2322	9497
1544	11845	2292	9553
1545	11673	2247	9426
1546	11579	2061	9518
1547	11455	2033	9422
1548	11580	2243	9337
1549	11708	2313	9395
1550	11476	2150	9326
1551	11219	1977	9242
1552	11713	2319	9394
1553	11866	2463	9403
1554	11368	2154	9214
1555	11187	2036	9151
1556	11371	2200	9171
1557	11565	2400	9165
1558	11285	2116	9169
1559	11176	2015	9161
1560	11408	2189	9219
1561	11525	2367	9158
1562	11387	2203	9184
1563	11265	2081	9184
1564	11380	2246	9134
1565	11436	2315	9121
1566	11295	2139	9156
1567	11055	2042	9013
1568	11522	2508	9014
1569	11621	2518	9103
1570	11103	2146	8957
1571	10984	2057	8927
1572	12144	3058	9086
1573	11794	2799	8995
1574	11039	2133	8906
1575	10995	2062	8933
1576	11525	2509	9016
1577	11389	2439	8950
1578	10916	2207	8709
1579	10965	2216	8749
1580	11127	2302	8825
1581	11177	2346	8831
1582	11006	2127	8879
1583	10821	2033	8788
1584	10850	2122	8728
1585	10879	2239	8640
1586	10833	2171	8662
1587	10706	2067	8639
1588	10874	2220	8654
1589	10972	2381	8591
1590	10662	2170	8492
1591	10372	1989	8383
1592	10697	2234	8463
1593	10725	2261	8464
1594	10580	2120	8460
1595	10751	2194	8557
1596	11267	2696	8571
1597	11052	2516	8536
1598	10704	2152	8552
1599	10609	2026	8583
1600	10751	2244	8507
1601	10747	2249	8498
1602	10541	2207	8334
1603	10552	2145	8407
1604	10804	2260	8544
1605	10743	2272	8471
1606	10568	2125	8443
1607	10571	2095	8476
1608	10859	2274	8585
1609	10888	2256	8632
1610	10548	2083	8465
1611	10464	2013	8451
1612	10781	2271	8510
1613	10829	2307	8522
1614	10697	2220	8477
1615	10522	2033	8489
1616	10855	2270	8585
1617	10880	2351	8529
1618	10735	2306	8429
1619	10570	2183	8387
1620	10770	2339	8431
1621	10724	2390	8334
1622	10438	2134	8304
1623	10498	2042	8456
1624	10997	2442	8555
1625	10833	2469	8364
1626	10484	2191	8293
1627	10429	2054	8375
1628	10934	2492	8442
1629	11007	2581	8426
1630	10627	2218	8409
1631	10452	1995	8457
1632	10737	2306	8431
1633	10788	2322	8466
1634	10577	2166	8411
1635	10407	2055	8352
1636	10657	2212	8445
1637	10634	2242	8392
1638	10409	2081	8328
1639	10325	2059	8266
1640	10761	2437	8324
1641	10828	2474	8354
1642	10573	2254	8319
1643	10241	2024	8217
1644	10339	2165	8174
1645	10456	2255	8201
1646	10401	2163	8238
1647	10198	2027	8171
1648	10502	2276	8226
1649	10594	2355	8239
1650	10328	2121	8207
1651	10254	2017	8237
1652	10409	2259	8150
1653	10464	2327	8137
1654	10209	2061	8148
1655	10132	2007	8125
1656	10244	2175	8069
1657	10332	2188	8144
1658	10280	2117	8163
1659	10202	2056	8146
1660	10477	2347	8130
1661	10677	2551	8126
1662	10355	2251	8104
1663	10201	2063	8138
1664	10370	2282	8088
1665	10516	2343	8173
1666	10334	2205	8129
1667	10326	2147	8179
1668	10377	2264	8113
1669	10337	2311	8026
1670	10294	2189	8105
1671	10177	2143	8034
1672	10285	2273	8012
1673	10390	2308	8082
1674	10241	2139	8102
1675	9993	1986	8007
1676	10342	2191	8151
1677	10534	2302	8232
1678	10319	2173	8146
1679	10160	2052	8108
1680	10496	2358	8138
1681	10531	2458	8073
1682	10213	2202	8011
1683	10158	2014	8144
1684	10516	2324	8192
1685	10622	2361	8261
1686	10218	2076	8142
1687	10218	2102	8116
1688	10350	2248	8102
1689	10336	2261	8075
1690	10304	2155	8149
1691	10127	2074	8053
1692	10338	2336	8002
1693	10383	2333	8050
1694	10130	2066	8064
1695	10117	2042	8075
1696	10392	2237	8155
1697	10419	2314	8105
1698	10217	2162	8055
1699	10217	2089	8128
1700	10463	2376	8087
1701	10602	2466	8136
1702	10289	2141	8148
1703	10164	2063	8101
1704	10337	2210	8127
1705	10426	2312	8114
1706	10260	2129	8131
1707	10130	2072	8058
1708	10432	2344	8088
1709	10606	2505	8101
1710	10481	2361	8120
1711	10264	2130	8134
1712	10441	2292	8149
1713	10612	2412	8200
1714	10457	2185	8272
1715	10167	1974	8193
1716	10227	2193	8034
1717	10403	2306	8097
1718	10254	2158	8096
1719	10207	2093	8114
1720	10483	2338	8145
1721	10453	2343	8110
1722	10264	2160	8104
1723	10209	2043	8166
1724	10460	2302	8158
1725	10537	2405	8132
1726	10289	2173	8116
1727	10191	2048	8143
1728	10259	2082	8177
1729	10432	2320	8112
1730	10315	2142	8173
1731	10278	2064	8214
1732	10451	2251	8200
1733	10415	2257	8158
1734	10231	2084	8147
1735	10203	1949	8254
1736	10357	2124	8233
1737	10541	2349	8192
1738	10588	2275	8313
1739	10433	2099	8334
1740	10602	2237	8365
1741	10654	2307	8347
1742	10522	2191	8331
1743	10412	2101	8311
1744	10474	2223	8251
1745	10514	2265	8249
1746	10330	2116	8214
1747	10396	2092	8304
1748	10589	2240	8349
1749	10665	2309	8356
1750	10498	2116	8382
1751	10314	1960	8354
1752	10481	2179	8302
1753	10677	2349	8328
1754	10494	2187	8307
1755	10256	2007	8249
1756	10564	2250	8314
1757	10756	2339	8417
1758	10515	2144	8371
1759	10377	1993	8384
1760	10467	2183	8284
1761	10571	2227	8344
1762	10538	2138	8400
1763	10360	2017	8343
1764	10715	2287	8428
1765	10794	2379	8415
1766	10486	2114	8372
1767	10404	2032	8372
1768	10588	2155	8433
1769	10694	2246	8448
1770	10585	2155	8430
1771	10612	2132	8480
1772	10843	2307	8536
1773	10978	2430	8548
1774	10830	2337	8493
1775	10565	2098	8467
1776	10691	2229	8462
1777	10753	2289	8464
1778	10542	2060	8482
1779	10386	1953	8433
1780	10599	2130	8469
1781	10717	2246	8471
1782	10718	2244	8474
1783	10554	2097	8457
1784	10576	2126	8450
1785	10875	2362	8513
1786	10765	2249	8516
1787	10538	1998	8540
1788	10814	2225	8589
1789	10904	2359	8545
1790	10820	2239	8581
1791	10745	2057	8688
1792	10837	2142	8695
1793	11024	2371	8653
1794	10802	2126	8676
1795	10537	1983	8554
1796	10862	2252	8610
1797	11020	2338	8682
1798	10937	2241	8696
1799	10756	2159	8597
1800	10912	2333	8579
1801	10986	2324	8662
1802	10669	2066	8603
1803	10647	2004	8643
1804	10941	2185	8756
1805	11428	2514	8914
1806	11121	2213	8908
1807	10726	1967	8759
1808	11017	2214	8803
1809	10959	2188	8771
1810	10916	2083	8833
1811	10916	2017	8899
1812	11029	2118	8911
1813	11350	2394	8956
1814	11204	2299	8905
1815	10965	2067	8898
1816	11309	2351	8958
1817	11364	2450	8914
1818	11190	2248	8942
1819	10936	2030	8906
1820	10918	2136	8782
1821	11033	2241	8792
1822	11070	2161	8909
1823	10851	1999	8852
1824	11061	2215	8846
1825	11287	2336	8951
1826	10986	2106	8880
1827	11023	2105	8918
1828	11445	2520	8925
1829	11281	2415	8866
1830	11117	2194	8923
1831	10977	2031	8946
1832	11235	2285	8950
1833	11207	2342	8865
1834	10985	2104	8881
1835	10943	1971	8972
1836	11102	2166	8936
1837	11250	2306	8944
1838	11281	2292	8989
1839	11038	2106	8932
1840	11047	2180	8867
1841	11110	2233	8877
1842	10895	2075	8820
1843	10878	1997	8881
1844	10998	2168	8830
1845	11182	2315	8867
1846	10906	2072	8834
1847	10716	1994	8722
1848	10897	2159	8738
1849	11093	2239	8854
1850	10914	2124	8790
1851	10792	2017	8775
1852	10864	2133	8731
1853	10949	2247	8702
1854	10950	2161	8789
1855	10737	2009	8728
1856	11055	2234	8821
1857	11192	2360	8832
1858	10942	2160	8782
1859	10734	2014	8720
1860	10830	2169	8661
1861	10936	2300	8636
1862	10645	2119	8526
1863	10512	1957	8555
1864	10776	2235	8541
1865	11139	2521	8618
1866	10627	2160	8467
1867	10308	1921	8387
1868	10723	2210	8513
1869	10853	2370	8483
1870	10411	2051	8360
1871	10379	1934	8445
1872	10793	2306	8487
1873	10793	2293	8500
1874	10358	1940	8418
1875	10120	1820	8300
1876	10626	2341	8285
1877	10712	2409	8303
1878	10338	2036	8302
1879	10130	1889	8241
1880	10698	2314	8384
1881	10808	2423	8385
1882	10293	2063	8230
1883	10119	1917	8202
1884	10458	2234	8224
1885	10343	2308	8035
1886	9978	1990	7988
1887	9888	1856	8032
1888	10281	2292	7989
1889	10436	2438	7998
1890	10254	2153	8101
1891	10055	1949	8106
1892	10319	2254	8065
1893	10288	2284	8004
1894	10013	2041	7972
1895	9834	1898	7936
1896	10136	2217	7919
1897	10288	2354	7934
1898	10012	2105	7907
1899	9780	1922	7858
1900	9952	2168	7784
1901	10027	2272	7755
1902	9793	2062	7731
1903	9651	1883	7768
1904	9953	2078	7875
1905	10071	2216	7855
1906	9784	2002	7782
1907	9639	1924	7715
1908	9871	2209	7662
1909	10115	2355	7760
1910	9797	2070	7727
1911	9651	1910	7741
1912	9881	2144	7737
1913	9966	2329	7637
1914	9841	2219	7622
1915	9683	2177	7506
1916	9858	2364	7494
1917	9907	2383	7524
1918	9594	2140	7454
1919	9385	1946	7439
1920	9724	2230	7494
1921	9802	2346	7456
1922	9415	2022	7393
1923	9388	1962	7426
1924	9689	2286	7403
1925	9632	2267	7365
1926	9322	1998	7324
1927	9300	1989	7311
1928	9562	2267	7295
1929	9665	2443	7222
1930	9377	2060	7317
1931	9064	1881	7183
1932	9349	2208	7141
1933	9308	2278	7030
1934	8970	2023	6947
1935	8976	1941	7035
1936	9078	2163	6915
1937	9366	2470	6896
1938	9191	2185	7006
1939	8773	1865	6908
1940	9076	2144	6932
1941	9255	2326	6929
1942	8983	2121	6862
1943	8695	1897	6798
1944	8843	2131	6712
1945	9036	2303	6733
1946	8791	2059	6732
1947	8507	1905	6602
1948	8854	2223	6631
1949	8989	2332	6657
1950	8605	2076	6529
1951	8514	1941	6573
1952	8961	2238	6723
1953	8907	2319	6588
1954	8652	2132	6520
1955	8474	1926	6548
1956	8700	2125	6575
1957	8767	2281	6486
1958	8468	2030	6438
1959	8478	2026	6452
1960	8795	2272	6523
1961	8733	2278	6455
1962	8420	2014	6406
1963	8262	1875	6387
1964	8456	2089	6367
1965	8662	2305	6357
1966	8492	2100	6392
1967	8337	1978	6359
1968	8530	2269	6261
1969	8583	2363	6220
1970	8282	2064	6218
1971	8041	1856	6185
1972	8167	2005	6162
1973	8524	2309	6215
1974	8149	2056	6093
1975	7961	1861	6100
1976	8123	2069	6054
1977	8384	2330	6054
1978	8320	2213	6107
1979	8049	2045	6004
1980	8339	2303	6036
1981	8444	2376	6068
1982	8139	2127	6012
1983	7897	1952	5945
1984	8114	2213	5901
1985	8427	2500	5927
1986	8133	2212	5921
1987	7736	1866	5870
1988	7984	2095	5889
1989	8308	2406	5902
1990	7942	2098	5844
1991	7782	1955	5827
1992	8121	2269	5852
1993	8259	2412	5847
1994	7838	2043	5795
1995	7676	1881	5795
1996	7907	2150	5757
1997	7960	2279	5681
1998	7674	1977	5697
1999	7682	1911	5771
2000	7969	2193	5776
2001	7960	2283	5677
2002	7571	1962	5609
2003	7631	1961	5670
2004	7985	2300	5685
2005	8055	2404	5651
2006	7574	2103	5471
2007	7388	1933	5455
2008	7898	2336	5562
2009	7954	2403	5551
2010	7932	2368	5564
2011	7663	2161	5502
2012	7699	2238	5461
2013	7978	2391	5587
2014	7639	2108	5531
2015	7330	1880	5450
2016	7661	2193	5468
2017	7743	2320	5423
2018	7409	2032	5377
2019	7239	1874	5365
2020	7539	2167	5372
2021	7764	2362	5402
2022	7322	2027	5295
2023	7248	1923	5325
2024	7607	2276	5331
2025	7616	2321	5295
2026	7441	2122	5319
2027	7382	2044	5338
2028	7464	2211	5253
2029	7512	2242	5270
2030	7334	2010	5324
2031	7261	1919	5342
2032	7683	2244	5439
2033	7793	2336	5457
2034	7708	2292	5416
2035	7419	2033	5386
2036	7500	2184	5316
2037	7811	2442	5369
2038	7441	2103	5338
2039	7273	1936	5337
2040	7479	2190	5289
2041	7508	2283	5225
2042	7411	2079	5332
2043	7162	1904	5258
2044	7464	2227	5237
2045	7783	2491	5292
2046	7424	2148	5276
2047	7127	1878	5249
2048	7409	2172	5237
2049	7577	2325	5252
2050	7305	2010	5295
2051	7217	1887	5330
2052	7555	2273	5282
2053	7705	2439	5266
2054	7328	2099	5229
2055	7187	1948	5239
2056	7530	2271	5259
2057	7543	2255	5288
2058	7199	1942	5257
2059	7030	1876	5154
2060	7421	2168	5253
2061	7633	2345	5288
2062	7351	2074	5277
2063	7370	2072	5298
2064	7624	2349	5275
2065	7593	2313	5280
2066	7231	1982	5249
2067	7043	1870	5173
2068	7533	2300	5233
2069	7634	2453	5181
2070	7212	2076	5136
2071	7100	1924	5176
2072	7364	2185	5179
2073	7765	2486	5279
2074	7477	2196	5281
2075	7031	1857	5174
2076	7278	2133	5145
2077	7561	2317	5244
2078	7586	2285	5301
2079	7231	2023	5208
2080	7308	2121	5187
2081	7489	2182	5307
2082	7278	2007	5271
2083	7044	1883	5161
2084	7504	2307	5197
2085	7589	2324	5265
2086	7244	1988	5256
2087	7049	1803	5246
2088	7282	2074	5208
2089	7461	2210	5251
2090	7194	1967	5227
2091	7062	1863	5199
2092	7416	2158	5258
2093	7590	2281	5309
2094	7380	2062	5318
2095	7063	1860	5203
2096	7291	2125	5166
2097	7492	2263	5229
2098	7343	2111	5232
2099	7525	2154	5371
2100	7692	2297	5395
2101	7662	2316	5346
2102	7398	2016	5382
2103	7244	1831	5413
2104	7437	2057	5380
2105	7679	2229	5450
2106	7374	1973	5401
2107	7158	1858	5300
2108	7699	2262	5437
2109	7759	2344	5415
2110	7597	2120	5477
2111	7339	1914	5425
2112	7580	2151	5429
2113	7936	2404	5532
2114	7647	2152	5495
2115	7339	1922	5417
2116	7577	2135	5442
2117	7834	2320	5514
2118	7523	2067	5456
2119	7489	1984	5505
2120	7666	2191	5475
2121	7812	2333	5479
2122	7694	2131	5563
2123	7424	1937	5487
2124	7649	2165	5484
2125	7921	2401	5520
2126	7641	2083	5558
2127	7443	1840	5603
2128	7801	2177	5624
2129	7921	2336	5585
2130	7681	2061	5620
2131	7356	1871	5485
2132	7640	2125	5515
2133	7901	2301	5600
2134	7618	2011	5607
2135	7463	1827	5636
2136	7653	2095	5558
2137	8009	2375	5634
2138	7729	2100	5629
2139	7441	1865	5576
2140	7731	2213	5518
2141	7895	2307	5588
2142	7617	2046	5571
2143	7616	1954	5662
2144	7737	2122	5615
2145	7859	2302	5557
2146	7709	2121	5588
2147	7524	1903	5621
2148	7796	2157	5639
2149	7898	2275	5623
2150	7765	2101	5664
2151	7528	1889	5639
2152	7904	2262	5642
2153	8256	2582	5674
2154	7819	2172	5647
2155	7528	1934	5594
2156	7911	2277	5634
2157	8017	2315	5702
2158	7520	1961	5559
2159	7496	1896	5600
2160	7790	2135	5655
2161	8064	2388	5676
2162	7969	2278	5691
2163	7630	1983	5647
2164	7737	2129	5608
2165	7898	2324	5574
2166	7614	2082	5532
2167	7341	1877	5464
2168	7592	2095	5497
2169	7736	2255	5481
2170	7700	2172	5528
2171	7410	1900	5510
2172	7586	2094	5492
2173	7783	2288	5495
2174	7503	2034	5469
2175	7439	1988	5451
2176	7681	2218	5463
2177	7718	2255	5463
2178	7651	2194	5457
2179	7532	2096	5436
2180	7579	2243	5336
2181	7721	2322	5399
2182	7519	2066	5453
2183	7204	1872	5332
2184	7465	2199	5266
2185	7780	2479	5301
2186	7494	2172	5322
2187	7334	2019	5315
2188	7503	2180	5323
2189	7447	2259	5188
2190	7248	2017	5231
2191	7306	1973	5333
2192	7534	2247	5287
2193	7654	2363	5291
2194	7285	2049	5236
2195	6986	1853	5133
2196	7281	2105	5176
2197	7523	2366	5157
2198	7244	2103	5141
2199	6993	1910	5083
2200	7555	2352	5203
2201	7550	2363	5187
2202	7206	2119	5087
2203	6969	1937	5032
2204	7085	2047	5038
2205	7296	2231	5065
2206	7036	2028	5008
2207	6942	1952	4990
2208	7049	2173	4876
2209	7144	2279	4865
2210	6976	2047	4929
2211	6892	1988	4904
2212	7001	2158	4843
2213	7102	2297	4805
2214	6857	2087	4770
2215	6571	1854	4717
2216	6848	2106	4742
2217	7014	2286	4728
2218	6737	2021	4716
2219	6558	1845	4713
2220	6824	2073	4751
2221	7061	2265	4796
2222	6714	2041	4673
2223	6388	1815	4573
2224	6750	2129	4621
2225	6832	2227	4605
2226	6735	2137	4598
2227	6618	1987	4631
2228	6813	2181	4632
2229	6848	2288	4560
2230	6531	1993	4538
2231	6290	1843	4447
2232	6738	2290	4448
2233	6952	2489	4463
2234	6537	2146	4391
2235	6380	1974	4406
2236	6553	2140	4413
2237	6606	2331	4275
2238	6401	2164	4237
2239	6268	2033	4235
2240	6351	2177	4174
2241	6343	2214	4129
2242	6291	2104	4187
2243	6119	1913	4206
2244	6291	2131	4160
2245	6371	2298	4073
2246	6113	2049	4064
2247	5949	1869	4080
2248	6408	2328	4080
2249	6398	2352	4046
2250	6169	2183	3986
2251	6040	2014	4026
2252	6306	2273	4033
2253	6338	2322	4016
2254	6079	2003	4076
2255	6017	1957	4060
2256	6151	2203	3948
2257	6258	2326	3932
2258	5984	2056	3928
2259	5863	1939	3924
2260	6151	2217	3934
2261	6198	2282	3916
2262	5958	2112	3846
2263	5740	1956	3784
2264	5841	2122	3719
2265	5982	2239	3743
2266	5776	2025	3751
2267	5614	1907	3707
2268	5879	2130	3749
2269	5842	2163	3679
2270	5633	2008	3625
2271	5790	2088	3702
2272	6028	2289	3739
2273	6057	2324	3733
2274	5694	2052	3642
2275	5368	1863	3505
2276	5693	2196	3497
2277	5867	2344	3523
2278	5714	2141	3573
2279	5461	1945	3516
2280	5621	2133	3488
2281	5883	2350	3533
2282	5612	2148	3464
2283	5362	1967	3395
2284	5806	2361	3445
2285	5887	2399	3488
2286	5358	2009	3349
2287	5173	1865	3308
2288	5575	2182	3393
2289	6129	2705	3424
2290	5791	2385	3406
2291	5346	1926	3420
2292	5763	2311	3452
2293	5880	2474	3406
2294	5461	2092	3369
2295	5159	1877	3282
2296	5505	2222	3283
2297	5827	2462	3365
2298	5371	2113	3258
2299	5164	1972	3192
2300	5307	2097	3210
2301	5456	2240	3216
2302	5254	2019	3235
2303	5078	1851	3227
2304	5367	2164	3203
2305	5414	2288	3126
2306	5101	1971	3130
2307	4975	1854	3121
2308	5143	2103	3040
2309	5319	2301	3018
2310	5124	2049	3075
2311	5116	1941	3175
2312	5345	2138	3207
2313	5377	2274	3103
2314	5113	2023	3090
2315	4902	1892	3010
2316	5151	2160	2991
2317	5334	2285	3049
2318	5107	2070	3037
2319	4944	1893	3051
2320	5151	2087	3064
2321	5213	2206	3007
2322	5118	2093	3025
2323	5037	1949	3088
2324	5273	2176	3097
2325	5284	2232	3052
2326	5162	2077	3085
2327	5096	2057	3039
2328	5394	2328	3066
2329	5400	2370	3030
2330	5092	2113	2979
2331	4907	1909	2998
2332	5275	2228	3047
2333	5338	2350	2988
2334	5042	2116	2926
2335	5100	2037	3063
2336	5320	2279	3041
2337	5400	2342	3058
2338	5085	2024	3061
2339	4836	1920	2916
2340	5059	2185	2874
2341	5254	2292	2962
2342	4991	2042	2949
2343	4801	1861	2940
2344	5013	2093	2920
2345	5110	2174	2936
2346	5130	2141	2989
2347	4953	1919	3034
2348	5122	2106	3016
2349	5357	2356	3001
2350	5020	2088	2932
2351	4754	1863	2891
2352	5286	2316	2970
2353	5354	2447	2907
2354	5056	2112	2944
2355	4891	1959	2932
2356	5327	2303	3024
2357	5430	2386	3044
2358	4984	2064	2920
2359	4844	1941	2903
2360	5139	2149	2990
2361	5193	2222	2971
2362	4950	2066	2884
2363	4844	1937	2907
2364	5050	2118	2932
2365	5230	2222	3008
2366	4910	1957	2953
2367	4750	1811	2939
2368	5033	2102	2931
2369	5391	2401	2990
2370	5219	2170	3049
2371	4853	1898	2955
2372	5051	2107	2944
2373	5225	2251	2974
2374	4925	2023	2902
2375	4845	1880	2965
2376	5237	2169	3068
2377	5244	2215	3029
2378	4978	2032	2946
2379	4979	1956	3023
2380	5170	2186	2984
2381	5184	2277	2907
2382	4972	2018	2954
2383	4827	1867	2960
2384	5035	2111	2924
2385	5516	2417	3099
2386	5264	2177	3087
2387	4834	1897	2937
2388	5132	2186	2946
2389	5285	2284	3001
2390	5110	2072	3038
2391	5071	2027	3044
2392	5196	2250	2946
2393	5360	2395	2965
2394	5156	2099	3057
2395	4852	1860	2992
2396	5057	2117	2940
2397	5320	2320	3000
2398	5152	2113	3039
2399	5077	2022	3055
2400	5263	2253	3010
2401	5492	2395	3097
2402	5228	2081	3147
2403	5101	1954	3147
2404	5371	2253	3118
2405	5347	2294	3053
2406	5290	2189	3101
2407	5136	2042	3094
2408	5465	2345	3120
2409	5488	2350	3138
2410	5173	2076	3097
2411	4960	1915	3045
2412	5182	2139	3043
2413	5550	2403	3147
2414	5422	2193	3229
2415	5199	2025	3174
2416	5639	2457	3182
2417	5619	2457	3162
2418	5209	2081	3128
2419	4968	1896	3072
2420	5217	2149	3068
2421	5307	2257	3050
2422	5143	2021	3122
2423	5009	1916	3093
2424	5276	2127	3149
2425	5421	2255	3166
2426	5039	1956	3083
2427	4947	1873	3074
2428	5285	2121	3164
2429	5272	2172	3100
2430	5159	2052	3107
2431	5158	2031	3127
2432	5417	2234	3183
2433	5496	2331	3165
2434	5288	2089	3199
2435	5096	1908	3188
2436	5479	2281	3198
2437	5548	2379	3169
2438	5184	2119	3065
2439	5175	2063	3112
2440	5312	2161	3151
2441	5541	2363	3178
2442	5368	2136	3232
2443	5278	1962	3316
2444	5432	2229	3203
2445	5500	2376	3124
2446	5315	2113	3202
2447	5288	2062	3226
2448	5378	2227	3151
2449	5472	2301	3171
2450	5215	2064	3151
2451	5138	2008	3130
2452	5388	2210	3178
2453	5574	2331	3243
2454	5274	2078	3196
2455	5087	1932	3155
2456	5245	2098	3147
2457	5330	2220	3110
2458	5295	2165	3130
2459	5120	2000	3120
2460	5278	2133	3145
2461	5346	2256	3090
2462	5088	2040	3048
2463	4930	1885	3045
2464	5219	2167	3052
2465	5550	2421	3129
2466	5358	2193	3165
2467	5041	1967	3074
2468	5218	2193	3025
2469	5258	2239	3019
2470	5078	2072	3006
2471	4917	1896	3021
2472	5171	2161	3010
2473	5207	2294	2913
2474	4962	2003	2959
2475	5099	2133	2966
2476	5219	2296	2923
2477	5193	2279	2914
2478	4984	2086	2898
2479	4835	1931	2904
2480	5016	2143	2873
2481	5151	2220	2931
2482	4994	2025	2969
2483	4746	1841	2905
2484	4938	2045	2893
2485	5234	2342	2892
2486	4940	2093	2847
2487	4791	1982	2809
2488	4966	2177	2789
2489	5014	2260	2754
2490	4965	2126	2839
2491	4727	1933	2794
2492	4825	2123	2702
2493	4798	2115	2683
2494	4661	1953	2708
2495	4652	1946	2706
2496	4784	2086	2698
2497	4926	2258	2668
2498	4920	2211	2709
2499	4669	1979	2690
2500	4784	2104	2680
2501	4962	2269	2693
2502	4803	2055	2748
2503	4665	1921	2744
2504	4756	2132	2624
2505	4808	2235	2573
2506	4613	2031	2582
2507	4498	1961	2537
2508	4786	2298	2488
2509	4931	2368	2563
2510	4675	2098	2577
2511	4580	2027	2553
2512	4784	2233	2551
2513	4889	2331	2558
2514	4553	2015	2538
2515	4266	1833	2433
2516	4659	2171	2488
2517	4933	2375	2558
2518	4818	2214	2604
2519	4619	2054	2565
2520	4836	2311	2525
2521	4947	2421	2526
2522	4617	2144	2473
2523	4381	1916	2465
2524	4508	2061	2447
2525	4634	2267	2367
2526	4416	2060	2356
2527	4229	1825	2404
2528	4779	2311	2468
2529	4761	2368	2393
2530	4487	2079	2408
2531	4255	1912	2343
2532	4576	2241	2335
2533	4836	2352	2484
2534	4368	1987	2381
2535	4220	1932	2288
2536	4793	2467	2326
2537	4670	2436	2234
2538	4235	2018	2217
2539	4245	1984	2261
2540	4381	2178	2203
2541	4573	2301	2272
2542	4346	2041	2305
2543	4207	1946	2261
2544	4654	2332	2322
2545	4666	2377	2289
2546	4347	2103	2244
2547	4104	1923	2181
2548	4361	2207	2154
2549	4379	2268	2111
2550	4386	2225	2161
2551	4153	2029	2124
2552	4163	2070	2093
2553	4406	2223	2183
2554	4159	2007	2152
2555	3915	1861	2054
2556	4188	2138	2050
2557	4417	2286	2131
2558	4399	2136	2263
2559	4192	2002	2190
2560	4257	2148	2109
2561	4597	2441	2156
2562	4348	2203	2145
2563	4005	1986	2019
2564	4161	2143	2018
2565	4288	2210	2078
2566	4123	2011	2112
2567	3929	1854	2075
2568	4095	2052	2043
2569	4217	2165	2052
2570	4057	2007	2050
2571	3976	1954	2022
2572	4191	2224	1967
2573	4296	2329	1967
2574	4296	2218	2078
2575	4103	2032	2071
2576	4260	2240	2020
2577	4380	2377	2003
2578	4262	2245	2017
2579	4059	2053	2006
2580	4134	2157	1977
2581	4435	2387	2048
2582	4158	2141	2017
2583	3845	1925	1920
2584	4028	2125	1903
2585	4170	2285	1885
2586	3985	2128	1857
2587	3821	1948	1873
2588	4125	2196	1929
2589	4321	2334	1987
2590	4223	2217	2006
2591	3955	1992	1963
2592	4035	2100	1935
2593	4262	2335	1927
2594	4026	2095	1931
2595	3910	1968	1942
2596	4235	2273	1962
2597	4354	2368	1986
2598	3958	2032	1926
2599	3876	1868	2008
2600	4240	2230	2010
2601	4304	2356	1948
2602	4153	2143	2010
2603	4026	2050	1976
2604	4182	2217	1965
2605	4306	2301	2005
2606	4145	2157	1988
2607	3897	1972	1925
2608	4138	2234	1904
2609	4244	2310	1934
2610	4002	2084	1918
2611	3774	1914	1860
2612	4026	2122	1904
2613	4238	2278	1960
2614	3917	2025	1892
2615	3972	2045	1927
2616	4273	2303	1970
2617	4396	2392	2004
2618	4003	2109	1894
2619	3752	1920	1832
2620	4123	2160	1963
2621	4371	2371	2000
2622	4205	2197	2008
2623	3958	2012	1946
2624	4301	2284	2017
2625	4324	2342	1982
2626	3902	2045	1857
2627	3826	1943	1883
2628	4046	2135	1911
2629	4213	2309	1904
2630	4020	2097	1923
2631	3857	1956	1901
2632	4126	2212	1914
2633	4245	2280	1965
2634	3971	2034	1937
2635	3883	1929	1954
2636	4138	2194	1944
2637	4312	2323	1989
2638	4004	2068	1936
2639	3785	1885	1900
2640	4040	2160	1880
2641	4134	2259	1875
2642	3809	1962	1847
2643	3622	1772	1850
2644	4000	2057	1943
2645	4201	2305	1896
2646	4072	2183	1889
2647	3838	1977	1861
2648	4158	2226	1932
2649	4239	2346	1893
2650	3993	2079	1914
2651	3822	1912	1910
2652	4127	2209	1918
2653	4307	2341	1966
2654	4098	2133	1965
2655	3923	1943	1980
2656	4160	2171	1989
2657	4178	2267	1911
2658	3939	2027	1912
2659	3768	1864	1904
2660	4117	2206	1911
2661	4212	2283	1929
2662	3988	1994	1994
2663	3891	1888	2003
2664	4093	2113	1980
2665	4500	2453	2047
2666	4171	2155	2016
2667	3905	1942	1963
2668	4232	2265	1967
2669	4278	2305	1973
2670	4064	2075	1989
2671	3928	1948	1980
2672	4224	2235	1989
2673	4224	2293	1931
2674	3997	2065	1932
2675	3751	1869	1882
2676	4151	2223	1928
2677	4429	2378	2051
2678	4004	2011	1993
2679	3806	1934	1872
2680	4147	2198	1949
2681	4536	2505	2031
2682	4169	2172	1997
2683	3923	1938	1985
2684	4230	2227	2003
2685	4279	2343	1936
2686	4038	2063	1975
2687	3983	1974	2009
2688	4149	2162	1987
2689	4199	2218	1981
2690	3901	1931	1970
2691	3903	1975	1928
2692	4142	2234	1908
2693	4129	2243	1886
2694	3933	2056	1877
2695	3772	1896	1876
2696	4028	2125	1903
2697	4128	2256	1872
2698	4041	2157	1884
2699	3840	1937	1903
2700	4069	2225	1844
2701	4122	2328	1794
2702	3806	2014	1792
2703	3807	1952	1855
2704	3995	2160	1835
2705	4203	2373	1830
2706	4079	2193	1886
2707	4120	2145	1975
2708	4167	2288	1879
2709	4273	2344	1929
2710	3985	2093	1892
2711	3757	1961	1796
2712	4126	2262	1864
2713	4205	2385	1820
2714	3866	2055	1811
2715	3716	1872	1844
2716	4150	2266	1884
2717	4235	2397	1838
2718	3952	2077	1875
2719	3692	1849	1843
2720	4042	2180	1862
2721	4266	2358	1908
2722	3850	2046	1804
2723	3724	1961	1763
2724	3913	2207	1706
2725	3917	2267	1650
2726	3822	2117	1705
2727	3626	1914	1712
2728	3837	2124	1713
2729	4035	2275	1760
2730	3714	2006	1708
2731	3623	1925	1698
2732	4039	2332	1707
2733	4114	2427	1687
2734	3759	2101	1658
2735	3660	1995	1665
2736	3941	2250	1691
2737	4073	2401	1672
2738	3765	2085	1680
2739	3490	1842	1648
2740	3811	2182	1629
2741	4107	2438	1669
2742	3747	2125	1622
2743	3494	1875	1619
2744	3935	2210	1725
2745	4079	2380	1699
2746	3594	2012	1582
2747	3433	1858	1575
2748	3762	2198	1564
2749	3838	2284	1554
2750	3519	1971	1548
2751	3403	1832	1571
2752	3631	2120	1511
2753	3713	2261	1452
2754	3587	2092	1495
2755	3380	1898	1482
2756	3638	2150	1488
2757	3766	2268	1498
2758	3538	2037	1501
2759	3437	1936	1501
2760	3591	2115	1476
2761	3733	2291	1442
2762	3484	2007	1477
2763	3276	1843	1433
2764	3781	2292	1489
2765	3830	2343	1487
2766	3486	2061	1425
2767	3347	1936	1411
2768	3599	2206	1393
2769	3595	2262	1333
2770	3420	2044	1376
2771	3297	1866	1431
2772	3481	2133	1348
2773	3618	2270	1348
2774	3394	2012	1382
2775	3474	2041	1433
2776	3720	2284	1436
2777	3860	2407	1453
2778	3557	2122	1435
2779	3227	1911	1316
2780	3550	2195	1355
2781	3606	2222	1384
2782	3656	2286	1370
2783	3373	1997	1376
2784	6554	5297	1257
2785	5375	4072	1303
2786	3297	2029	1268
2787	3100	1860	1240
2788	3462	2147	1315
2789	3617	2287	1330
2790	3424	2086	1338
2791	3318	1978	1340
2792	3469	2142	1327
2793	3677	2356	1321
2794	3425	2071	1354
2795	3164	1859	1305
2796	3503	2204	1299
2797	3649	2362	1287
2798	3444	2081	1363
2799	3198	1917	1281
2800	3537	2237	1300
2801	3653	2314	1339
2802	3328	2030	1298
2803	3292	2006	1286
2804	3705	2356	1349
2805	3594	2351	1243
2806	3195	1989	1206
2807	3146	1932	1214
2808	3377	2162	1215
2809	3492	2254	1238
2810	3404	2143	1261
2811	3090	1891	1199
2812	3230	2091	1139
2813	3394	2186	1208
2814	3197	1973	1224
2815	3024	1902	1122
2816	3388	2193	1195
2817	3579	2369	1210
2818	3334	2106	1228
2819	3297	2030	1267
2820	3420	2209	1211
2821	3557	2312	1245
2822	3504	2141	1363
2823	3221	1966	1255
2824	3403	2178	1225
2825	3514	2234	1280
2826	3227	1951	1276
2827	3043	1839	1204
2828	3395	2190	1205
2829	3507	2319	1188
2830	3243	2018	1225
2831	3211	1961	1250
2832	3450	2208	1242
2833	3598	2333	1265
2834	3234	1996	1238
2835	3150	1939	1211
2836	3481	2231	1250
2837	3461	2277	1184
2838	3124	1967	1157
2839	3089	1903	1186
2840	3249	2146	1103
2841	3499	2359	1140
2842	3433	2203	1230
2843	3267	2005	1262
2844	3477	2257	1220
2845	3595	2416	1179
2846	3347	2184	1163
2847	3107	1923	1184
2848	3326	2132	1194
2849	3535	2375	1160
2850	3217	2087	1130
2851	3060	1949	1111
2852	3363	2183	1180
2853	3473	2297	1176
2854	3256	2082	1174
2855	3174	2009	1165
2856	3510	2321	1189
2857	3585	2394	1191
2858	3397	2150	1247
2859	3261	1983	1278
2860	3394	2120	1274
2861	3568	2320	1248
2862	3236	2025	1211
2863	3054	1878	1176
2864	3553	2338	1215
2865	3567	2360	1207
2866	3222	2030	1192
2867	3372	2092	1280
2868	3947	2590	1357
2869	3722	2417	1305
2870	3289	2052	1237
2871	3205	1982	1223
2872	3453	2227	1226
2873	3476	2300	1176
2874	3247	2001	1246
2875	3228	2007	1221
2876	3366	2194	1172
2877	3372	2240	1132
2878	3165	1959	1206
2879	3037	1824	1213
2880	3319	2139	1180
2881	3532	2330	1202
2882	3189	2034	1155
2883	3143	1961	1182
2884	3497	2273	1224
2885	3596	2357	1239
2886	3277	2042	1235
2887	3136	1916	1220
2888	3454	2166	1288
2889	3542	2280	1262
2890	3267	2034	1233
2891	3102	1885	1217
2892	3481	2233	1248
2893	3571	2395	1176
2894	3259	2056	1203
2895	3107	1951	1156
2896	3295	2188	1107
2897	3443	2305	1138
2898	3284	2095	1189
2899	3050	1891	1159
2900	3298	2119	1179
2901	3602	2364	1238
2902	3263	2071	1192
2903	2981	1836	1145
2904	3348	2150	1198
2905	3460	2273	1187
2906	3225	2027	1198
2907	3100	1919	1181
2908	3380	2224	1156
2909	3462	2290	1172
2910	3067	1955	1112
2911	2913	1803	1110
2912	3273	2123	1150
2913	3496	2313	1183
2914	3204	2093	1111
2915	3036	1884	1152
2916	3239	2119	1120
2917	3493	2333	1160
2918	3297	2066	1231
2919	3017	1897	1120
2920	3140	2141	999
2921	3305	2245	1060
2922	3253	2107	1146
2923	3048	1897	1151
2924	3282	2127	1155
2925	3500	2346	1154
2926	3291	2140	1151
2927	3032	1923	1109
2928	3266	2189	1077
2929	3301	2257	1044
2930	3071	1990	1081
2931	2990	1900	1090
2932	3465	2305	1160
2933	3451	2346	1105
2934	3102	2052	1050
2935	2898	1846	1052
2936	3124	2056	1068
2937	3474	2432	1042
2938	3177	2123	1054
2939	2991	1919	1072
2940	3282	2157	1125
2941	3367	2257	1110
2942	3173	2100	1073
2943	2910	1901	1009
2944	3336	2299	1037
2945	3385	2375	1010
2946	2987	2010	977
2947	2878	1845	1033
2948	3283	2237	1046
2949	3297	2301	996
2950	3048	1995	1053
2951	2905	1914	991
2952	3067	2117	950
2953	3267	2290	977
2954	2888	1951	937
2955	2820	1872	948
2956	3203	2225	978
2957	3214	2301	913
2958	2986	2078	908
2959	2725	1873	852
2960	3038	2178	860
2961	3248	2332	916
2962	3110	2115	995
2963	2991	1997	994
2964	3220	2227	993
2965	3158	2235	923
2966	3044	2089	955
2967	2810	1908	902
2968	2956	2101	855
2969	3214	2334	880
2970	2982	2012	970
2971	2835	1860	975
2972	3098	2157	941
2973	3155	2243	912
2974	2871	1979	892
2975	2769	1899	870
2976	3184	2280	904
2977	3204	2304	900
2978	2893	2031	862
2979	2767	1898	869
2980	3035	2217	818
2981	3051	2266	785
2982	3085	2180	905
2983	2934	2056	878
2984	2997	2184	813
2985	3218	2386	832
2986	2937	2089	848
2987	2734	1887	847
2988	3029	2179	850
2989	3156	2343	813
2990	2772	2019	753
2991	2620	1831	789
2992	2941	2114	827
2993	3088	2278	810
2994	2787	1978	809
2995	2681	1904	777
2996	3085	2249	836
2997	3259	2379	880
2998	2871	2011	860
2999	2635	1827	808
3000	2934	2178	756
3001	3248	2446	802
3002	2943	2068	875
3003	2673	1871	802
3004	3015	2225	790
3005	3135	2323	812
3006	2886	2077	809
3007	2678	1863	815
3008	3099	2248	851
3009	3325	2441	884
3010	3106	2240	866
3011	2921	2023	898
3012	2977	2121	856
3013	3014	2222	792
3014	2767	1974	793
3015	2706	1852	854
3016	2938	2141	797
3017	3074	2274	800
3018	2808	2036	772
3019	2615	1864	751
3020	2961	2163	798
3021	3149	2301	848
3022	2943	2054	889
3023	2748	1906	842
3024	3061	2214	847
3025	3180	2310	870
3026	2861	2050	811
3027	2647	1808	839
3028	2976	2133	843
3029	3121	2320	801
3030	2899	2086	813
3031	2716	1902	814
3032	2924	2117	807
3033	3130	2310	820
3034	2985	2116	869
3035	2730	1896	834
3036	3077	2227	850
3037	3215	2374	841
3038	2846	2055	791
3039	2686	1872	814
3040	2913	2073	840
3041	3181	2340	841
3042	2973	2105	868
3043	2612	1818	794
3044	2828	2062	766
3045	3073	2300	773
3046	2936	2086	850
3047	2706	1886	820
3048	2814	2029	785
3049	2944	2163	781
3050	2883	2040	843
3051	2817	1913	904
3052	2922	2117	805
3053	2954	2187	767
3054	2897	2049	848
3055	2731	1905	826
3056	2924	2104	820
3057	3053	2223	830
3058	2767	1983	784
3059	2566	1851	715
3060	3022	2202	820
3061	3108	2283	825
3062	2836	2002	834
3063	2662	1821	841
3064	2914	2057	857
3065	3058	2254	804
3066	2765	2035	730
3067	2634	1878	756
3068	2980	2162	818
3069	3096	2285	811
3070	2898	2042	856
3071	2880	2022	858
3072	2983	2135	848
3073	3056	2220	836
3074	2934	2055	879
3075	2689	1888	801
3076	2960	2190	770
3077	3104	2327	777
3078	2758	2013	745
3079	2763	1916	847
3080	3055	2232	823
3081	3331	2480	851
3082	2977	2124	853
3083	2647	1846	801
3084	2959	2188	771
3085	3076	2337	739
3086	2749	1975	774
3087	2614	1825	789
3088	2945	2180	765
3089	3176	2344	832
3090	3105	2178	927
3091	2779	1948	831
3092	2828	2097	731
3093	3052	2272	780
3094	2976	2113	863
3095	2812	1998	814
3096	2941	2179	762
3097	3074	2347	727
3098	2832	2075	757
3099	2642	1872	770
3100	2889	2136	753
3101	3072	2309	763
3102	2801	2084	717
3103	2644	1909	735
3104	2948	2200	748
3105	3052	2272	780
3106	2837	2021	816
3107	2694	1892	802
3108	2984	2145	839
3109	3025	2210	815
3110	2814	2015	799
3111	2699	1935	764
3112	2859	2080	779
3113	2902	2200	702
3114	2859	2193	666
3115	2603	1975	628
3116	2942	2228	714
3117	3101	2338	763
3118	2721	1987	734
3119	2484	1821	663
3120	2798	2099	699
3121	3028	2321	707
3122	2820	2101	719
3123	2654	1922	732
3124	2896	2173	723
3125	3043	2325	718
3126	2843	2133	710
3127	2633	1960	673
3128	2878	2211	667
3129	2967	2309	658
3130	2821	2108	713
3131	2654	1948	706
3132	2867	2177	690
3133	3008	2304	704
3134	2853	2125	728
3135	2674	1940	734
3136	2945	2199	746
3137	2955	2259	696
3138	2793	2050	743
3139	2563	1874	689
3140	2762	2102	660
3141	2839	2156	683
3142	2651	1942	709
3143	2617	1904	713
3144	2788	2113	675
3145	2972	2373	599
3146	2935	2236	699
3147	2831	2045	786
3148	2828	2094	734
3149	2924	2235	689
3150	2666	1992	674
3151	2563	1893	670
3152	2857	2157	700
3153	3136	2379	757
3154	2862	2109	753
3155	2678	1948	730
3156	3069	2372	697
3157	3185	2474	711
3158	2688	2035	653
3159	2474	1859	615
3160	2976	2246	730
3161	3107	2376	731
3162	2755	2061	694
3163	2608	1916	692
3164	2703	2123	580
3165	2856	2240	616
3166	2602	1982	620
3167	2500	1869	631
3168	2911	2219	692
3169	2972	2318	654
3170	2681	2023	658
3171	2512	1848	664
3172	2793	2136	657
3173	2939	2291	648
3174	2639	2025	614
3175	2498	1859	639
3176	2695	2065	630
3177	2895	2225	670
3178	2786	2068	718
3179	2621	1913	708
3180	2793	2151	642
3181	3222	2518	704
3182	2873	2183	690
3183	2555	1888	667
3184	2750	2103	647
3185	2848	2241	607
3186	2668	2050	618
3187	2458	1857	601
3188	2714	2100	614
3189	2840	2226	614
3190	2619	1995	624
3191	2497	1857	640
3192	2888	2255	633
3193	2972	2293	679
3194	2953	2170	783
3195	2629	1956	673
3196	2728	2084	644
3197	3110	2346	764
3198	2814	2048	766
3199	2562	1853	709
3200	2810	2180	630
3201	3004	2347	657
3202	2939	2184	755
3203	2564	1886	678
3204	2829	2122	707
3205	3054	2313	741
3206	2834	2146	688
3207	2600	1932	668
3208	3084	2329	755
3209	3097	2387	710
3210	2599	1935	664
3211	2491	1842	649
3212	2762	2130	632
3213	2888	2271	617
3214	2691	2039	652
3215	2456	1826	630
3216	2676	2030	646
3217	2857	2206	651
3218	2787	2081	706
3219	2657	1964	693
3220	2820	2141	679
3221	2895	2244	651
3222	2715	2025	690
3223	2497	1849	648
3224	2905	2247	658
3225	3033	2361	672
3226	2623	2008	615
3227	2492	1827	665
3228	2752	2116	636
3229	2879	2276	603
3230	2825	2119	706
3231	2618	1915	703
3232	2691	2052	639
3233	2916	2260	656
3234	2983	2236	747
3235	2752	2035	717
3236	2736	2074	662
3237	2987	2276	711
3238	2842	2170	672
3239	2470	1915	555
3240	2723	2124	599
3241	2827	2214	613
3242	2619	2001	618
3243	2626	1956	670
3244	2926	2181	745
3245	2985	2306	679
3246	2705	2041	664
3247	2579	1928	651
3248	2829	2206	623
3249	3182	2490	692
3250	2696	2094	602
3251	2464	1857	607
3252	2816	2129	687
3253	2917	2257	660
3254	2707	2051	656
3255	2550	1857	693
3256	2809	2133	676
3257	2942	2304	638
3258	2776	2119	657
3259	2462	1895	567
3260	2691	2174	517
3261	2804	2267	537
3262	2570	1963	607
3263	2504	1868	636
3264	2830	2204	626
3265	2922	2268	654
3266	2612	1949	663
3267	2414	1813	601
3268	2820	2177	643
3269	3034	2375	659
3270	2785	2113	672
3271	2616	1987	629
3272	2796	2222	574
3273	2838	2292	546
3274	2642	2045	597
3275	2536	1919	617
3276	3079	2391	688
3277	3058	2390	668
3278	2636	2016	620
3279	2459	1905	554
3280	2772	2208	564
3281	2840	2312	528
3282	2663	2039	624
3283	2523	1913	610
3284	2644	2095	549
3285	2806	2242	564
3286	2682	2034	648
3287	2531	1897	634
3288	2824	2230	594
3289	2843	2274	569
3290	3517	2771	746
3291	3108	2407	701
3292	2613	2048	565
3293	2747	2203	544
3294	2545	1998	547
3295	2476	1885	591
3296	2695	2107	588
3297	2753	2185	568
3298	2483	1984	499
3299	2403	1889	514
3300	2597	2063	534
3301	2768	2222	546
3302	2593	2035	558
3303	2376	1817	559
3304	2599	2030	569
3305	2607	2085	522
3306	2500	1974	526
3307	2430	1853	577
3308	2642	2011	631
3309	2645	2074	571
3310	2530	1978	552
3311	2413	1842	571
3312	2583	2034	549
3313	2625	2087	538
3314	2495	1946	549
3315	2537	1888	649
3316	2688	2098	590
3317	2678	2153	525
3318	2485	1934	551
3319	2536	1954	582
3320	2631	2103	528
3321	2620	2074	546
3322	2552	1954	598
3323	2448	1875	573
3324	2503	1952	551
3325	2673	2132	541
3326	2592	2034	558
3327	2436	1901	535
3328	2679	2147	532
3329	3010	2360	650
3330	2676	2050	626
3331	2554	1952	602
3332	2707	2154	553
3333	2669	2137	532
3334	2530	1954	576
3335	2402	1867	535
3336	2636	2102	534
3337	2747	2208	539
3338	2774	2164	610
3339	2547	1940	607
3340	2995	2330	665
3341	2912	2315	597
3342	2560	2028	532
3343	2499	1927	572
3344	2577	2035	542
3345	2848	2244	604
3346	2771	2154	617
3347	2664	2007	657
3348	2667	2105	562
3349	2671	2145	526
3350	2573	2008	565
3351	2407	1858	549
3352	2655	2109	546
3353	2885	2291	594
3354	2624	2060	564
3355	2448	1919	529
3356	2592	2052	540
3357	2631	2077	554
3358	2574	2034	540
3359	2391	1882	509
3360	2660	2084	576
3361	2821	2240	581
3362	2702	2085	617
3363	2479	1919	560
3364	2672	2118	554
3365	2820	2220	600
3366	2661	2062	599
3367	2604	2017	587
3368	2735	2173	562
3369	2845	2293	552
3370	2757	2057	700
3371	2539	1915	624
3372	2700	2136	564
3373	2829	2228	601
3374	2605	2004	601
3375	2504	1929	575
3376	2701	2123	578
3377	2633	2096	537
3378	2473	1941	532
3379	2977	2329	648
3380	2876	2229	647
3381	2640	2095	545
3382	2570	2002	568
3383	2464	1896	568
3384	2724	2180	544
3385	2821	2297	524
3386	2572	1979	593
3387	2380	1807	573
3388	2602	2030	572
3389	2627	2136	491
3390	2615	2106	509
3391	2365	1909	456
3392	2496	1977	519
3393	2726	2171	555
3394	2607	2037	570
3395	2650	2043	607
3396	2741	2148	593
3397	2666	2145	521
3398	2456	1951	505
3399	2333	1858	475
3400	2479	2018	461
3401	2610	2145	465
3402	2508	1993	515
3403	2400	1892	508
3404	2708	2167	541
3405	2767	2193	574
3406	2438	1941	497
3407	2429	1925	504
3408	2716	2174	542
3409	2821	2277	544
3410	2737	2151	586
3411	2436	1861	575
3412	2727	2157	570
3413	2693	2151	542
3414	2505	1983	522
3415	2444	1917	527
3416	2540	2061	479
3417	2566	2089	477
3418	2468	1931	537
3419	2368	1847	521
3420	2518	2033	485
3421	2646	2190	456
3422	2425	1957	468
3423	2266	1787	479
3424	2408	1922	486
3425	2681	2170	511
3426	2641	2073	568
3427	2464	1934	530
3428	2692	2088	604
3429	2735	2196	539
3430	2507	2047	460
3431	2316	1862	454
3432	2510	2017	493
3433	2606	2096	510
3434	2623	2094	529
3435	2481	1953	528
3436	2514	2023	491
3437	2605	2133	472
3438	2488	2010	478
3439	2442	1932	510
3440	2712	2161	551
3441	2594	2116	478
3442	2602	2077	525
3443	2526	1960	566
3444	2594	2055	539
3445	2551	2050	501
3446	2316	1843	473
3447	2352	1835	517
3448	2498	1972	526
3449	2630	2121	509
3450	2677	2092	585
3451	2485	1950	535
3452	2601	2098	503
3453	2593	2126	467
3454	2609	2097	512
3455	2471	1942	529
3456	2773	2176	597
3457	2819	2254	565
3458	2503	2008	495
3459	2354	1870	484
3460	2592	2089	503
3461	2765	2233	532
3462	2543	2025	518
3463	2294	1785	509
3464	2536	2033	503
3465	2672	2171	501
3466	2486	1958	528
3467	2319	1814	505
3468	2556	2053	503
3469	2671	2192	479
3470	2505	2010	495
3471	2395	1912	483
3472	2668	2165	503
3473	2764	2263	501
3474	2416	1973	443
3475	2233	1806	427
3476	2421	1984	437
3477	2530	2109	421
3478	2469	1932	537
3479	2296	1804	492
3480	2494	2007	487
3481	2578	2127	451
3482	2397	1961	436
3483	2325	1824	501
3484	2470	2021	449
3485	2614	2169	445
3486	2439	1957	482
3487	2404	1877	527
3488	3489	2025	1464
3489	3206	2144	1062
3490	2435	1919	516
3491	2280	1812	468
3492	2518	2047	471
3493	2662	2175	487
3494	3126	2528	598
3495	2813	2196	617
3496	2638	2099	539
3497	2693	2198	495
3498	2583	2068	515
3499	2473	1983	490
3500	2598	2087	511
3501	2664	2216	448
3502	2484	2043	441
3503	2322	1868	454
3504	2497	2044	453
3505	2679	2156	523
3506	2527	2016	511
3507	2487	1982	505
3508	2678	2134	544
3509	2625	2123	502
3510	2533	2000	533
3511	2415	1876	539
3512	2604	2077	527
3513	2664	2162	502
3514	2489	2005	484
3515	2345	1879	466
3516	2495	2034	461
3517	2614	2113	501
3518	2559	2036	523
3519	2522	1997	525
3520	2473	1995	478
3521	2493	2063	430
3522	2576	2062	514
3523	2688	2121	567
3524	2676	2140	536
3525	2651	2165	486
3526	2585	2071	514
3527	2383	1947	436
3528	2624	2129	495
3529	2711	2216	495
3530	2485	2029	456
3531	2379	1924	455
3532	2432	2007	425
3533	2584	2140	444
3534	2404	1977	427
3535	2347	1945	402
3536	2598	2145	453
3537	2661	2173	488
3538	2460	1947	513
3539	2379	1841	538
3540	2542	2051	491
3541	2756	2248	508
3542	2577	2047	530
3543	2433	1952	481
3544	2582	2142	440
3545	2606	2194	412
3546	2511	2062	449
3547	2319	1897	422
3548	2809	2287	522
3549	2763	2276	487
3550	2409	1973	436
3551	2286	1889	397
3552	2612	2099	513
3553	2640	2161	479
3554	2498	2024	474
3555	2420	1924	496
3556	2619	2093	526
3557	2621	2163	458
3558	2385	1995	390
3559	2278	1886	392
3560	2607	2128	479
3561	2842	2288	554
3562	2517	2016	501
3563	2319	1891	428
3564	2605	2133	472
3565	2622	2194	428
3566	2463	2024	439
3567	2401	1953	448
3568	2768	2301	467
3569	2702	2263	439
3570	2601	2123	478
3571	2420	1928	492
3572	2626	2117	509
3573	2830	2339	491
3574	2473	2003	470
3575	2376	1896	480
3576	2439	1981	458
3577	2577	2148	429
3578	2377	1982	395
3579	2378	1896	482
3580	2517	2072	445
3581	2495	2119	376
3582	2543	2035	508
3583	2411	1930	481
3584	2588	2137	451
3585	2700	2259	441
3586	2481	2066	415
3587	2323	1871	452
3588	2622	2175	447
3589	2739	2282	457
3590	2534	2040	494
3591	2332	1864	468
3592	2560	2112	448
3593	2677	2246	431
3594	2613	2107	506
3595	2501	1990	511
3596	2656	2158	498
3597	2831	2303	528
3598	2561	2114	447
3599	2340	1951	389
3600	2639	2168	471
3601	2824	2297	527
3602	2576	2070	506
3603	2343	1908	435
3604	2591	2113	478
3605	2625	2152	473
3606	2602	2085	517
3607	2482	1995	487
3608	2571	2121	450
3609	2576	2126	450
3610	2541	2063	478
3611	2474	2022	452
3612	2781	2261	520
3613	2953	2397	556
3614	2549	2083	466
3615	2374	1945	429
3616	2504	2066	438
3617	2564	2130	434
3618	2443	2007	436
3619	2505	1995	510
3620	2656	2119	537
3621	2859	2323	536
3622	2819	2274	545
3623	2555	2044	511
3624	2591	2115	476
3625	2641	2183	458
3626	2754	2239	515
3627	2481	2023	458
3628	2501	2100	401
3629	2596	2195	401
3630	2522	2095	427
3631	2400	1936	464
3632	2557	2180	377
3633	2723	2328	395
3634	2609	2120	489
3635	2362	1881	481
3636	2521	2059	462
3637	2655	2212	443
3638	2737	2238	499
3639	2581	2100	481
3640	2572	2153	419
3641	2666	2240	426
3642	2484	2054	430
3643	2255	1870	385
3644	2448	2044	404
3645	2670	2229	441
3646	2551	2122	429
3647	2451	2022	429
3648	2668	2246	422
