index	original	background	difference
-----------------------------------------------------
1	1371	0	1371
2	1382	0	1382
3	1400	0	1400
4	1375	0	1375
5	1357	0	1357
6	1380	0	1380
7	1409	0	1409
8	1389	0	1389
9	1380	0	1380
10	1384	0	1384
11	1380	0	1380
12	1374	0	1374
13	1394	0	1394
14	1397	0	1397
15	1382	0	1382
16	1365	0	1365
17	1397	0	1397
18	1402	0	1402
19	1393	0	1393
20	1393	0	1393
21	1399	0	1399
22	1394	0	1394
23	1389	0	1389
24	1385	0	1385
25	1416	0	1416
26	1414	0	1414
27	1387	0	1387
28	1377	0	1377
29	1397	0	1397
30	1419	0	1419
31	1428	0	1428
32	1377	0	1377
33	1357	0	1357
34	1398	0	1398
35	1409	0	1409
36	1397	0	1397
37	1408	0	1408
38	1399	0	1399
39	1400	0	1400
40	1418	0	1418
41	1434	0	1434
42	1431	0	1431
43	1422	0	1422
44	1409	0	1409
45	1398	0	1398
46	1412	0	1412
47	1414	0	1414
48	1418	0	1418
49	1422	0	1422
50	1435	0	1435
51	1439	0	1439
52	1410	0	1410
53	1394	0	1394
54	1409	0	1409
55	1379	0	1379
56	1376	0	1376
57	1412	0	1412
58	1423	0	1423
59	1399	0	1399
60	1418	0	1418
61	1459	0	1459
62	1474	0	1474
63	1412	0	1412
64	1415	0	1415
65	1452	0	1452
66	1427	0	1427
67	1432	0	1432
68	1404	0	1404
69	1406	0	1406
70	1415	0	1415
71	1445	0	1445
72	1480	0	1480
73	1449	0	1449
74	1443	0	1443
75	1442	0	1442
76	1428	0	1428
77	1414	0	1414
78	1404	0	1404
79	1467	0	1467
80	1487	0	1487
81	1446	0	1446
82	1444	0	1444
83	1430	0	1430
84	1432	0	1432
85	1409	0	1409
86	1452	0	1452
87	1453	0	1453
88	1434	0	1434
89	1416	0	1416
90	1417	0	1417
91	1462	0	1462
92	1454	0	1454
93	1403	0	1403
94	1416	0	1416
95	1450	0	1450
96	1430	0	1430
97	1413	0	1413
98	1440	0	1440
99	1445	0	1445
100	1417	0	1417
101	1410	0	1410
102	1441	0	1441
103	1421	0	1421
104	1446	0	1446
105	1426	0	1426
106	1438	0	1438
107	1459	0	1459
108	1461	0	1461
109	1456	0	1456
110	1447	0	1447
111	1451	0	1451
112	1452	0	1452
113	1430	0	1430
114	1435	0	1435
115	1441	0	1441
116	1448	0	1448
117	1454	0	1454
118	1439	0	1439
119	1403	0	1403
120	1426	0	1426
121	1441	0	1441
122	1451	0	1451
123	1451	0	1451
124	1434	0	1434
125	1445	0	1445
126	1445	0	1445
127	1469	0	1469
128	1473	0	1473
129	1443	0	1443
130	1466	0	1466
131	1439	0	1439
132	1457	0	1457
133	1470	0	1470
134	1446	0	1446
135	1439	0	1439
136	1479	0	1479
137	1457	0	1457
138	1453	0	1453
139	1446	0	1446
140	1434	0	1434
141	1429	0	1429
142	1448	0	1448
143	1485	0	1485
144	1453	0	1453
145	1436	0	1436
146	1456	0	1456
147	1445	0	1445
148	1435	0	1435
149	1461	0	1461
150	1480	0	1480
151	1496	0	1496
152	1470	0	1470
153	1433	0	1433
154	1491	0	1491
155	1503	0	1503
156	1475	0	1475
157	1423	0	1423
158	1426	0	1426
159	1445	0	1445
160	1445	0	1445
161	1446	0	1446
162	1440	0	1440
163	1474	0	1474
164	1485	0	1485
165	1468	0	1468
166	1485	0	1485
167	1473	0	1473
168	1464	0	1464
169	1473	0	1473
170	1476	0	1476
171	1474	0	1474
172	1483	0	1483
173	1468	0	1468
174	1460	0	1460
175	1500	0	1500
176	1484	0	1484
177	1492	0	1492
178	1493	0	1493
179	1506	0	1506
180	1509	0	1509
181	1441	0	1441
182	1464	0	1464
183	1439	0	1439
184	1445	0	1445
185	1471	0	1471
186	1459	0	1459
187	1479	0	1479
188	1474	0	1474
189	1450	0	1450
190	1438	0	1438
191	1452	0	1452
192	1490	0	1490
193	1482	0	1482
194	1472	0	1472
195	1469	0	1469
196	1471	0	1471
197	1456	0	1456
198	1485	0	1485
199	1498	0	1498
200	1474	0	1474
201	1466	0	1466
202	1461	0	1461
203	1433	0	1433
204	1473	0	1473
205	1505	0	1505
206	1474	0	1474
207	1474	0	1474
208	1462	0	1462
209	1466	0	1466
210	1461	0	1461
211	1450	0	1450
212	1488	0	1488
213	1488	0	1488
214	1487	0	1487
215	1484	0	1484
216	1487	0	1487
217	1482	0	1482
218	1477	0	1477
219	1521	0	1521
220	1481	0	1481
221	1447	0	1447
222	1468	0	1468
223	1508	0	1508
224	1509	0	1509
225	1505	0	1505
226	1460	0	1460
227	1449	0	1449
228	1469	0	1469
229	1498	0	1498
230	1515	0	1515
231	1499	0	1499
232	1505	0	1505
233	1515	0	1515
234	1490	0	1490
235	1498	0	1498
236	1488	0	1488
237	1486	0	1486
238	1513	0	1513
239	1519	0	1519
240	1513	0	1513
241	1537	0	1537
242	1526	0	1526
243	1521	0	1521
244	1537	0	1537
245	1514	0	1514
246	1506	0	1506
247	1525	0	1525
248	1541	0	1541
249	1522	0	1522
250	1502	0	1502
251	1499	0	1499
252	1491	0	1491
253	1488	0	1488
254	1511	0	1511
255	1545	0	1545
256	1522	0	1522
257	1517	0	1517
258	1516	0	1516
259	1507	0	1507
260	1501	0	1501
261	1488	0	1488
262	1548	0	1548
263	1544	0	1544
264	1528	0	1528
265	1516	0	1516
266	1529	0	1529
267	1524	0	1524
268	1547	0	1547
269	1535	0	1535
270	1544	0	1544
271	1546	0	1546
272	1494	0	1494
273	1508	0	1508
274	1568	0	1568
275	1541	0	1541
276	1545	0	1545
277	1535	0	1535
278	1519	0	1519
279	1530	0	1530
280	1524	0	1524
281	1508	0	1508
282	1507	0	1507
283	1528	0	1528
284	1518	0	1518
285	1540	0	1540
286	1544	0	1544
287	1503	0	1503
288	1503	0	1503
289	1550	0	1550
290	1561	0	1561
291	1512	0	1512
292	1530	0	1530
293	1532	0	1532
294	1494	0	1494
295	1503	0	1503
296	1522	0	1522
297	1529	0	1529
298	1554	0	1554
299	1568	0	1568
300	1549	0	1549
301	1510	0	1510
302	1508	0	1508
303	1526	0	1526
304	1520	0	1520
305	1521	0	1521
306	1546	0	1546
307	1533	0	1533
308	1504	0	1504
309	1514	0	1514
310	1495	0	1495
311	1510	0	1510
312	1491	0	1491
313	1497	0	1497
314	1523	0	1523
315	1525	0	1525
316	1525	0	1525
317	1547	0	1547
318	1529	0	1529
319	1517	0	1517
320	1554	0	1554
321	1502	0	1502
322	1522	0	1522
323	1494	0	1494
324	1480	0	1480
325	1515	0	1515
326	1539	0	1539
327	1547	0	1547
328	1526	0	1526
329	1506	0	1506
330	1527	0	1527
331	1506	0	1506
332	1522	0	1522
333	1583	0	1583
334	1565	0	1565
335	1564	0	1564
336	1527	0	1527
337	1521	0	1521
338	1545	0	1545
339	1566	0	1566
340	1541	0	1541
341	1533	0	1533
342	1554	0	1554
343	1539	0	1539
344	1540	0	1540
345	1532	0	1532
346	1514	0	1514
347	1503	0	1503
348	1520	0	1520
349	1530	0	1530
350	1501	0	1501
351	1474	0	1474
352	1493	0	1493
353	1508	0	1508
354	1500	0	1500
355	1518	0	1518
356	1519	0	1519
357	1488	0	1488
358	1507	0	1507
359	1511	0	1511
360	1518	0	1518
361	1500	0	1500
362	1514	0	1514
363	1543	0	1543
364	1494	0	1494
365	1507	0	1507
366	1531	0	1531
367	1492	0	1492
368	1511	0	1511
369	1532	0	1532
370	1536	0	1536
371	1543	0	1543
372	1538	0	1538
373	1502	0	1502
374	1532	0	1532
375	1530	0	1530
376	1544	0	1544
377	1553	0	1553
378	1524	0	1524
379	1517	0	1517
380	1530	0	1530
381	1509	0	1509
382	1522	0	1522
383	1529	0	1529
384	1510	0	1510
385	1495	0	1495
386	1541	0	1541
387	1553	0	1553
388	1546	0	1546
389	1526	0	1526
390	1565	0	1565
391	1555	0	1555
392	1528	0	1528
393	1532	0	1532
394	1543	0	1543
395	1546	0	1546
396	1515	0	1515
397	1514	0	1514
398	1548	0	1548
399	1535	0	1535
400	1518	0	1518
401	1529	0	1529
402	1529	0	1529
403	1517	0	1517
404	1514	0	1514
405	1510	0	1510
406	1560	0	1560
407	1569	0	1569
408	1573	0	1573
409	1529	0	1529
410	1532	0	1532
411	1562	0	1562
412	1521	0	1521
413	1523	0	1523
414	1537	0	1537
415	1545	0	1545
416	1530	0	1530
417	1514	0	1514
418	1512	0	1512
419	1507	0	1507
420	1522	0	1522
421	1525	0	1525
422	1542	0	1542
423	1555	0	1555
424	1532	0	1532
425	1518	0	1518
426	1537	0	1537
427	1569	0	1569
428	1531	0	1531
429	1530	0	1530
430	1520	0	1520
431	1508	0	1508
432	1530	0	1530
433	1524	0	1524
434	1505	0	1505
435	1527	0	1527
436	1554	0	1554
437	1531	0	1531
438	1532	0	1532
439	1563	0	1563
440	1563	0	1563
441	1544	0	1544
442	1551	0	1551
443	1578	0	1578
444	1542	0	1542
445	1527	0	1527
446	1537	0	1537
447	1545	0	1545
448	1551	0	1551
449	1568	0	1568
450	1550	0	1550
451	1537	0	1537
452	1547	0	1547
453	1530	0	1530
454	1545	0	1545
455	1541	0	1541
456	1537	0	1537
457	1543	0	1543
458	1535	0	1535
459	1567	0	1567
460	1613	0	1613
461	1574	0	1574
462	1528	0	1528
463	1536	0	1536
464	1529	0	1529
465	1532	0	1532
466	1537	0	1537
467	1542	0	1542
468	1566	0	1566
469	1577	0	1577
470	1573	0	1573
471	1551	0	1551
472	1535	0	1535
473	1541	0	1541
474	1547	0	1547
475	1526	0	1526
476	1541	0	1541
477	1543	0	1543
478	1551	0	1551
479	1534	0	1534
480	1549	0	1549
481	1552	0	1552
482	1541	0	1541
483	1564	0	1564
484	1554	0	1554
485	1511	0	1511
486	1531	0	1531
487	1520	0	1520
488	1535	0	1535
489	1555	0	1555
490	1530	0	1530
491	1488	0	1488
492	1520	0	1520
493	1520	0	1520
494	1519	0	1519
495	1508	0	1508
496	1494	0	1494
497	1508	0	1508
498	1532	0	1532
499	1535	0	1535
500	1530	0	1530
501	1546	0	1546
502	1547	0	1547
503	1544	0	1544
504	1529	0	1529
505	1544	0	1544
506	1555	0	1555
507	1546	0	1546
508	1567	0	1567
509	1556	0	1556
510	1512	0	1512
511	1521	0	1521
512	1556	0	1556
513	1532	0	1532
514	1539	0	1539
515	1572	0	1572
516	1539	0	1539
517	1522	0	1522
518	1534	0	1534
519	1538	0	1538
520	1551	0	1551
521	1520	0	1520
522	1524	0	1524
523	1563	0	1563
524	1567	0	1567
525	1634	0	1634
526	1562	0	1562
527	1539	0	1539
528	1534	0	1534
529	1531	0	1531
530	1570	0	1570
531	1539	0	1539
532	1516	0	1516
533	1527	0	1527
534	1561	0	1561
535	1583	0	1583
536	1573	0	1573
537	1524	0	1524
538	1506	0	1506
539	1520	0	1520
540	1514	0	1514
541	1545	0	1545
542	1529	0	1529
543	1516	0	1516
544	1570	0	1570
545	1567	0	1567
546	1539	0	1539
547	1540	0	1540
548	1525	0	1525
549	1544	0	1544
550	1520	0	1520
551	1521	0	1521
552	1545	0	1545
553	1540	0	1540
554	1548	0	1548
555	1539	0	1539
556	1545	0	1545
557	1564	0	1564
558	1561	0	1561
559	1552	0	1552
560	1519	0	1519
561	1563	0	1563
562	1554	0	1554
563	1516	0	1516
564	1526	0	1526
565	1526	0	1526
566	1518	0	1518
567	1550	0	1550
568	1582	0	1582
569	1565	0	1565
570	1562	0	1562
571	1544	0	1544
572	1527	0	1527
573	1531	0	1531
574	1564	0	1564
575	1527	0	1527
576	1522	0	1522
577	1517	0	1517
578	1550	0	1550
579	1548	0	1548
580	1514	0	1514
581	1507	0	1507
582	1507	0	1507
583	1510	0	1510
584	1514	0	1514
585	1513	0	1513
586	1553	0	1553
587	1522	0	1522
588	1518	0	1518
589	1539	0	1539
590	1536	0	1536
591	1497	0	1497
592	1509	0	1509
593	1534	0	1534
594	1501	0	1501
595	1537	0	1537
596	1535	0	1535
597	1541	0	1541
598	1582	0	1582
599	1545	0	1545
600	1515	0	1515
601	1520	0	1520
602	1539	0	1539
603	1522	0	1522
604	1534	0	1534
605	1529	0	1529
606	1532	0	1532
607	1564	0	1564
608	1571	0	1571
609	1540	0	1540
610	1543	0	1543
611	1562	0	1562
612	1539	0	1539
613	1530	0	1530
614	1546	0	1546
615	1532	0	1532
616	1522	0	1522
617	1542	0	1542
618	1540	0	1540
619	1530	0	1530
620	1544	0	1544
621	1537	0	1537
622	1537	0	1537
623	1558	0	1558
624	1557	0	1557
625	1538	0	1538
626	1540	0	1540
627	1530	0	1530
628	1530	0	1530
629	1532	0	1532
630	1570	0	1570
631	1533	0	1533
632	1539	0	1539
633	1571	0	1571
634	1592	0	1592
635	1556	0	1556
636	1556	0	1556
637	1542	0	1542
638	1537	0	1537
639	1546	0	1546
640	1553	0	1553
641	1542	0	1542
642	1550	0	1550
643	1576	0	1576
644	1564	0	1564
645	1578	0	1578
646	1618	0	1618
647	1593	0	1593
648	1583	0	1583
649	1559	0	1559
650	1557	0	1557
651	1564	0	1564
652	1592	0	1592
653	1561	0	1561
654	1563	0	1563
655	1540	0	1540
656	1515	0	1515
657	1512	0	1512
658	1569	0	1569
659	1592	0	1592
660	1579	0	1579
661	1567	0	1567
662	1557	0	1557
663	1571	0	1571
664	1575	0	1575
665	1578	0	1578
666	1546	0	1546
667	1551	0	1551
668	1545	0	1545
669	1549	0	1549
670	1552	0	1552
671	1546	0	1546
672	1552	0	1552
673	1570	0	1570
674	1580	0	1580
675	1582	0	1582
676	1585	0	1585
677	1598	0	1598
678	1601	0	1601
679	1581	0	1581
680	1555	0	1555
681	1540	0	1540
682	1575	0	1575
683	1553	0	1553
684	1575	0	1575
685	1608	0	1608
686	1596	0	1596
687	1614	0	1614
688	1555	0	1555
689	1576	0	1576
690	1618	0	1618
691	1624	0	1624
692	1583	0	1583
693	1602	0	1602
694	1613	0	1613
695	1591	0	1591
696	1617	0	1617
697	1623	0	1623
698	1617	0	1617
699	1615	0	1615
700	1642	0	1642
701	1605	0	1605
702	1591	0	1591
703	1599	0	1599
704	1647	0	1647
705	1640	0	1640
706	1629	0	1629
707	1615	0	1615
708	1628	0	1628
709	1622	0	1622
710	1603	0	1603
711	1641	0	1641
712	1634	0	1634
713	1609	0	1609
714	1592	0	1592
715	1628	0	1628
716	1645	0	1645
717	1639	0	1639
718	1639	0	1639
719	1646	0	1646
720	1631	0	1631
721	1614	0	1614
722	1650	0	1650
723	1672	0	1672
724	1663	0	1663
725	1661	0	1661
726	1689	0	1689
727	1672	0	1672
728	1643	0	1643
729	1635	0	1635
730	1672	0	1672
731	1686	0	1686
732	1679	0	1679
733	1667	0	1667
734	1711	0	1711
735	1712	0	1712
736	1692	0	1692
737	1663	0	1663
738	1648	0	1648
739	1676	0	1676
740	1694	0	1694
741	1694	0	1694
742	1649	0	1649
743	1659	0	1659
744	1705	0	1705
745	1667	0	1667
746	1642	0	1642
747	1688	0	1688
748	1692	0	1692
749	1657	0	1657
750	1663	0	1663
751	1653	0	1653
752	1674	0	1674
753	1696	0	1696
754	1673	0	1673
755	1652	0	1652
756	1674	0	1674
757	1663	0	1663
758	1646	0	1646
759	1651	0	1651
760	1681	0	1681
761	1661	0	1661
762	1687	0	1687
763	1701	0	1701
764	1721	0	1721
765	1718	0	1718
766	1703	0	1703
767	1677	0	1677
768	1690	0	1690
769	1709	0	1709
770	1696	0	1696
771	1703	0	1703
772	1721	0	1721
773	1726	0	1726
774	1729	0	1729
775	1698	0	1698
776	1729	0	1729
777	1734	0	1734
778	1712	0	1712
779	1712	0	1712
780	1753	0	1753
781	1714	0	1714
782	1702	0	1702
783	1711	0	1711
784	1734	0	1734
785	1720	0	1720
786	1705	0	1705
787	1741	0	1741
788	1770	0	1770
789	1729	0	1729
790	1696	0	1696
791	1720	0	1720
792	1746	0	1746
793	1764	0	1764
794	1720	0	1720
795	1694	0	1694
796	1745	0	1745
797	1725	0	1725
798	1711	0	1711
799	1739	0	1739
800	1742	0	1742
801	1719	0	1719
802	1704	0	1704
803	1717	0	1717
804	1745	0	1745
805	1732	0	1732
806	1722	0	1722
807	1732	0	1732
808	1740	0	1740
809	1775	0	1775
810	1773	0	1773
811	1762	0	1762
812	1792	0	1792
813	1751	0	1751
814	1755	0	1755
815	1751	0	1751
816	1747	0	1747
817	1758	0	1758
818	1747	0	1747
819	1759	0	1759
820	1767	0	1767
821	1791	0	1791
822	1843	0	1843
823	1828	0	1828
824	1806	0	1806
825	1845	0	1845
826	1833	0	1833
827	1802	0	1802
828	1818	0	1818
829	1817	0	1817
830	1809	0	1809
831	1818	0	1818
832	1810	0	1810
833	1813	0	1813
834	1865	0	1865
835	1856	0	1856
836	1827	0	1827
837	1835	0	1835
838	1845	0	1845
839	1821	0	1821
840	1833	0	1833
841	1806	0	1806
842	1797	0	1797
843	1829	0	1829
844	1847	0	1847
845	1813	0	1813
846	1838	0	1838
847	1834	0	1834
848	1841	0	1841
849	1823	0	1823
850	1830	0	1830
851	1822	0	1822
852	1803	0	1803
853	1834	0	1834
854	1842	0	1842
855	1820	0	1820
856	1838	0	1838
857	1839	0	1839
858	1857	0	1857
859	1839	0	1839
860	1846	0	1846
861	1868	0	1868
862	1830	0	1830
863	1814	0	1814
864	1806	0	1806
865	1824	0	1824
866	1876	0	1876
867	1879	0	1879
868	1872	0	1872
869	1891	0	1891
870	1890	0	1890
871	1903	0	1903
872	1917	0	1917
873	1904	0	1904
874	1922	0	1922
875	1908	0	1908
876	1865	0	1865
877	1892	0	1892
878	1943	0	1943
879	1937	0	1937
880	1957	0	1957
881	1935	0	1935
882	1968	0	1968
883	1972	0	1972
884	1978	0	1978
885	1956	0	1956
886	1933	0	1933
887	1932	0	1932
888	1942	0	1942
889	1992	0	1992
890	2067	0	2067
891	2119	0	2119
892	2131	0	2131
893	2149	0	2149
894	2204	0	2204
895	2260	0	2260
896	2288	0	2288
897	2306	0	2306
898	2345	0	2345
899	2413	0	2413
900	2399	0	2399
901	2397	0	2397
902	2424	0	2424
903	2441	0	2441
904	2471	0	2471
905	2495	0	2495
906	2525	0	2525
907	2532	0	2532
908	2523	0	2523
909	2525	0	2525
910	2528	0	2528
911	2532	0	2532
912	2565	0	2565
913	2563	0	2563
914	2598	0	2598
915	2649	0	2649
916	2683	0	2683
917	2791	0	2791
918	2957	0	2957
919	3083	0	3083
920	3157	0	3157
921	3178	0	3178
922	3291	0	3291
923	3529	0	3529
924	3752	0	3752
925	3997	0	3997
926	4263	0	4263
927	4589	0	4589
928	5015	0	5015
929	5790	0	5790
930	6618	0	6618
931	7103	0	7103
932	7477	0	7477
933	7902	0	7902
934	8148	0	8148
935	8163	0	8163
936	7792	0	7792
937	7575	0	7575
938	7855	0	7855
939	8309	0	8309
940	8512	0	8512
941	8763	0	8763
942	9098	0	9098
943	9340	0	9340
944	9416	0	9416
945	8971	0	8971
946	8152	0	8152
947	7251	0	7251
948	6681	0	6681
949	6593	0	6593
950	6648	0	6648
951	6296	0	6296
952	5439	0	5439
953	4611	0	4611
954	4478	0	4478
955	4792	0	4792
956	4680	0	4680
957	4368	0	4368
958	4212	0	4212
959	4237	0	4237
960	4051	0	4051
961	3629	0	3629
962	3497	0	3497
963	3287	0	3287
964	3059	0	3059
965	3057	0	3057
966	2967	0	2967
967	2793	0	2793
968	2928	0	2928
969	2897	0	2897
970	2767	0	2767
971	2807	0	2807
972	2761	0	2761
973	2647	0	2647
974	2617	0	2617
975	2700	0	2700
976	2692	0	2692
977	2717	0	2717
978	2750	0	2750
979	2729	0	2729
980	2695	0	2695
981	2715	0	2715
982	2673	0	2673
983	2617	0	2617
984	2667	0	2667
985	2625	0	2625
986	2604	0	2604
987	2613	0	2613
988	2585	0	2585
989	2528	0	2528
990	2515	0	2515
991	2551	0	2551
992	2639	0	2639
993	2632	0	2632
994	2643	0	2643
995	2579	0	2579
996	2560	0	2560
997	2627	0	2627
998	2605	0	2605
999	2534	0	2534
1000	2485	0	2485
1001	2516	0	2516
1002	2533	0	2533
1003	2545	0	2545
1004	2584	0	2584
1005	2613	0	2613
1006	2609	0	2609
1007	2552	0	2552
1008	2491	0	2491
1009	2467	0	2467
1010	2524	0	2524
1011	2466	0	2466
1012	2393	0	2393
1013	2424	0	2424
1014	2481	0	2481
1015	2514	0	2514
1016	2545	0	2545
1017	2540	0	2540
1018	2495	0	2495
1019	2419	0	2419
1020	2396	0	2396
1021	2393	0	2393
1022	2425	0	2425
1023	2455	0	2455
1024	2443	0	2443
1025	2403	0	2403
1026	2399	0	2399
1027	2446	0	2446
1028	2454	0	2454
1029	2424	0	2424
1030	2471	0	2471
1031	2448	0	2448
1032	2359	0	2359
1033	2352	0	2352
1034	2425	0	2425
1035	2434	0	2434
1036	2416	0	2416
1037	2405	0	2405
1038	2357	0	2357
1039	2367	0	2367
1040	2403	0	2403
1041	2435	0	2435
1042	2428	0	2428
1043	2349	0	2349
1044	2338	0	2338
1045	2362	0	2362
1046	2379	0	2379
1047	2382	0	2382
1048	2383	0	2383
1049	2466	0	2466
1050	2452	0	2452
1051	2443	0	2443
1052	2441	0	2441
1053	2431	0	2431
1054	2455	0	2455
1055	2450	0	2450
1056	2415	0	2415
1057	2400	0	2400
1058	2373	0	2373
1059	2330	0	2330
1060	2390	0	2390
1061	2385	0	2385
1062	2336	0	2336
1063	2398	0	2398
1064	2444	0	2444
1065	2408	0	2408
1066	2385	0	2385
1067	2417	0	2417
1068	2482	0	2482
1069	2493	0	2493
1070	2477	0	2477
1071	2460	0	2460
1072	2493	0	2493
1073	2516	0	2516
1074	2510	0	2510
1075	2484	0	2484
1076	2455	0	2455
1077	2459	0	2459
1078	2500	0	2500
1079	2495	0	2495
1080	2507	0	2507
1081	2491	0	2491
1082	2468	0	2468
1083	2418	0	2418
1084	2391	0	2391
1085	2383	0	2383
1086	2387	0	2387
1087	2414	0	2414
1088	2420	0	2420
1089	2419	0	2419
1090	2408	0	2408
1091	2419	0	2419
1092	2422	0	2422
1093	2395	0	2395
1094	2375	0	2375
1095	2318	0	2318
1096	2298	0	2298
1097	2299	0	2299
1098	2284	0	2284
1099	2237	0	2237
1100	2237	0	2237
1101	2302	0	2302
1102	2269	0	2269
1103	2253	0	2253
1104	2254	0	2254
1105	2266	0	2266
1106	2283	0	2283
1107	2278	0	2278
1108	2326	0	2326
1109	2309	0	2309
1110	2323	0	2323
1111	2374	0	2374
1112	2351	0	2351
1113	2330	0	2330
1114	2324	0	2324
1115	2367	0	2367
1116	2353	0	2353
1117	2361	0	2361
1118	2428	0	2428
1119	2424	0	2424
1120	2432	0	2432
1121	2455	0	2455
1122	2443	0	2443
1123	2438	0	2438
1124	2457	0	2457
1125	2417	0	2417
1126	2449	0	2449
1127	2466	0	2466
1128	2469	0	2469
1129	2470	0	2470
1130	2471	0	2471
1131	2497	0	2497
1132	2495	0	2495
1133	2521	0	2521
1134	2531	0	2531
1135	2490	0	2490
1136	2501	0	2501
1137	2486	0	2486
1138	2515	0	2515
1139	2534	0	2534
1140	2566	0	2566
1141	2566	0	2566
1142	2594	0	2594
1143	2612	0	2612
1144	2599	0	2599
1145	2573	0	2573
1146	2597	0	2597
1147	2620	0	2620
1148	2607	0	2607
1149	2591	0	2591
1150	2623	0	2623
1151	2651	0	2651
1152	2651	0	2651
1153	2696	0	2696
1154	2718	0	2718
1155	2700	0	2700
1156	2734	0	2734
1157	2732	0	2732
1158	2712	0	2712
1159	2721	0	2721
1160	2726	0	2726
1161	2739	0	2739
1162	2804	0	2804
1163	2828	0	2828
1164	2831	0	2831
1165	2860	0	2860
1166	2867	0	2867
1167	2845	0	2845
1168	2853	0	2853
1169	2838	0	2838
1170	2812	0	2812
1171	2817	0	2817
1172	2841	0	2841
1173	2839	0	2839
1174	2862	0	2862
1175	2870	0	2870
1176	2856	0	2856
1177	2828	0	2828
1178	2850	0	2850
1179	2819	0	2819
1180	2841	0	2841
1181	2825	0	2825
1182	2837	0	2837
1183	2901	0	2901
1184	2954	0	2954
1185	2960	0	2960
1186	2937	0	2937
1187	2986	0	2986
1188	2935	0	2935
1189	2880	0	2880
1190	2926	0	2926
1191	2897	0	2897
1192	2919	0	2919
1193	2970	0	2970
1194	2954	0	2954
1195	2968	0	2968
1196	2957	0	2957
1197	2910	0	2910
1198	3042	0	3042
1199	3034	0	3034
1200	3007	0	3007
1201	2995	0	2995
1202	2987	0	2987
1203	3031	0	3031
1204	3057	0	3057
1205	3082	0	3082
1206	3094	0	3094
1207	3102	0	3102
1208	3103	0	3103
1209	3159	0	3159
1210	3143	0	3143
1211	3117	0	3117
1212	3135	0	3135
1213	3160	0	3160
1214	3176	0	3176
1215	3169	0	3169
1216	3202	0	3202
1217	3203	0	3203
1218	3195	0	3195
1219	3243	0	3243
1220	3268	0	3268
1221	3305	0	3305
1222	3305	0	3305
1223	3334	0	3334
1224	3347	0	3347
1225	3348	0	3348
1226	3364	0	3364
1227	3306	0	3306
1228	3342	0	3342
1229	3396	0	3396
1230	3410	0	3410
1231	3453	0	3453
1232	3422	0	3422
1233	3441	0	3441
1234	3442	0	3442
1235	3441	0	3441
1236	3452	0	3452
1237	3470	0	3470
1238	3491	0	3491
1239	3497	0	3497
1240	3508	0	3508
1241	3580	0	3580
1242	3525	0	3525
1243	3502	0	3502
1244	3532	0	3532
1245	3556	0	3556
1246	3547	0	3547
1247	3583	0	3583
1248	3580	0	3580
1249	3560	0	3560
1250	3538	0	3538
1251	3567	0	3567
1252	3614	0	3614
1253	3598	0	3598
1254	3577	0	3577
1255	3556	0	3556
1256	3607	0	3607
1257	3632	0	3632
1258	3630	0	3630
1259	3607	0	3607
1260	3678	0	3678
1261	3663	0	3663
1262	3731	0	3731
1263	3728	0	3728
1264	3713	0	3713
1265	3721	0	3721
1266	3735	0	3735
1267	3727	0	3727
1268	3698	0	3698
1269	3741	0	3741
1270	3776	0	3776
1271	3788	0	3788
1272	3854	0	3854
1273	3840	0	3840
1274	3790	0	3790
1275	3759	0	3759
1276	3783	0	3783
1277	3869	0	3869
1278	3925	0	3925
1279	3925	0	3925
1280	3967	0	3967
1281	3917	0	3917
1282	3917	0	3917
1283	3970	0	3970
1284	3989	0	3989
1285	3968	0	3968
1286	3917	0	3917
1287	3947	0	3947
1288	4010	0	4010
1289	4007	0	4007
1290	3975	0	3975
1291	4028	0	4028
1292	4008	0	4008
1293	4060	0	4060
1294	4102	0	4102
1295	4069	0	4069
1296	4122	0	4122
1297	4178	0	4178
1298	4173	0	4173
1299	4158	0	4158
1300	4197	0	4197
1301	4250	0	4250
1302	4283	0	4283
1303	4313	0	4313
1304	4320	0	4320
1305	4282	0	4282
1306	4289	0	4289
1307	4375	0	4375
1308	4395	0	4395
1309	4381	0	4381
1310	4389	0	4389
1311	4444	0	4444
1312	4452	0	4452
1313	4448	0	4448
1314	4485	0	4485
1315	4452	0	4452
1316	4516	0	4516
1317	4516	0	4516
1318	4529	0	4529
1319	4478	0	4478
1320	4482	0	4482
1321	4562	0	4562
1322	4577	0	4577
1323	4571	0	4571
1324	4597	0	4597
1325	4591	0	4591
1326	4666	0	4666
1327	4677	0	4677
1328	4674	0	4674
1329	4645	0	4645
1330	4615	0	4615
1331	4647	0	4647
1332	4700	0	4700
1333	4766	0	4766
1334	4743	0	4743
1335	4698	0	4698
1336	4674	0	4674
1337	4662	0	4662
1338	4654	0	4654
1339	4681	0	4681
1340	4684	0	4684
1341	4671	0	4671
1342	4690	0	4690
1343	4737	0	4737
1344	4790	0	4790
1345	4760	0	4760
1346	4696	0	4696
1347	4664	0	4664
1348	4651	0	4651
1349	4683	0	4683
1350	4673	0	4673
1351	4670	0	4670
1352	4688	0	4688
1353	4655	0	4655
1354	4665	0	4665
1355	4590	0	4590
1356	4573	0	4573
1357	4690	0	4690
1358	4730	0	4730
1359	4707	0	4707
1360	4713	0	4713
1361	4699	0	4699
1362	4657	0	4657
1363	4633	0	4633
1364	4673	0	4673
1365	4600	0	4600
1366	4584	0	4584
1367	4632	0	4632
1368	4675	0	4675
1369	4694	0	4694
1370	4777	0	4777
1371	4791	0	4791
1372	4831	0	4831
1373	4873	0	4873
1374	4906	0	4906
1375	4866	0	4866
1376	4815	0	4815
1377	4850	0	4850
1378	4945	0	4945
1379	4987	0	4987
1380	5028	0	5028
1381	5011	0	5011
1382	4932	0	4932
1383	4918	0	4918
1384	5030	0	5030
1385	5057	0	5057
1386	5157	0	5157
1387	5182	0	5182
1388	5204	0	5204
1389	5160	0	5160
1390	5070	0	5070
1391	5037	0	5037
1392	4973	0	4973
1393	4941	0	4941
1394	4976	0	4976
1395	4950	0	4950
1396	4898	0	4898
1397	4916	0	4916
1398	4885	0	4885
1399	4922	0	4922
1400	4893	0	4893
1401	4844	0	4844
1402	4833	0	4833
1403	4868	0	4868
1404	4852	0	4852
1405	4836	0	4836
1406	4867	0	4867
1407	4892	0	4892
1408	4828	0	4828
1409	4901	0	4901
1410	4965	0	4965
1411	4891	0	4891
1412	4871	0	4871
1413	4926	0	4926
1414	4967	0	4967
1415	4985	0	4985
1416	5068	0	5068
1417	5125	0	5125
1418	5253	0	5253
1419	5252	0	5252
1420	5243	0	5243
1421	5325	0	5325
1422	5381	0	5381
1423	5395	0	5395
1424	5471	0	5471
1425	5478	0	5478
1426	5587	0	5587
1427	5667	0	5667
1428	5666	0	5666
1429	5665	0	5665
1430	5604	0	5604
1431	5660	0	5660
1432	5671	0	5671
1433	5769	0	5769
1434	5786	0	5786
1435	5852	0	5852
1436	5878	0	5878
1437	5977	0	5977
1438	5973	0	5973
1439	5959	0	5959
1440	6018	0	6018
1441	6017	0	6017
1442	6063	0	6063
1443	6061	0	6061
1444	6079	0	6079
1445	6051	0	6051
1446	5965	0	5965
1447	5938	0	5938
1448	5939	0	5939
1449	5868	0	5868
1450	5829	0	5829
1451	5818	0	5818
1452	5834	0	5834
1453	5762	0	5762
1454	5746	0	5746
1455	5775	0	5775
1456	5807	0	5807
1457	5868	0	5868
1458	5943	0	5943
1459	5952	0	5952
1460	6051	0	6051
1461	6053	0	6053
1462	6098	0	6098
1463	6191	0	6191
1464	6184	0	6184
1465	6205	0	6205
1466	6274	0	6274
1467	6404	0	6404
1468	6459	0	6459
1469	6480	0	6480
1470	6508	0	6508
1471	6444	0	6444
1472	6421	0	6421
1473	6397	0	6397
1474	6288	0	6288
1475	6229	0	6229
1476	6337	0	6337
1477	6484	0	6484
1478	6502	0	6502
1479	6491	0	6491
1480	6412	0	6412
1481	6381	0	6381
1482	6348	0	6348
1483	6333	0	6333
1484	6263	0	6263
1485	6228	0	6228
1486	6287	0	6287
1487	6269	0	6269
1488	6291	0	6291
1489	6235	0	6235
1490	6173	0	6173
1491	6147	0	6147
1492	6070	0	6070
1493	6109	0	6109
1494	6059	0	6059
1495	6043	0	6043
1496	6105	0	6105
1497	6053	0	6053
1498	5929	0	5929
1499	5909	0	5909
1500	5946	0	5946
1501	5928	0	5928
1502	5811	0	5811
1503	5825	0	5825
1504	5837	0	5837
1505	5788	0	5788
1506	5747	0	5747
1507	5730	0	5730
1508	5634	0	5634
1509	5647	0	5647
1510	5598	0	5598
1511	5529	0	5529
1512	5562	0	5562
1513	5598	0	5598
1514	5570	0	5570
1515	5524	0	5524
1516	5546	0	5546
1517	5460	0	5460
1518	5383	0	5383
1519	5339	0	5339
1520	5304	0	5304
1521	5304	0	5304
1522	5273	0	5273
1523	5305	0	5305
1524	5256	0	5256
1525	5204	0	5204
1526	5128	0	5128
1527	5099	0	5099
1528	5103	0	5103
1529	5033	0	5033
1530	4971	0	4971
1531	4865	0	4865
1532	4916	0	4916
1533	4900	0	4900
1534	4824	0	4824
1535	4802	0	4802
1536	4845	0	4845
1537	4844	0	4844
1538	4806	0	4806
1539	4757	0	4757
1540	4680	0	4680
1541	4679	0	4679
1542	4634	0	4634
1543	4607	0	4607
1544	4586	0	4586
1545	4525	0	4525
1546	4524	0	4524
1547	4521	0	4521
1548	4434	0	4434
1549	4397	0	4397
1550	4337	0	4337
1551	4261	0	4261
1552	4325	0	4325
1553	4286	0	4286
1554	4215	0	4215
1555	4188	0	4188
1556	4175	0	4175
1557	4138	0	4138
1558	4052	0	4052
1559	4051	0	4051
1560	3992	0	3992
1561	3930	0	3930
1562	3941	0	3941
1563	3906	0	3906
1564	3817	0	3817
1565	3743	0	3743
1566	3693	0	3693
1567	3665	0	3665
1568	3648	0	3648
1569	3554	0	3554
1570	3520	0	3520
1571	3573	0	3573
1572	3559	0	3559
1573	3425	0	3425
1574	3361	0	3361
1575	3358	0	3358
1576	3317	0	3317
1577	3265	0	3265
1578	3225	0	3225
1579	3238	0	3238
1580	3190	0	3190
1581	3161	0	3161
1582	3144	0	3144
1583	3123	0	3123
1584	3038	0	3038
1585	2989	0	2989
1586	3056	0	3056
1587	3034	0	3034
1588	3009	0	3009
1589	2988	0	2988
1590	2967	0	2967
1591	2962	0	2962
1592	2929	0	2929
1593	2912	0	2912
1594	2916	0	2916
1595	2921	0	2921
1596	2959	0	2959
1597	2915	0	2915
1598	2853	0	2853
1599	2876	0	2876
1600	2869	0	2869
1601	2856	0	2856
1602	2845	0	2845
1603	2838	0	2838
1604	2853	0	2853
1605	2836	0	2836
1606	2824	0	2824
1607	2816	0	2816
1608	2820	0	2820
1609	2823	0	2823
1610	2806	0	2806
1611	2804	0	2804
1612	2806	0	2806
1613	2735	0	2735
1614	2768	0	2768
1615	2752	0	2752
1616	2727	0	2727
1617	2740	0	2740
1618	2791	0	2791
1619	2764	0	2764
1620	2724	0	2724
1621	2730	0	2730
1622	2701	0	2701
1623	2706	0	2706
1624	2716	0	2716
1625	2680	0	2680
1626	2697	0	2697
1627	2701	0	2701
1628	2663	0	2663
1629	2643	0	2643
1630	2653	0	2653
1631	2648	0	2648
1632	2663	0	2663
1633	2654	0	2654
1634	2643	0	2643
1635	2660	0	2660
1636	2624	0	2624
1637	2650	0	2650
1638	2616	0	2616
1639	2583	0	2583
1640	2643	0	2643
1641	2639	0	2639
1642	2560	0	2560
1643	2593	0	2593
1644	2557	0	2557
1645	2516	0	2516
1646	2571	0	2571
1647	2573	0	2573
1648	2574	0	2574
1649	2562	0	2562
1650	2581	0	2581
1651	2589	0	2589
1652	2586	0	2586
1653	2549	0	2549
1654	2532	0	2532
1655	2579	0	2579
1656	2563	0	2563
1657	2528	0	2528
1658	2600	0	2600
1659	2597	0	2597
1660	2563	0	2563
1661	2569	0	2569
1662	2534	0	2534
1663	2557	0	2557
1664	2563	0	2563
1665	2538	0	2538
1666	2535	0	2535
1667	2528	0	2528
1668	2554	0	2554
1669	2563	0	2563
1670	2540	0	2540
1671	2542	0	2542
1672	2522	0	2522
1673	2508	0	2508
1674	2526	0	2526
1675	2547	0	2547
1676	2546	0	2546
1677	2536	0	2536
1678	2547	0	2547
1679	2531	0	2531
1680	2526	0	2526
1681	2558	0	2558
1682	2519	0	2519
1683	2500	0	2500
1684	2567	0	2567
1685	2547	0	2547
1686	2531	0	2531
1687	2543	0	2543
1688	2530	0	2530
1689	2511	0	2511
1690	2494	0	2494
1691	2506	0	2506
1692	2479	0	2479
1693	2459	0	2459
1694	2490	0	2490
1695	2519	0	2519
1696	2467	0	2467
1697	2489	0	2489
1698	2532	0	2532
1699	2528	0	2528
1700	2533	0	2533
1701	2496	0	2496
1702	2513	0	2513
1703	2489	0	2489
1704	2458	0	2458
1705	2489	0	2489
1706	2509	0	2509
1707	2528	0	2528
1708	2533	0	2533
1709	2582	0	2582
1710	2557	0	2557
1711	2507	0	2507
1712	2535	0	2535
1713	2569	0	2569
1714	2588	0	2588
1715	2580	0	2580
1716	2523	0	2523
1717	2529	0	2529
1718	2572	0	2572
1719	2585	0	2585
1720	2579	0	2579
1721	2560	0	2560
1722	2560	0	2560
1723	2564	0	2564
1724	2565	0	2565
1725	2553	0	2553
1726	2568	0	2568
1727	2578	0	2578
1728	2508	0	2508
1729	2562	0	2562
1730	2556	0	2556
1731	2558	0	2558
1732	2569	0	2569
1733	2573	0	2573
1734	2537	0	2537
1735	2515	0	2515
1736	2561	0	2561
1737	2581	0	2581
1738	2603	0	2603
1739	2599	0	2599
1740	2593	0	2593
1741	2609	0	2609
1742	2606	0	2606
1743	2590	0	2590
1744	2584	0	2584
1745	2542	0	2542
1746	2573	0	2573
1747	2605	0	2605
1748	2601	0	2601
1749	2575	0	2575
1750	2583	0	2583
1751	2620	0	2620
1752	2600	0	2600
1753	2590	0	2590
1754	2606	0	2606
1755	2601	0	2601
1756	2612	0	2612
1757	2595	0	2595
1758	2608	0	2608
1759	2599	0	2599
1760	2574	0	2574
1761	2554	0	2554
1762	2595	0	2595
1763	2595	0	2595
1764	2612	0	2612
1765	2636	0	2636
1766	2591	0	2591
1767	2627	0	2627
1768	2655	0	2655
1769	2598	0	2598
1770	2625	0	2625
1771	2637	0	2637
1772	2615	0	2615
1773	2627	0	2627
1774	2635	0	2635
1775	2609	0	2609
1776	2632	0	2632
1777	2610	0	2610
1778	2561	0	2561
1779	2620	0	2620
1780	2602	0	2602
1781	2602	0	2602
1782	2622	0	2622
1783	2606	0	2606
1784	2588	0	2588
1785	2623	0	2623
1786	2637	0	2637
1787	2626	0	2626
1788	2643	0	2643
1789	2678	0	2678
1790	2616	0	2616
1791	2595	0	2595
1792	2593	0	2593
1793	2574	0	2574
1794	2596	0	2596
1795	2613	0	2613
1796	2588	0	2588
1797	2597	0	2597
1798	2631	0	2631
1799	2610	0	2610
1800	2597	0	2597
1801	2587	0	2587
1802	2598	0	2598
1803	2610	0	2610
1804	2593	0	2593
1805	2630	0	2630
1806	2633	0	2633
1807	2641	0	2641
1808	2638	0	2638
1809	2597	0	2597
1810	2615	0	2615
1811	2634	0	2634
1812	2611	0	2611
1813	2624	0	2624
1814	2675	0	2675
1815	2673	0	2673
1816	2671	0	2671
1817	2662	0	2662
1818	2664	0	2664
1819	2671	0	2671
1820	2652	0	2652
1821	2642	0	2642
1822	2691	0	2691
1823	2693	0	2693
1824	2629	0	2629
1825	2660	0	2660
1826	2663	0	2663
1827	2655	0	2655
1828	2685	0	2685
1829	2629	0	2629
1830	2609	0	2609
1831	2650	0	2650
1832	2645	0	2645
1833	2608	0	2608
1834	2575	0	2575
1835	2601	0	2601
1836	2582	0	2582
1837	2607	0	2607
1838	2628	0	2628
1839	2589	0	2589
1840	2543	0	2543
1841	2534	0	2534
1842	2572	0	2572
1843	2525	0	2525
1844	2537	0	2537
1845	2565	0	2565
1846	2604	0	2604
1847	2605	0	2605
1848	2613	0	2613
1849	2583	0	2583
1850	2557	0	2557
1851	2544	0	2544
1852	2514	0	2514
1853	2520	0	2520
1854	2521	0	2521
1855	2568	0	2568
1856	2530	0	2530
1857	2506	0	2506
1858	2500	0	2500
1859	2522	0	2522
1860	2494	0	2494
1861	2516	0	2516
1862	2510	0	2510
1863	2528	0	2528
1864	2570	0	2570
1865	2570	0	2570
1866	2570	0	2570
1867	2538	0	2538
1868	2529	0	2529
1869	2517	0	2517
1870	2474	0	2474
1871	2491	0	2491
1872	2509	0	2509
1873	2481	0	2481
1874	2441	0	2441
1875	2448	0	2448
1876	2430	0	2430
1877	2430	0	2430
1878	2463	0	2463
1879	2419	0	2419
1880	2435	0	2435
1881	2475	0	2475
1882	2465	0	2465
1883	2475	0	2475
1884	2502	0	2502
1885	2437	0	2437
1886	2416	0	2416
1887	2386	0	2386
1888	2467	0	2467
1889	2519	0	2519
1890	2466	0	2466
1891	2407	0	2407
1892	2411	0	2411
1893	2412	0	2412
1894	2417	0	2417
1895	2485	0	2485
1896	2447	0	2447
1897	2433	0	2433
1898	2483	0	2483
1899	2477	0	2477
1900	2478	0	2478
1901	2449	0	2449
1902	2396	0	2396
1903	2390	0	2390
1904	2389	0	2389
1905	2392	0	2392
1906	2449	0	2449
1907	2419	0	2419
1908	2396	0	2396
1909	2398	0	2398
1910	2380	0	2380
1911	2385	0	2385
1912	2347	0	2347
1913	2377	0	2377
1914	2386	0	2386
1915	2383	0	2383
1916	2396	0	2396
1917	2395	0	2395
1918	2393	0	2393
1919	2389	0	2389
1920	2431	0	2431
1921	2399	0	2399
1922	2325	0	2325
1923	2337	0	2337
1924	2397	0	2397
1925	2327	0	2327
1926	2337	0	2337
1927	2397	0	2397
1928	2433	0	2433
1929	2388	0	2388
1930	2381	0	2381
1931	2381	0	2381
1932	2350	0	2350
1933	2324	0	2324
1934	2332	0	2332
1935	2344	0	2344
1936	2322	0	2322
1937	2328	0	2328
1938	2350	0	2350
1939	2298	0	2298
1940	2310	0	2310
1941	2325	0	2325
1942	2342	0	2342
1943	2332	0	2332
1944	2304	0	2304
1945	2296	0	2296
1946	2321	0	2321
1947	2343	0	2343
1948	2358	0	2358
1949	2328	0	2328
1950	2314	0	2314
1951	2334	0	2334
1952	2364	0	2364
1953	2346	0	2346
1954	2354	0	2354
1955	2326	0	2326
1956	2320	0	2320
1957	2321	0	2321
1958	2291	0	2291
1959	2281	0	2281
1960	2298	0	2298
1961	2289	0	2289
1962	2296	0	2296
1963	2349	0	2349
1964	2331	0	2331
1965	2292	0	2292
1966	2262	0	2262
1967	2273	0	2273
1968	2309	0	2309
1969	2307	0	2307
1970	2299	0	2299
1971	2313	0	2313
1972	2265	0	2265
1973	2268	0	2268
1974	2272	0	2272
1975	2254	0	2254
1976	2214	0	2214
1977	2277	0	2277
1978	2304	0	2304
1979	2245	0	2245
1980	2283	0	2283
1981	2287	0	2287
1982	2282	0	2282
1983	2258	0	2258
1984	2264	0	2264
1985	2363	0	2363
1986	2319	0	2319
1987	2265	0	2265
1988	2292	0	2292
1989	2313	0	2313
1990	2319	0	2319
1991	2304	0	2304
1992	2275	0	2275
1993	2329	0	2329
1994	2285	0	2285
1995	2259	0	2259
1996	2247	0	2247
1997	2247	0	2247
1998	2261	0	2261
1999	2288	0	2288
2000	2264	0	2264
2001	2225	0	2225
2002	2250	0	2250
2003	2257	0	2257
2004	2300	0	2300
2005	2282	0	2282
2006	2259	0	2259
2007	2253	0	2253
2008	2271	0	2271
2009	2219	0	2219
2010	2272	0	2272
2011	2297	0	2297
2012	2292	0	2292
2013	2310	0	2310
2014	2268	0	2268
2015	2247	0	2247
2016	2279	0	2279
2017	2301	0	2301
2018	2306	0	2306
2019	2268	0	2268
2020	2295	0	2295
2021	2290	0	2290
2022	2305	0	2305
2023	2292	0	2292
2024	2340	0	2340
2025	2314	0	2314
2026	2274	0	2274
2027	2326	0	2326
2028	2273	0	2273
2029	2246	0	2246
2030	2275	0	2275
2031	2303	0	2303
2032	2291	0	2291
2033	2312	0	2312
2034	2291	0	2291
2035	2254	0	2254
2036	2258	0	2258
2037	2296	0	2296
2038	2285	0	2285
2039	2307	0	2307
2040	2292	0	2292
2041	2259	0	2259
2042	2295	0	2295
2043	2314	0	2314
2044	2297	0	2297
2045	2309	0	2309
2046	2288	0	2288
2047	2246	0	2246
2048	2299	0	2299
2049	2342	0	2342
2050	2311	0	2311
2051	2278	0	2278
2052	2330	0	2330
2053	2373	0	2373
2054	2324	0	2324
2055	2339	0	2339
2056	2376	0	2376
2057	2352	0	2352
2058	2302	0	2302
2059	2307	0	2307
2060	2275	0	2275
2061	2272	0	2272
2062	2303	0	2303
2063	2313	0	2313
2064	2334	0	2334
2065	2339	0	2339
2066	2328	0	2328
2067	2299	0	2299
2068	2276	0	2276
2069	2335	0	2335
2070	2369	0	2369
2071	2304	0	2304
2072	2313	0	2313
2073	2347	0	2347
2074	2368	0	2368
2075	2321	0	2321
2076	2316	0	2316
2077	2320	0	2320
2078	2315	0	2315
2079	2329	0	2329
2080	2365	0	2365
2081	2334	0	2334
2082	2314	0	2314
2083	2327	0	2327
2084	2319	0	2319
2085	2311	0	2311
2086	2306	0	2306
2087	2324	0	2324
2088	2316	0	2316
2089	2325	0	2325
2090	2316	0	2316
2091	2339	0	2339
2092	2360	0	2360
2093	2343	0	2343
2094	2361	0	2361
2095	2403	0	2403
2096	2397	0	2397
2097	2353	0	2353
2098	2364	0	2364
2099	2403	0	2403
2100	2409	0	2409
2101	2394	0	2394
2102	2404	0	2404
2103	2404	0	2404
2104	2405	0	2405
2105	2393	0	2393
2106	2364	0	2364
2107	2344	0	2344
2108	2371	0	2371
2109	2362	0	2362
2110	2401	0	2401
2111	2397	0	2397
2112	2398	0	2398
2113	2413	0	2413
2114	2430	0	2430
2115	2421	0	2421
2116	2461	0	2461
2117	2436	0	2436
2118	2429	0	2429
2119	2450	0	2450
2120	2473	0	2473
2121	2468	0	2468
2122	2495	0	2495
2123	2492	0	2492
2124	2513	0	2513
2125	2489	0	2489
2126	2463	0	2463
2127	2438	0	2438
2128	2437	0	2437
2129	2443	0	2443
2130	2439	0	2439
2131	2438	0	2438
2132	2459	0	2459
2133	2441	0	2441
2134	2450	0	2450
2135	2469	0	2469
2136	2461	0	2461
2137	2463	0	2463
2138	2478	0	2478
2139	2441	0	2441
2140	2468	0	2468
2141	2492	0	2492
2142	2519	0	2519
2143	2539	0	2539
2144	2538	0	2538
2145	2516	0	2516
2146	2550	0	2550
2147	2556	0	2556
2148	2556	0	2556
2149	2583	0	2583
2150	2597	0	2597
2151	2578	0	2578
2152	2627	0	2627
2153	2668	0	2668
2154	2639	0	2639
2155	2643	0	2643
2156	2641	0	2641
2157	2654	0	2654
2158	2651	0	2651
2159	2702	0	2702
2160	2718	0	2718
2161	2834	0	2834
2162	2844	0	2844
2163	2851	0	2851
2164	2891	0	2891
2165	3025	0	3025
2166	3092	0	3092
2167	3161	0	3161
2168	3205	0	3205
2169	3201	0	3201
2170	3176	0	3176
2171	3150	0	3150
2172	3208	0	3208
2173	3208	0	3208
2174	3196	0	3196
2175	3243	0	3243
2176	3149	0	3149
2177	3065	0	3065
2178	2985	0	2985
2179	2951	0	2951
2180	2962	0	2962
2181	2951	0	2951
2182	2880	0	2880
2183	2751	0	2751
2184	2655	0	2655
2185	2654	0	2654
2186	2609	0	2609
2187	2565	0	2565
2188	2555	0	2555
2189	2591	0	2591
2190	2564	0	2564
2191	2555	0	2555
2192	2541	0	2541
2193	2500	0	2500
2194	2491	0	2491
2195	2492	0	2492
2196	2468	0	2468
2197	2465	0	2465
2198	2436	0	2436
2199	2430	0	2430
2200	2463	0	2463
2201	2453	0	2453
2202	2478	0	2478
2203	2467	0	2467
2204	2427	0	2427
2205	2424	0	2424
2206	2434	0	2434
2207	2446	0	2446
2208	2449	0	2449
2209	2473	0	2473
2210	2420	0	2420
2211	2406	0	2406
2212	2435	0	2435
2213	2421	0	2421
2214	2416	0	2416
2215	2389	0	2389
2216	2404	0	2404
2217	2423	0	2423
2218	2339	0	2339
2219	2332	0	2332
2220	2368	0	2368
2221	2387	0	2387
2222	2368	0	2368
2223	2357	0	2357
2224	2365	0	2365
2225	2325	0	2325
2226	2307	0	2307
2227	2359	0	2359
2228	2327	0	2327
2229	2310	0	2310
2230	2322	0	2322
2231	2284	0	2284
2232	2303	0	2303
2233	2287	0	2287
2234	2266	0	2266
2235	2305	0	2305
2236	2305	0	2305
2237	2280	0	2280
2238	2249	0	2249
2239	2241	0	2241
2240	2269	0	2269
2241	2260	0	2260
2242	2263	0	2263
2243	2223	0	2223
2244	2211	0	2211
2245	2248	0	2248
2246	2248	0	2248
2247	2244	0	2244
2248	2231	0	2231
2249	2215	0	2215
2250	2245	0	2245
2251	2273	0	2273
2252	2257	0	2257
2253	2229	0	2229
2254	2214	0	2214
2255	2208	0	2208
2256	2198	0	2198
2257	2199	0	2199
2258	2214	0	2214
2259	2179	0	2179
2260	2189	0	2189
2261	2182	0	2182
2262	2191	0	2191
2263	2169	0	2169
2264	2191	0	2191
2265	2159	0	2159
2266	2128	0	2128
2267	2124	0	2124
2268	2111	0	2111
2269	2138	0	2138
2270	2123	0	2123
2271	2111	0	2111
2272	2125	0	2125
2273	2136	0	2136
2274	2141	0	2141
2275	2104	0	2104
2276	2107	0	2107
2277	2101	0	2101
2278	2097	0	2097
2279	2117	0	2117
2280	2119	0	2119
2281	2121	0	2121
2282	2130	0	2130
2283	2133	0	2133
2284	2119	0	2119
2285	2113	0	2113
2286	2105	0	2105
2287	2108	0	2108
2288	2086	0	2086
2289	2111	0	2111
2290	2093	0	2093
2291	2085	0	2085
2292	2114	0	2114
2293	2089	0	2089
2294	2066	0	2066
2295	2075	0	2075
2296	2091	0	2091
2297	2170	0	2170
2298	2125	0	2125
2299	2068	0	2068
2300	2071	0	2071
2301	2065	0	2065
2302	2081	0	2081
2303	2106	0	2106
2304	2076	0	2076
2305	2068	0	2068
2306	2085	0	2085
2307	2068	0	2068
2308	2088	0	2088
2309	2106	0	2106
2310	2100	0	2100
2311	2108	0	2108
2312	2110	0	2110
2313	2074	0	2074
2314	2085	0	2085
2315	2096	0	2096
2316	2144	0	2144
2317	2148	0	2148
2318	2137	0	2137
2319	2114	0	2114
2320	2141	0	2141
2321	2123	0	2123
2322	2127	0	2127
2323	2166	0	2166
2324	2145	0	2145
2325	2110	0	2110
2326	2131	0	2131
2327	2135	0	2135
2328	2142	0	2142
2329	2113	0	2113
2330	2098	0	2098
2331	2121	0	2121
2332	2130	0	2130
2333	2129	0	2129
2334	2099	0	2099
2335	2099	0	2099
2336	2132	0	2132
2337	2116	0	2116
2338	2084	0	2084
2339	2122	0	2122
2340	2099	0	2099
2341	2059	0	2059
2342	2089	0	2089
2343	2074	0	2074
2344	2047	0	2047
2345	2078	0	2078
2346	2090	0	2090
2347	2096	0	2096
2348	2068	0	2068
2349	2064	0	2064
2350	2071	0	2071
2351	2078	0	2078
2352	2089	0	2089
2353	2091	0	2091
2354	2106	0	2106
2355	2086	0	2086
2356	2092	0	2092
2357	2128	0	2128
2358	2105	0	2105
2359	2132	0	2132
2360	2158	0	2158
2361	2141	0	2141
2362	2148	0	2148
2363	2158	0	2158
2364	2148	0	2148
2365	2121	0	2121
2366	2134	0	2134
2367	2160	0	2160
2368	2170	0	2170
2369	2135	0	2135
2370	2157	0	2157
2371	2184	0	2184
2372	2151	0	2151
2373	2102	0	2102
2374	2136	0	2136
2375	2161	0	2161
2376	2166	0	2166
2377	2141	0	2141
2378	2174	0	2174
2379	2172	0	2172
2380	2162	0	2162
2381	2134	0	2134
2382	2130	0	2130
2383	2157	0	2157
2384	2146	0	2146
2385	2153	0	2153
2386	2143	0	2143
2387	2116	0	2116
2388	2128	0	2128
2389	2160	0	2160
2390	2150	0	2150
2391	2170	0	2170
2392	2183	0	2183
2393	2173	0	2173
2394	2189	0	2189
2395	2206	0	2206
2396	2178	0	2178
2397	2199	0	2199
2398	2172	0	2172
2399	2171	0	2171
2400	2205	0	2205
2401	2208	0	2208
2402	2207	0	2207
2403	2182	0	2182
2404	2148	0	2148
2405	2126	0	2126
2406	2177	0	2177
2407	2217	0	2217
2408	2224	0	2224
2409	2216	0	2216
2410	2254	0	2254
2411	2258	0	2258
2412	2242	0	2242
2413	2229	0	2229
2414	2203	0	2203
2415	2227	0	2227
2416	2256	0	2256
2417	2221	0	2221
2418	2260	0	2260
2419	2261	0	2261
2420	2252	0	2252
2421	2281	0	2281
2422	2251	0	2251
2423	2254	0	2254
2424	2222	0	2222
2425	2257	0	2257
2426	2280	0	2280
2427	2267	0	2267
2428	2273	0	2273
2429	2268	0	2268
2430	2314	0	2314
2431	2327	0	2327
2432	2301	0	2301
2433	2270	0	2270
2434	2292	0	2292
2435	2297	0	2297
2436	2289	0	2289
2437	2292	0	2292
2438	2323	0	2323
2439	2359	0	2359
2440	2308	0	2308
2441	2297	0	2297
2442	2280	0	2280
2443	2275	0	2275
2444	2302	0	2302
2445	2335	0	2335
2446	2306	0	2306
2447	2256	0	2256
2448	2282	0	2282
2449	2314	0	2314
2450	2311	0	2311
2451	2343	0	2343
2452	2325	0	2325
2453	2321	0	2321
2454	2308	0	2308
2455	2316	0	2316
2456	2289	0	2289
2457	2282	0	2282
2458	2276	0	2276
2459	2275	0	2275
2460	2268	0	2268
2461	2295	0	2295
2462	2293	0	2293
2463	2282	0	2282
2464	2307	0	2307
2465	2302	0	2302
2466	2273	0	2273
2467	2246	0	2246
2468	2270	0	2270
2469	2241	0	2241
2470	2232	0	2232
2471	2266	0	2266
2472	2260	0	2260
2473	2224	0	2224
2474	2249	0	2249
2475	2281	0	2281
2476	2235	0	2235
2477	2211	0	2211
2478	2220	0	2220
2479	2238	0	2238
2480	2231	0	2231
2481	2189	0	2189
2482	2200	0	2200
2483	2189	0	2189
2484	2177	0	2177
2485	2224	0	2224
2486	2219	0	2219
2487	2175	0	2175
2488	2217	0	2217
2489	2230	0	2230
2490	2204	0	2204
2491	2175	0	2175
2492	2183	0	2183
2493	2181	0	2181
2494	2178	0	2178
2495	2194	0	2194
2496	2186	0	2186
2497	2177	0	2177
2498	2179	0	2179
2499	2154	0	2154
2500	2127	0	2127
2501	2153	0	2153
2502	2151	0	2151
2503	2140	0	2140
2504	2073	0	2073
2505	2075	0	2075
2506	2076	0	2076
2507	2103	0	2103
2508	2080	0	2080
2509	2046	0	2046
2510	2045	0	2045
2511	2024	0	2024
2512	2042	0	2042
2513	2051	0	2051
2514	2087	0	2087
2515	2057	0	2057
2516	2035	0	2035
2517	2030	0	2030
2518	2073	0	2073
2519	2091	0	2091
2520	2031	0	2031
2521	2029	0	2029
2522	2033	0	2033
2523	2029	0	2029
2524	1985	0	1985
2525	1967	0	1967
2526	1981	0	1981
2527	1958	0	1958
2528	1986	0	1986
2529	1997	0	1997
2530	1998	0	1998
2531	1985	0	1985
2532	1998	0	1998
2533	1973	0	1973
2534	1966	0	1966
2535	1951	0	1951
2536	1989	0	1989
2537	1954	0	1954
2538	1937	0	1937
2539	1958	0	1958
2540	1929	0	1929
2541	1905	0	1905
2542	1914	0	1914
2543	1921	0	1921
2544	1948	0	1948
2545	1904	0	1904
2546	1924	0	1924
2547	1934	0	1934
2548	1940	0	1940
2549	1974	0	1974
2550	2000	0	2000
2551	1973	0	1973
2552	1889	0	1889
2553	1931	0	1931
2554	1961	0	1961
2555	1913	0	1913
2556	1894	0	1894
2557	1939	0	1939
2558	1953	0	1953
2559	1932	0	1932
2560	1882	0	1882
2561	1900	0	1900
2562	1915	0	1915
2563	1881	0	1881
2564	1872	0	1872
2565	1899	0	1899
2566	1870	0	1870
2567	1908	0	1908
2568	1922	0	1922
2569	1898	0	1898
2570	1890	0	1890
2571	1878	0	1878
2572	1895	0	1895
2573	1934	0	1934
2574	1961	0	1961
2575	1930	0	1930
2576	1942	0	1942
2577	1972	0	1972
2578	1951	0	1951
2579	1928	0	1928
2580	1928	0	1928
2581	1968	0	1968
2582	1932	0	1932
2583	1947	0	1947
2584	1952	0	1952
2585	1928	0	1928
2586	1980	0	1980
2587	1948	0	1948
2588	1919	0	1919
2589	1911	0	1911
2590	1929	0	1929
2591	1898	0	1898
2592	1883	0	1883
2593	1900	0	1900
2594	1921	0	1921
2595	1902	0	1902
2596	1931	0	1931
2597	1945	0	1945
2598	1912	0	1912
2599	1919	0	1919
2600	1893	0	1893
2601	1849	0	1849
2602	1879	0	1879
2603	1930	0	1930
2604	1933	0	1933
2605	1935	0	1935
2606	1922	0	1922
2607	1912	0	1912
2608	1933	0	1933
2609	1911	0	1911
2610	1883	0	1883
2611	1897	0	1897
2612	1938	0	1938
2613	1920	0	1920
2614	1941	0	1941
2615	1947	0	1947
2616	1918	0	1918
2617	1934	0	1934
2618	1944	0	1944
2619	1929	0	1929
2620	1925	0	1925
2621	1931	0	1931
2622	1949	0	1949
2623	1977	0	1977
2624	2004	0	2004
2625	1978	0	1978
2626	1942	0	1942
2627	1949	0	1949
2628	1963	0	1963
2629	1969	0	1969
2630	1969	0	1969
2631	1960	0	1960
2632	1947	0	1947
2633	1961	0	1961
2634	1977	0	1977
2635	1964	0	1964
2636	1955	0	1955
2637	1970	0	1970
2638	1993	0	1993
2639	1978	0	1978
2640	1976	0	1976
2641	1963	0	1963
2642	1952	0	1952
2643	1991	0	1991
2644	1995	0	1995
2645	2012	0	2012
2646	2009	0	2009
2647	1984	0	1984
2648	1976	0	1976
2649	1953	0	1953
2650	2016	0	2016
2651	2009	0	2009
2652	1950	0	1950
2653	1952	0	1952
2654	2003	0	2003
2655	1983	0	1983
2656	2007	0	2007
2657	1984	0	1984
2658	1962	0	1962
2659	1983	0	1983
2660	1978	0	1978
2661	1967	0	1967
2662	1960	0	1960
2663	1931	0	1931
2664	1981	0	1981
2665	2071	0	2071
2666	2015	0	2015
2667	1963	0	1963
2668	1971	0	1971
2669	1977	0	1977
2670	1994	0	1994
2671	2010	0	2010
2672	1981	0	1981
2673	1981	0	1981
2674	1981	0	1981
2675	1977	0	1977
2676	1985	0	1985
2677	1977	0	1977
2678	1980	0	1980
2679	1950	0	1950
2680	1937	0	1937
2681	1963	0	1963
2682	1971	0	1971
2683	1988	0	1988
2684	2002	0	2002
2685	2019	0	2019
2686	1986	0	1986
2687	1997	0	1997
2688	1996	0	1996
2689	1978	0	1978
2690	1948	0	1948
2691	1967	0	1967
2692	1950	0	1950
2693	1923	0	1923
2694	1936	0	1936
2695	1929	0	1929
2696	1945	0	1945
2697	1926	0	1926
2698	1950	0	1950
2699	1939	0	1939
2700	1937	0	1937
2701	1937	0	1937
2702	1943	0	1943
2703	1971	0	1971
2704	1934	0	1934
2705	1947	0	1947
2706	1935	0	1935
2707	1965	0	1965
2708	1977	0	1977
2709	1929	0	1929
2710	1923	0	1923
2711	1893	0	1893
2712	1911	0	1911
2713	1938	0	1938
2714	1889	0	1889
2715	1868	0	1868
2716	1891	0	1891
2717	1907	0	1907
2718	1905	0	1905
2719	1894	0	1894
2720	1891	0	1891
2721	1882	0	1882
2722	1894	0	1894
2723	1890	0	1890
2724	1869	0	1869
2725	1860	0	1860
2726	1883	0	1883
2727	1861	0	1861
2728	1817	0	1817
2729	1823	0	1823
2730	1848	0	1848
2731	1858	0	1858
2732	1859	0	1859
2733	1830	0	1830
2734	1840	0	1840
2735	1850	0	1850
2736	1866	0	1866
2737	1838	0	1838
2738	1834	0	1834
2739	1829	0	1829
2740	1841	0	1841
2741	1841	0	1841
2742	1829	0	1829
2743	1795	0	1795
2744	1808	0	1808
2745	1821	0	1821
2746	1804	0	1804
2747	1792	0	1792
2748	1813	0	1813
2749	1820	0	1820
2750	1777	0	1777
2751	1803	0	1803
2752	1798	0	1798
2753	1789	0	1789
2754	1818	0	1818
2755	1787	0	1787
2756	1805	0	1805
2757	1821	0	1821
2758	1800	0	1800
2759	1802	0	1802
2760	1761	0	1761
2761	1796	0	1796
2762	1800	0	1800
2763	1804	0	1804
2764	1806	0	1806
2765	1801	0	1801
2766	1786	0	1786
2767	1785	0	1785
2768	1778	0	1778
2769	1778	0	1778
2770	1747	0	1747
2771	1732	0	1732
2772	1737	0	1737
2773	1724	0	1724
2774	1720	0	1720
2775	1732	0	1732
2776	1741	0	1741
2777	1761	0	1761
2778	1732	0	1732
2779	1750	0	1750
2780	1745	0	1745
2781	1742	0	1742
2782	1723	0	1723
2783	1722	0	1722
2784	1892	0	1892
2785	1805	0	1805
2786	1725	0	1725
2787	1742	0	1742
2788	1747	0	1747
2789	1763	0	1763
2790	1761	0	1761
2791	1769	0	1769
2792	1779	0	1779
2793	1745	0	1745
2794	1727	0	1727
2795	1695	0	1695
2796	1737	0	1737
2797	1775	0	1775
2798	1750	0	1750
2799	1760	0	1760
2800	1769	0	1769
2801	1774	0	1774
2802	1781	0	1781
2803	1763	0	1763
2804	1749	0	1749
2805	1749	0	1749
2806	1770	0	1770
2807	1778	0	1778
2808	1760	0	1760
2809	1767	0	1767
2810	1796	0	1796
2811	1754	0	1754
2812	1751	0	1751
2813	1755	0	1755
2814	1750	0	1750
2815	1738	0	1738
2816	1763	0	1763
2817	1772	0	1772
2818	1769	0	1769
2819	1780	0	1780
2820	1764	0	1764
2821	1716	0	1716
2822	1734	0	1734
2823	1740	0	1740
2824	1743	0	1743
2825	1748	0	1748
2826	1764	0	1764
2827	1758	0	1758
2828	1758	0	1758
2829	1737	0	1737
2830	1752	0	1752
2831	1759	0	1759
2832	1771	0	1771
2833	1798	0	1798
2834	1757	0	1757
2835	1760	0	1760
2836	1797	0	1797
2837	1768	0	1768
2838	1764	0	1764
2839	1805	0	1805
2840	1794	0	1794
2841	1792	0	1792
2842	1798	0	1798
2843	1771	0	1771
2844	1788	0	1788
2845	1819	0	1819
2846	1799	0	1799
2847	1803	0	1803
2848	1815	0	1815
2849	1806	0	1806
2850	1792	0	1792
2851	1834	0	1834
2852	1807	0	1807
2853	1786	0	1786
2854	1808	0	1808
2855	1804	0	1804
2856	1800	0	1800
2857	1807	0	1807
2858	1787	0	1787
2859	1768	0	1768
2860	1761	0	1761
2861	1765	0	1765
2862	1768	0	1768
2863	1803	0	1803
2864	1794	0	1794
2865	1770	0	1770
2866	1735	0	1735
2867	1783	0	1783
2868	1803	0	1803
2869	1775	0	1775
2870	1779	0	1779
2871	1799	0	1799
2872	1797	0	1797
2873	1810	0	1810
2874	1790	0	1790
2875	1811	0	1811
2876	1802	0	1802
2877	1788	0	1788
2878	1799	0	1799
2879	1776	0	1776
2880	1796	0	1796
2881	1819	0	1819
2882	1779	0	1779
2883	1798	0	1798
2884	1783	0	1783
2885	1758	0	1758
2886	1803	0	1803
2887	1817	0	1817
2888	1782	0	1782
2889	1785	0	1785
2890	1819	0	1819
2891	1792	0	1792
2892	1783	0	1783
2893	1815	0	1815
2894	1782	0	1782
2895	1797	0	1797
2896	1805	0	1805
2897	1766	0	1766
2898	1795	0	1795
2899	1770	0	1770
2900	1751	0	1751
2901	1778	0	1778
2902	1790	0	1790
2903	1796	0	1796
2904	1787	0	1787
2905	1728	0	1728
2906	1734	0	1734
2907	1772	0	1772
2908	1727	0	1727
2909	1703	0	1703
2910	1724	0	1724
2911	1715	0	1715
2912	1754	0	1754
2913	1765	0	1765
2914	1732	0	1732
2915	1710	0	1710
2916	1705	0	1705
2917	1721	0	1721
2918	1713	0	1713
2919	1696	0	1696
2920	1697	0	1697
2921	1710	0	1710
2922	1729	0	1729
2923	1680	0	1680
2924	1687	0	1687
2925	1710	0	1710
2926	1702	0	1702
2927	1665	0	1665
2928	1664	0	1664
2929	1677	0	1677
2930	1673	0	1673
2931	1671	0	1671
2932	1650	0	1650
2933	1640	0	1640
2934	1655	0	1655
2935	1669	0	1669
2936	1668	0	1668
2937	1712	0	1712
2938	1691	0	1691
2939	1664	0	1664
2940	1644	0	1644
2941	1656	0	1656
2942	1673	0	1673
2943	1646	0	1646
2944	1661	0	1661
2945	1657	0	1657
2946	1642	0	1642
2947	1665	0	1665
2948	1651	0	1651
2949	1625	0	1625
2950	1646	0	1646
2951	1649	0	1649
2952	1665	0	1665
2953	1670	0	1670
2954	1639	0	1639
2955	1624	0	1624
2956	1640	0	1640
2957	1656	0	1656
2958	1636	0	1636
2959	1617	0	1617
2960	1594	0	1594
2961	1607	0	1607
2962	1617	0	1617
2963	1590	0	1590
2964	1622	0	1622
2965	1616	0	1616
2966	1613	0	1613
2967	1607	0	1607
2968	1581	0	1581
2969	1609	0	1609
2970	1631	0	1631
2971	1632	0	1632
2972	1591	0	1591
2973	1596	0	1596
2974	1596	0	1596
2975	1607	0	1607
2976	1636	0	1636
2977	1583	0	1583
2978	1575	0	1575
2979	1577	0	1577
2980	1601	0	1601
2981	1585	0	1585
2982	1580	0	1580
2983	1590	0	1590
2984	1575	0	1575
2985	1596	0	1596
2986	1604	0	1604
2987	1587	0	1587
2988	1569	0	1569
2989	1585	0	1585
2990	1571	0	1571
2991	1570	0	1570
2992	1590	0	1590
2993	1603	0	1603
2994	1602	0	1602
2995	1591	0	1591
2996	1602	0	1602
2997	1580	0	1580
2998	1543	0	1543
2999	1557	0	1557
3000	1580	0	1580
3001	1582	0	1582
3002	1561	0	1561
3003	1556	0	1556
3004	1569	0	1569
3005	1583	0	1583
3006	1571	0	1571
3007	1559	0	1559
3008	1571	0	1571
3009	1606	0	1606
3010	1611	0	1611
3011	1575	0	1575
3012	1539	0	1539
3013	1622	0	1622
3014	1619	0	1619
3015	1599	0	1599
3016	1592	0	1592
3017	1608	0	1608
3018	1612	0	1612
3019	1614	0	1614
3020	1616	0	1616
3021	1599	0	1599
3022	1592	0	1592
3023	1592	0	1592
3024	1619	0	1619
3025	1611	0	1611
3026	1617	0	1617
3027	1634	0	1634
3028	1633	0	1633
3029	1628	0	1628
3030	1598	0	1598
3031	1596	0	1596
3032	1612	0	1612
3033	1592	0	1592
3034	1639	0	1639
3035	1644	0	1644
3036	1642	0	1642
3037	1623	0	1623
3038	1598	0	1598
3039	1604	0	1604
3040	1605	0	1605
3041	1607	0	1607
3042	1600	0	1600
3043	1610	0	1610
3044	1626	0	1626
3045	1611	0	1611
3046	1603	0	1603
3047	1602	0	1602
3048	1627	0	1627
3049	1630	0	1630
3050	1623	0	1623
3051	1604	0	1604
3052	1584	0	1584
3053	1594	0	1594
3054	1633	0	1633
3055	1630	0	1630
3056	1596	0	1596
3057	1601	0	1601
3058	1606	0	1606
3059	1631	0	1631
3060	1618	0	1618
3061	1594	0	1594
3062	1614	0	1614
3063	1600	0	1600
3064	1576	0	1576
3065	1589	0	1589
3066	1620	0	1620
3067	1608	0	1608
3068	1599	0	1599
3069	1616	0	1616
3070	1626	0	1626
3071	1638	0	1638
3072	1611	0	1611
3073	1579	0	1579
3074	1581	0	1581
3075	1609	0	1609
3076	1596	0	1596
3077	1587	0	1587
3078	1585	0	1585
3079	1602	0	1602
3080	1597	0	1597
3081	1621	0	1621
3082	1627	0	1627
3083	1600	0	1600
3084	1574	0	1574
3085	1587	0	1587
3086	1582	0	1582
3087	1563	0	1563
3088	1563	0	1563
3089	1538	0	1538
3090	1542	0	1542
3091	1554	0	1554
3092	1569	0	1569
3093	1576	0	1576
3094	1578	0	1578
3095	1561	0	1561
3096	1531	0	1531
3097	1568	0	1568
3098	1588	0	1588
3099	1572	0	1572
3100	1553	0	1553
3101	1542	0	1542
3102	1522	0	1522
3103	1523	0	1523
3104	1544	0	1544
3105	1555	0	1555
3106	1544	0	1544
3107	1521	0	1521
3108	1558	0	1558
3109	1546	0	1546
3110	1546	0	1546
3111	1590	0	1590
3112	1572	0	1572
3113	1545	0	1545
3114	1557	0	1557
3115	1537	0	1537
3116	1501	0	1501
3117	1534	0	1534
3118	1536	0	1536
3119	1519	0	1519
3120	1523	0	1523
3121	1547	0	1547
3122	1546	0	1546
3123	1553	0	1553
3124	1573	0	1573
3125	1542	0	1542
3126	1543	0	1543
3127	1533	0	1533
3128	1549	0	1549
3129	1529	0	1529
3130	1524	0	1524
3131	1552	0	1552
3132	1562	0	1562
3133	1531	0	1531
3134	1503	0	1503
3135	1535	0	1535
3136	1547	0	1547
3137	1522	0	1522
3138	1517	0	1517
3139	1522	0	1522
3140	1522	0	1522
3141	1507	0	1507
3142	1513	0	1513
3143	1514	0	1514
3144	1544	0	1544
3145	1543	0	1543
3146	1535	0	1535
3147	1527	0	1527
3148	1533	0	1533
3149	1505	0	1505
3150	1491	0	1491
3151	1498	0	1498
3152	1509	0	1509
3153	1541	0	1541
3154	1567	0	1567
3155	1533	0	1533
3156	1511	0	1511
3157	1517	0	1517
3158	1527	0	1527
3159	1541	0	1541
3160	1548	0	1548
3161	1537	0	1537
3162	1546	0	1546
3163	1543	0	1543
3164	1544	0	1544
3165	1554	0	1554
3166	1549	0	1549
3167	1540	0	1540
3168	1545	0	1545
3169	1532	0	1532
3170	1533	0	1533
3171	1546	0	1546
3172	1548	0	1548
3173	1517	0	1517
3174	1537	0	1537
3175	1585	0	1585
3176	1577	0	1577
3177	1558	0	1558
3178	1559	0	1559
3179	1560	0	1560
3180	1548	0	1548
3181	1558	0	1558
3182	1567	0	1567
3183	1553	0	1553
3184	1538	0	1538
3185	1559	0	1559
3186	1573	0	1573
3187	1529	0	1529
3188	1539	0	1539
3189	1548	0	1548
3190	1520	0	1520
3191	1530	0	1530
3192	1545	0	1545
3193	1561	0	1561
3194	1589	0	1589
3195	1572	0	1572
3196	1542	0	1542
3197	1550	0	1550
3198	1563	0	1563
3199	1569	0	1569
3200	1589	0	1589
3201	1549	0	1549
3202	1540	0	1540
3203	1562	0	1562
3204	1564	0	1564
3205	1560	0	1560
3206	1561	0	1561
3207	1538	0	1538
3208	1574	0	1574
3209	1592	0	1592
3210	1558	0	1558
3211	1559	0	1559
3212	1556	0	1556
3213	1553	0	1553
3214	1574	0	1574
3215	1568	0	1568
3216	1565	0	1565
3217	1539	0	1539
3218	1562	0	1562
3219	1573	0	1573
3220	1570	0	1570
3221	1546	0	1546
3222	1540	0	1540
3223	1546	0	1546
3224	1563	0	1563
3225	1555	0	1555
3226	1555	0	1555
3227	1531	0	1531
3228	1530	0	1530
3229	1561	0	1561
3230	1589	0	1589
3231	1544	0	1544
3232	1520	0	1520
3233	1546	0	1546
3234	1536	0	1536
3235	1545	0	1545
3236	1539	0	1539
3237	1525	0	1525
3238	1537	0	1537
3239	1520	0	1520
3240	1507	0	1507
3241	1497	0	1497
3242	1509	0	1509
3243	1520	0	1520
3244	1517	0	1517
3245	1526	0	1526
3246	1531	0	1531
3247	1557	0	1557
3248	1563	0	1563
3249	1559	0	1559
3250	1513	0	1513
3251	1507	0	1507
3252	1493	0	1493
3253	1481	0	1481
3254	1497	0	1497
3255	1488	0	1488
3256	1516	0	1516
3257	1514	0	1514
3258	1485	0	1485
3259	1481	0	1481
3260	1497	0	1497
3261	1509	0	1509
3262	1512	0	1512
3263	1528	0	1528
3264	1524	0	1524
3265	1513	0	1513
3266	1478	0	1478
3267	1518	0	1518
3268	1525	0	1525
3269	1504	0	1504
3270	1496	0	1496
3271	1495	0	1495
3272	1500	0	1500
3273	1488	0	1488
3274	1484	0	1484
3275	1511	0	1511
3276	1526	0	1526
3277	1502	0	1502
3278	1484	0	1484
3279	1473	0	1473
3280	1465	0	1465
3281	1474	0	1474
3282	1471	0	1471
3283	1520	0	1520
3284	1520	0	1520
3285	1489	0	1489
3286	1482	0	1482
3287	1483	0	1483
3288	1495	0	1495
3289	1475	0	1475
3290	1523	0	1523
3291	1502	0	1502
3292	1467	0	1467
3293	1484	0	1484
3294	1489	0	1489
3295	1500	0	1500
3296	1464	0	1464
3297	1467	0	1467
3298	1469	0	1469
3299	1478	0	1478
3300	1448	0	1448
3301	1472	0	1472
3302	1494	0	1494
3303	1511	0	1511
3304	1509	0	1509
3305	1472	0	1472
3306	1491	0	1491
3307	1495	0	1495
3308	1498	0	1498
3309	1492	0	1492
3310	1505	0	1505
3311	1511	0	1511
3312	1476	0	1476
3313	1471	0	1471
3314	1498	0	1498
3315	1474	0	1474
3316	1470	0	1470
3317	1465	0	1465
3318	1479	0	1479
3319	1496	0	1496
3320	1507	0	1507
3321	1490	0	1490
3322	1502	0	1502
3323	1509	0	1509
3324	1491	0	1491
3325	1499	0	1499
3326	1504	0	1504
3327	1493	0	1493
3328	1514	0	1514
3329	1525	0	1525
3330	1499	0	1499
3331	1490	0	1490
3332	1515	0	1515
3333	1487	0	1487
3334	1489	0	1489
3335	1498	0	1498
3336	1542	0	1542
3337	1539	0	1539
3338	1541	0	1541
3339	1500	0	1500
3340	1535	0	1535
3341	1521	0	1521
3342	1529	0	1529
3343	1538	0	1538
3344	1541	0	1541
3345	1552	0	1552
3346	1533	0	1533
3347	1538	0	1538
3348	1524	0	1524
3349	1504	0	1504
3350	1481	0	1481
3351	1476	0	1476
3352	1512	0	1512
3353	1513	0	1513
3354	1504	0	1504
3355	1513	0	1513
3356	1506	0	1506
3357	1497	0	1497
3358	1537	0	1537
3359	1499	0	1499
3360	1480	0	1480
3361	1492	0	1492
3362	1492	0	1492
3363	1504	0	1504
3364	1481	0	1481
3365	1495	0	1495
3366	1493	0	1493
3367	1490	0	1490
3368	1497	0	1497
3369	1523	0	1523
3370	1546	0	1546
3371	1520	0	1520
3372	1508	0	1508
3373	1510	0	1510
3374	1502	0	1502
3375	1496	0	1496
3376	1499	0	1499
3377	1461	0	1461
3378	1456	0	1456
3379	1485	0	1485
3380	1484	0	1484
3381	1490	0	1490
3382	1498	0	1498
3383	1465	0	1465
3384	1442	0	1442
3385	1455	0	1455
3386	1461	0	1461
3387	1462	0	1462
3388	1447	0	1447
3389	1413	0	1413
3390	1444	0	1444
3391	1465	0	1465
3392	1434	0	1434
3393	1443	0	1443
3394	1448	0	1448
3395	1470	0	1470
3396	1485	0	1485
3397	1465	0	1465
3398	1446	0	1446
3399	1445	0	1445
3400	1456	0	1456
3401	1432	0	1432
3402	1454	0	1454
3403	1443	0	1443
3404	1455	0	1455
3405	1443	0	1443
3406	1434	0	1434
3407	1450	0	1450
3408	1472	0	1472
3409	1461	0	1461
3410	1455	0	1455
3411	1424	0	1424
3412	1445	0	1445
3413	1448	0	1448
3414	1438	0	1438
3415	1456	0	1456
3416	1471	0	1471
3417	1453	0	1453
3418	1441	0	1441
3419	1434	0	1434
3420	1441	0	1441
3421	1443	0	1443
3422	1423	0	1423
3423	1413	0	1413
3424	1419	0	1419
3425	1446	0	1446
3426	1432	0	1432
3427	1446	0	1446
3428	1455	0	1455
3429	1436	0	1436
3430	1449	0	1449
3431	1455	0	1455
3432	1443	0	1443
3433	1471	0	1471
3434	1487	0	1487
3435	1442	0	1442
3436	1425	0	1425
3437	1433	0	1433
3438	1428	0	1428
3439	1447	0	1447
3440	1424	0	1424
3441	1402	0	1402
3442	1437	0	1437
3443	1449	0	1449
3444	1431	0	1431
3445	1415	0	1415
3446	1424	0	1424
3447	1429	0	1429
3448	1424	0	1424
3449	1449	0	1449
3450	1483	0	1483
3451	1484	0	1484
3452	1501	0	1501
3453	1455	0	1455
3454	1451	0	1451
3455	1467	0	1467
3456	1456	0	1456
3457	1434	0	1434
3458	1435	0	1435
3459	1420	0	1420
3460	1411	0	1411
3461	1447	0	1447
3462	1461	0	1461
3463	1466	0	1466
3464	1461	0	1461
3465	1450	0	1450
3466	1443	0	1443
3467	1462	0	1462
3468	1482	0	1482
3469	1488	0	1488
3470	1483	0	1483
3471	1485	0	1485
3472	1477	0	1477
3473	1468	0	1468
3474	1470	0	1470
3475	1452	0	1452
3476	1461	0	1461
3477	1469	0	1469
3478	1466	0	1466
3479	1449	0	1449
3480	1468	0	1468
3481	1456	0	1456
3482	1474	0	1474
3483	1481	0	1481
3484	1477	0	1477
3485	1470	0	1470
3486	1448	0	1448
3487	1469	0	1469
3488	1475	0	1475
3489	1446	0	1446
3490	1446	0	1446
3491	1455	0	1455
3492	1443	0	1443
3493	1442	0	1442
3494	1453	0	1453
3495	1440	0	1440
3496	1435	0	1435
3497	1424	0	1424
3498	1434	0	1434
3499	1443	0	1443
3500	1406	0	1406
3501	1435	0	1435
3502	1440	0	1440
3503	1402	0	1402
3504	1401	0	1401
3505	1397	0	1397
3506	1433	0	1433
3507	1451	0	1451
3508	1419	0	1419
3509	1414	0	1414
3510	1448	0	1448
3511	1442	0	1442
3512	1444	0	1444
3513	1419	0	1419
3514	1429	0	1429
3515	1411	0	1411
3516	1402	0	1402
3517	1422	0	1422
3518	1424	0	1424
3519	1427	0	1427
3520	1371	0	1371
3521	1395	0	1395
3522	1417	0	1417
3523	1425	0	1425
3524	1425	0	1425
3525	1408	0	1408
3526	1390	0	1390
3527	1400	0	1400
3528	1416	0	1416
3529	1438	0	1438
3530	1452	0	1452
3531	1426	0	1426
3532	1409	0	1409
3533	1408	0	1408
3534	1409	0	1409
3535	1438	0	1438
3536	1446	0	1446
3537	1401	0	1401
3538	1399	0	1399
3539	1440	0	1440
3540	1418	0	1418
3541	1400	0	1400
3542	1410	0	1410
3543	1424	0	1424
3544	1396	0	1396
3545	1377	0	1377
3546	1399	0	1399
3547	1387	0	1387
3548	1426	0	1426
3549	1416	0	1416
3550	1405	0	1405
3551	1422	0	1422
3552	1394	0	1394
3553	1413	0	1413
3554	1434	0	1434
3555	1410	0	1410
3556	1402	0	1402
3557	1394	0	1394
3558	1411	0	1411
3559	1399	0	1399
3560	1412	0	1412
3561	1432	0	1432
3562	1422	0	1422
3563	1395	0	1395
3564	1407	0	1407
3565	1415	0	1415
3566	1387	0	1387
3567	1401	0	1401
3568	1415	0	1415
3569	1396	0	1396
3570	1403	0	1403
3571	1397	0	1397
3572	1397	0	1397
3573	1395	0	1395
3574	1413	0	1413
3575	1423	0	1423
3576	1386	0	1386
3577	1393	0	1393
3578	1393	0	1393
3579	1418	0	1418
3580	1397	0	1397
3581	1385	0	1385
3582	1409	0	1409
3583	1399	0	1399
3584	1393	0	1393
3585	1422	0	1422
3586	1414	0	1414
3587	1384	0	1384
3588	1409	0	1409
3589	1414	0	1414
3590	1409	0	1409
3591	1399	0	1399
3592	1423	0	1423
3593	1411	0	1411
3594	1410	0	1410
3595	1435	0	1435
3596	1438	0	1438
3597	1401	0	1401
3598	1393	0	1393
3599	1401	0	1401
3600	1404	0	1404
3601	1393	0	1393
3602	1366	0	1366
3603	1408	0	1408
3604	1420	0	1420
3605	1389	0	1389
3606	1385	0	1385
3607	1387	0	1387
3608	1408	0	1408
3609	1408	0	1408
3610	1394	0	1394
3611	1373	0	1373
3612	1405	0	1405
3613	1419	0	1419
3614	1398	0	1398
3615	1376	0	1376
3616	1407	0	1407
3617	1403	0	1403
3618	1393	0	1393
3619	1394	0	1394
3620	1393	0	1393
3621	1402	0	1402
3622	1400	0	1400
3623	1384	0	1384
3624	1365	0	1365
3625	1391	0	1391
3626	1518	0	1518
3627	1448	0	1448
3628	1409	0	1409
3629	1425	0	1425
3630	1409	0	1409
3631	1384	0	1384
3632	1376	0	1376
3633	1376	0	1376
3634	1392	0	1392
3635	1391	0	1391
3636	1412	0	1412
3637	1397	0	1397
3638	1400	0	1400
3639	1405	0	1405
3640	1382	0	1382
3641	1385	0	1385
3642	1355	0	1355
3643	1375	0	1375
3644	1383	0	1383
3645	1381	0	1381
3646	1387	0	1387
3647	1380	0	1380
3648	1368	0	1368
