frame    mol0
    0      NA
    1   1.100
    2   1.258
    3   1.127
    4   1.384
    5   1.947
    6   1.892
    7   1.714
    8   1.876
    9   2.257
   10   1.899
   11   1.540
   12   1.660
   13   2.678
   14   2.515
   15   1.821
   16   1.123
   17   1.233
   18   1.553
   19   1.544
   20   1.376
   21   1.298
   22   1.913
   23   1.731
   24   2.118
   25   2.547
   26   3.118
   27   3.070
   28   2.993
   29   2.788
   30   2.574
   31   2.628
   32   2.773
   33   3.175
   34   3.760
   35   4.000
   36   4.457
   37   4.295
   38   4.503
   39   4.413
   40   4.158
   41   3.627
   42   3.152
   43   3.347
   44   3.262
   45   3.105
   46   2.897
   47   2.353
   48   2.475
   49   2.705
   50   2.369
   51   2.215
   52   2.033
   53   2.218
   54   2.877
   55   3.110
   56   2.789
   57   2.653
   58   2.953
   59   2.520
   60   2.862
   61   3.454
   62   3.396
   63   3.342
   64   3.450
   65   3.599
   66   3.904
   67   4.167
   68   4.312
   69   3.959
   70   3.352
   71   3.149
   72   3.102
   73   3.422
   74   4.158
   75   4.068
   76   3.298
   77   2.822
   78   3.494
   79   4.227
   80   4.317
   81   4.043
   82   3.868
   83   3.885
   84   4.016
   85   4.131
   86   4.418
   87   5.080
   88   5.614
   89   5.524
   90   5.403
   91   5.276
   92   5.356
   93   5.409
   94   5.498
   95   5.752
   96   6.132
   97   5.721
   98   5.614
   99   5.881
  100   6.230
  101   6.843
  102   7.040
  103   6.811
  104   6.439
  105   5.510
  106   5.116
  107   4.902
  108   4.820
  109   5.780
  110   5.967
  111   6.071
  112   6.122
  113   6.106
  114   6.075
  115   6.648
  116   7.007
  117   6.927
  118   6.815
  119   6.359
  120   6.406
  121   6.468
  122   6.729
  123   6.582
  124   6.300
  125   5.746
  126   5.664
  127   6.090
  128   5.904
  129   6.179
  130   6.505
  131   6.889
  132   7.132
  133   6.916
  134   6.928
  135   6.874
  136   7.298
  137   7.521
  138   7.294
  139   7.533
  140   7.559
  141   7.314
  142   7.221
  143   7.416
  144   7.321
  145   7.328
  146   7.377
  147   7.414
  148   7.232
  149   7.231
  150   7.080
  151   6.975
  152   7.121
  153   6.890
  154   7.201
  155   7.213
  156   7.444
  157   7.359
  158   7.536
  159   7.343
  160   7.285
  161   7.541
  162   7.358
  163   7.160
  164   6.835
  165   6.936
  166   7.602
  167   7.666
  168   7.537
  169   7.146
  170   7.157
  171   6.989
  172   7.516
  173   8.027
  174   7.711
  175   7.520
  176   7.499
  177   6.905
  178   6.811
  179   6.803
  180   6.950
  181   6.648
  182   7.000
  183   6.906
  184   6.747
  185   6.821
  186   6.777
  187   6.865
  188   6.899
  189   6.740
  190   6.047
  191   5.787
  192   5.530
  193   5.704
  194   6.087
  195   6.308
  196   6.132
  197   5.988
  198   5.593
  199   5.579
  200   5.618
  201   5.746
  202   5.640
  203   5.244
  204   4.303
  205   3.746
  206   3.229
  207   3.292
  208   3.563
  209   3.450
  210   3.976
  211   4.049
  212   4.099
  213   4.086
  214   3.977
  215   4.293
  216   4.598
  217   5.084
  218   5.539
  219   5.315
  220   5.314
  221   5.645
  222   4.997
  223   4.545
  224   4.103
  225   4.104
  226   3.926
  227   3.963
  228   4.017
  229   4.432
  230   4.381
  231   4.100
  232   4.087
  233   3.863
  234   4.021
  235   4.741
  236   5.534
  237   5.387
  238   4.932
  239   4.849
  240   5.020
  241   5.134
  242   4.972
  243   4.768
  244   4.554
  245   4.739
  246   4.740
  247   4.411
  248   4.293
  249   4.234
  250   4.276
  251   4.596
  252   5.034
  253   5.372
  254   5.422
  255   5.138
  256   4.963
  257   4.888
  258   5.078
  259   5.199
  260   5.208
  261   5.102
  262   4.575
  263   4.191
  264   4.467
  265   4.640
  266   4.834
  267   5.124
  268   5.355
  269   5.617
  270   5.504
  271   4.917
  272   4.545
  273   3.913
  274   3.633
  275   3.744
  276   3.879
  277   3.890
  278   4.170
  279   3.764
  280   3.930
  281   4.162
  282   4.602
  283   5.113
  284   5.415
  285   5.161
  286   4.860
  287   4.182
  288   3.745
  289   4.098
  290   4.425
  291   3.866
  292   3.142
  293   3.464
  294   3.473
  295   3.356
  296   3.844
  297   4.307
  298   4.793
  299   5.403
  300   5.742
  301   5.962
  302   5.777
  303   6.092
  304   6.333
  305   6.811
  306   7.097
  307   7.552
  308   7.185
  309   7.340
  310   7.380
  311   7.623
  312   7.564
  313   7.535
  314   7.607
  315   7.844
  316   7.886
  317   7.704
  318   7.697
  319   7.542
  320   7.532
  321   7.953
  322   7.791
  323   7.997
  324   8.161
  325   7.710
  326   7.745
  327   7.764
  328   7.671
  329   7.731
  330   7.039
  331   7.081
  332   7.360
  333   7.560
  334   7.428
  335   7.679
  336   7.469
  337   7.843
  338   7.943
  339   7.844
  340   7.779
  341   7.274
  342   7.855
  343   7.736
  344   7.987
  345   7.717
  346   7.914
  347   7.641
  348   7.437
  349   7.345
  350   7.746
  351   7.040
  352   7.281
  353   7.065
  354   7.045
  355   6.910
  356   7.193
  357   7.241
  358   6.986
  359   7.269
  360   7.638
  361   7.486
  362   7.734
  363   7.934
  364   8.114
  365   7.368
  366   8.048
  367   7.848
  368   7.920
  369   7.976
  370   7.483
  371   7.478
  372   7.529
  373   7.457
  374   7.541
  375   7.458
  376   7.057
  377   6.881
  378   6.328
  379   6.170
  380   5.491
  381   5.288
  382   5.393
  383   5.867
  384   5.972
  385   5.362
  386   4.970
  387   4.936
  388   4.483
  389   4.499
  390   5.056
  391   4.685
  392   4.456
  393   4.595
  394   4.510
  395   4.680
  396   4.881
  397   5.118
  398   5.177
  399   4.836
  400   4.624
  401   4.825
  402   5.259
  403   5.600
  404   5.925
  405   5.989
  406   5.314
  407   5.211
  408   5.502
  409   4.851
  410   5.297
  411   5.698
  412   6.013
  413   5.690
  414   5.650
  415   5.645
  416   5.831
  417   5.562
  418   5.397
  419   5.136
  420   5.129
  421   5.585
  422   5.029
  423   4.819
  424   4.961
  425   4.810
  426   5.205
  427   5.454
  428   5.410
  429   4.803
  430   5.260
  431   5.251
  432   5.793
  433   5.966
  434   5.946
  435   5.695
  436   5.743
  437   5.537
  438   5.150
  439   4.374
  440   4.136
  441   4.714
  442   5.035
  443   4.637
  444   4.838
  445   5.293
  446   4.728
  447   4.608
  448   5.295
  449   5.412
  450   5.444
  451   5.898
  452   5.689
  453   5.799
  454   5.634
  455   5.667
  456   5.909
  457   5.760
  458   5.386
  459   5.568
  460   5.598
  461   5.973
  462   5.969
  463   5.827
  464   5.986
  465   5.773
  466   6.189
  467   6.029
  468   6.176
  469   6.244
  470   6.306
  471   5.985
  472   6.076
  473   5.761
  474   5.233
  475   4.652
  476   4.827
  477   5.063
  478   5.061
  479   5.185
  480   4.792
  481   4.220
  482   4.161
  483   4.044
  484   3.479
  485   3.368
  486   3.634
  487   3.882
  488   3.903
  489   4.012
  490   3.729
  491   3.918
  492   3.946
  493   3.625
  494   2.883
  495   2.638
  496   3.296
  497   3.531
  498   3.166
  499   2.819
  500   2.924
  501   3.453
  502   3.853
  503   3.623
  504   3.510
  505   3.716
  506   3.800
  507   3.608
  508   3.763
  509   3.302
  510   3.728
  511   4.070
  512   4.106
  513   4.199
  514   4.391
  515   4.258
  516   4.296
  517   4.234
  518   4.419
  519   4.622
  520   4.577
  521   4.643
  522   5.158
  523   5.896
  524   6.687
  525   6.988
  526   7.689
  527   7.731
  528   8.192
  529   8.198
  530   8.336
  531   8.556
  532   8.491
  533   8.339
  534   8.352
  535   7.940
  536   7.673
  537   8.074
  538   7.919
  539   7.671
  540   7.652
  541   7.753
  542   7.785
  543   8.038
  544   8.038
  545   7.838
  546   7.739
  547   7.576
  548   7.022
  549   6.589
  550   6.414
  551   6.595
  552   6.665
  553   6.846
  554   6.737
  555   6.540
  556   6.736
  557   6.704
  558   6.781
  559   7.035
  560   7.731
  561   7.501
  562   7.818
  563   7.271
  564   6.611
  565   6.415
  566   6.666
  567   6.985
  568   6.901
  569   7.266
  570   6.895
  571   6.992
  572   6.814
  573   6.711
  574   6.768
  575   7.192
  576   7.231
  577   7.350
  578   7.420
  579   6.897
  580   6.708
  581   6.728
  582   6.889
  583   7.064
  584   6.767
  585   7.117
  586   7.071
  587   7.082
  588   7.370
  589   7.496
  590   6.904
  591   6.871
  592   6.657
  593   6.816
  594   6.721
  595   6.912
  596   6.902
  597   7.071
  598   6.154
  599   5.540
  600   5.032
  601   4.514
  602   4.536
  603   5.124
  604   5.107
  605   4.796
  606   4.799
  607   5.000
  608   4.947
  609   5.077
  610   5.216
  611   5.102
  612   4.506
  613   4.439
  614   4.664
  615   4.835
  616   5.236
  617   5.044
  618   4.493
  619   4.350
  620   4.053
  621   4.004
  622   4.540
  623   4.546
  624   4.164
  625   3.630
  626   4.003
  627   4.040
  628   4.749
  629   4.932
  630   4.818
  631   4.425
  632   4.190
  633   4.549
  634   4.396
  635   4.442
  636   4.268
  637   4.330
  638   4.464
  639   4.655
  640   4.718
  641   4.383
  642   4.152
  643   4.375
  644   4.267
  645   4.662
  646   4.667
  647   5.047
  648   5.059
  649   5.028
  650   4.737
  651   4.923
  652   5.179
  653   5.420
  654   5.313
  655   4.861
  656   4.170
  657   4.237
  658   4.322
  659   4.704
  660   4.556
  661   4.272
  662   3.680
  663   3.809
  664   4.489
  665   5.021
  666   5.404
  667   5.356
  668   5.158
  669   5.274
  670   5.514
  671   4.984
  672   5.112
  673   4.838
  674   4.317
  675   4.716
  676   4.857
  677   4.738
  678   4.722
  679   4.738
  680   4.750
  681   4.888
  682   4.592
  683   4.797
  684   5.422
  685   5.404
  686   5.735
  687   6.487
  688   7.132
  689   7.018
  690   6.735
  691   6.571
  692   6.646
  693   7.117
  694   6.635
  695   6.637
  696   6.329
  697   6.273
  698   6.320
  699   6.254
  700   5.896
  701   6.119
  702   6.394
  703   6.274
  704   5.669
  705   5.338
  706   4.911
  707   4.984
  708   5.196
  709   5.844
  710   6.057
  711   6.114
  712   5.805
  713   5.727
  714   5.765
  715   5.872
  716   6.034
  717   6.453
  718   5.983
  719   5.752
  720   5.343
  721   4.795
  722   4.936
  723   5.032
  724   5.031
  725   5.503
  726   5.941
  727   6.051
  728   6.154
  729   6.361
  730   6.107
  731   5.946
  732   6.164
  733   6.012
  734   6.190
  735   6.102
  736   5.932
  737   5.236
  738   4.548
  739   4.698
  740   4.525
  741   4.235
  742   4.541
  743   5.001
  744   6.009
  745   6.137
  746   5.736
  747   6.270
  748   6.247
  749   6.402
  750   6.807
  751   6.945
  752   7.178
  753   7.054
  754   7.137
  755   6.933
  756   6.778
  757   6.348
  758   6.041
  759   6.065
  760   6.052
  761   5.923
  762   6.278
  763   5.943
  764   6.127
  765   6.293
  766   6.002
  767   6.305
  768   6.322
  769   5.736
  770   5.527
  771   5.030
  772   4.886
  773   5.522
  774   5.742
  775   5.816
  776   5.988
  777   5.788
  778   5.676
  779   6.036
  780   6.608
  781   6.467
  782   6.429
  783   6.090
  784   6.269
  785   7.138
  786   7.485
  787   6.887
  788   6.569
  789   6.788
  790   6.005
  791   6.254
  792   6.529
  793   6.756
  794   6.542
  795   6.297
  796   6.613
  797   6.643
  798   6.687
  799   6.263
  800   6.901
  801   6.739
  802   6.486
  803   6.405
  804   6.652
  805   6.611
  806   6.717
  807   7.047
  808   6.961
  809   6.665
  810   6.659
  811   6.629
  812   7.179
  813   7.239
  814   6.747
  815   6.722
  816   7.024
  817   7.100
  818   7.045
  819   6.964
  820   7.124
  821   7.171
  822   7.151
  823   7.400
  824   7.302
  825   7.217
  826   7.227
  827   7.300
  828   7.657
  829   7.537
  830   7.411
  831   7.343
  832   7.178
  833   6.973
  834   7.576
  835   7.277
  836   7.379
  837   6.903
  838   6.863
  839   6.235
  840   5.715
  841   5.356
  842   5.631
  843   5.396
  844   5.125
  845   5.599
  846   5.645
  847   6.314
  848   6.655
  849   6.327
  850   6.619
  851   6.992
  852   7.060
  853   7.008
  854   6.690
  855   6.156
  856   6.247
  857   6.738
  858   6.657
  859   6.739
  860   6.592
  861   6.823
  862   6.597
  863   5.899
  864   5.918
  865   6.281
  866   5.979
  867   6.117
  868   5.917
  869   5.186
  870   4.586
  871   4.230
  872   4.208
  873   4.260
  874   4.882
  875   5.244
  876   5.305
  877   5.577
  878   5.477
  879   5.610
  880   5.557
  881   5.722
  882   5.550
  883   5.693
  884   5.645
  885   5.713
  886   5.610
  887   5.586
  888   5.527
  889   5.246
  890   5.539
  891   5.569
  892   5.846
  893   5.511
  894   5.181
  895   5.411
  896   5.123
  897   4.780
  898   5.136
  899   5.687
  900   6.161
  901   6.045
  902   6.017
  903   6.199
  904   6.241
  905   6.027
  906   6.472
  907   7.059
  908   7.295
  909   7.055
  910   6.712
  911   6.647
  912   6.052
  913   6.216
  914   6.603
  915   6.245
  916   5.818
  917   5.234
  918   4.896
  919   4.720
  920   4.609
  921   4.739
  922   4.791
  923   4.515
  924   4.423
  925   5.058
  926   5.294
  927   5.287
  928   4.850
  929   4.437
  930   4.743
  931   4.488
  932   4.109
  933   4.301
  934   4.170
  935   4.809
  936   4.832
  937   4.493
  938   4.266
  939   4.883
  940   4.964
  941   5.109
  942   5.122
  943   5.488
  944   6.020
  945   6.165
  946   6.507
  947   6.886
  948   6.967
  949   6.474
  950   6.832
  951   6.777
  952   6.907
  953   7.228
  954   7.329
  955   7.780
  956   7.627
  957   7.386
  958   7.665
  959   7.370
  960   7.498
  961   7.471
  962   7.612
  963   7.132
  964   7.197
  965   7.296
  966   7.776
  967   7.535
  968   7.490
  969   7.696
  970   7.402
  971   7.732
  972   7.637
  973   7.572
  974   7.599
  975   6.938
  976   6.507
  977   6.404
  978   5.665
  979   6.272
  980   7.058
  981   6.834
  982   7.021
  983   6.974
  984   7.301
  985   7.246
  986   7.095
  987   7.141
  988   7.388
  989   7.261
  990   7.444
  991   7.381
  992   7.492
  993   7.375
  994   7.296
  995   7.241
  996   7.207
  997   7.243
  998   7.304
  999   7.195
 1000   7.376
 1001   7.255
 1002   7.174
 1003   7.274
 1004   7.248
 1005   7.113
 1006   7.114
 1007   7.016
 1008   6.931
 1009   7.430
 1010   7.777
 1011   7.801
 1012   7.335
 1013   7.377
 1014   7.494
 1015   7.940
 1016   7.810
 1017   7.690
 1018   7.666
 1019   7.980
 1020   8.106
 1021   8.145
 1022   8.081
 1023   8.011
 1024   7.966
 1025   8.120
 1026   7.884
 1027   7.911
 1028   7.977
 1029   7.724
 1030   7.462
 1031   7.139
 1032   7.380
 1033   7.724
 1034   7.880
 1035   7.740
 1036   7.538
 1037   7.059
 1038   7.115
 1039   7.374
 1040   6.992
 1041   7.099
 1042   7.161
 1043   6.700
 1044   6.975
 1045   6.858
 1046   6.602
 1047   6.976
 1048   6.980
 1049   6.826
 1050   6.827
 1051   6.873
 1052   7.095
 1053   6.630
 1054   6.401
 1055   6.832
 1056   6.984
 1057   7.045
 1058   6.996
 1059   7.078
 1060   7.340
 1061   7.374
 1062   7.394
 1063   7.384
 1064   7.363
 1065   7.384
 1066   7.376
 1067   7.376
 1068   6.892
 1069   7.248
 1070   6.790
 1071   6.957
 1072   6.943
 1073   6.712
 1074   6.279
 1075   6.727
 1076   6.904
 1077   6.763
 1078   6.571
 1079   6.972
 1080   6.998
 1081   7.102
 1082   7.204
 1083   7.252
 1084   7.102
 1085   7.151
 1086   7.288
 1087   7.292
 1088   7.024
 1089   7.152
 1090   7.334
 1091   7.072
 1092   7.076
 1093   7.065
 1094   6.941
 1095   7.007
 1096   7.243
 1097   7.288
 1098   7.052
 1099   6.786
 1100   7.131
 1101   7.148
 1102   7.003
 1103   7.392
 1104   7.279
 1105   7.124
 1106   7.418
 1107   7.263
 1108   7.374
 1109   6.973
 1110   7.261
 1111   7.080
 1112   7.160
 1113   6.950
 1114   7.028
 1115   6.908
 1116   7.036
 1117   7.170
 1118   7.315
 1119   7.290
 1120   6.924
 1121   6.996
 1122   7.702
 1123   7.935
 1124   7.994
 1125   8.001
 1126   8.210
 1127   7.884
 1128   7.859
 1129   7.953
 1130   7.768
 1131   7.666
 1132   7.663
 1133   8.015
 1134   7.670
 1135   8.134
 1136   8.043
 1137   8.112
 1138   8.241
 1139   8.203
 1140   7.835
 1141   7.726
 1142   7.977
 1143   7.669
 1144   7.734
 1145   7.937
 1146   7.932
 1147   7.580
 1148   7.786
 1149   7.801
 1150   7.704
 1151   7.565
 1152   7.695
 1153   7.979
 1154   7.450
 1155   7.453
 1156   7.549
 1157   7.410
 1158   7.564
 1159   7.324
 1160   7.548
 1161   7.349
 1162   7.665
 1163   7.464
 1164   7.498
 1165   8.066
 1166   8.062
 1167   8.089
 1168   7.959
 1169   8.083
 1170   8.233
 1171   7.904
 1172   8.143
 1173   7.786
 1174   7.608
 1175   7.783
 1176   7.932
 1177   8.090
 1178   8.335
 1179   7.836
 1180   7.909
 1181   8.200
 1182   8.075
 1183   7.700
 1184   8.121
 1185   8.059
 1186   7.863
 1187   8.154
 1188   8.144
 1189   8.055
 1190   8.263
 1191   8.261
 1192   7.981
 1193   7.882
 1194   7.919
 1195   8.021
 1196   7.957
 1197   8.180
 1198   7.522
 1199   7.111
 1200   7.300
 1201   7.426
 1202   7.303
 1203   7.308
 1204   7.118
 1205   7.167
 1206   7.333
 1207   7.319
 1208   7.658
 1209   7.902
 1210   7.769
 1211   7.666
 1212   8.056
 1213   8.332
 1214   7.989
 1215   7.824
 1216   8.088
 1217   7.891
 1218   7.837
 1219   8.075
 1220   7.802
 1221   7.923
 1222   8.328
 1223   7.977
 1224   8.182
 1225   7.918
 1226   8.146
 1227   8.046
 1228   7.781
 1229   7.715
 1230   8.095
 1231   7.865
 1232   7.969
 1233   8.011
 1234   8.130
 1235   8.065
 1236   8.531
 1237   8.215
 1238   7.780
 1239   7.955
 1240   7.867
 1241   7.628
 1242   8.057
 1243   7.894
 1244   8.039
 1245   7.976
 1246   7.972
 1247   8.040
 1248   7.893
 1249   7.301
 1250   7.585
 1251   7.467
 1252   7.422
 1253   6.625
 1254   6.917
 1255   7.308
 1256   7.399
 1257   7.573
 1258   7.820
 1259   7.888
 1260   7.654
 1261   7.556
 1262   7.640
 1263   7.555
 1264   7.554
 1265   7.457
 1266   7.676
 1267   7.794
 1268   7.707
 1269   7.581
 1270   7.494
 1271   7.507
 1272   7.602
 1273   7.325
 1274   7.240
 1275   7.236
 1276   7.465
 1277   7.531
 1278   7.307
 1279   7.508
 1280   7.110
 1281   7.146
 1282   7.026
 1283   7.201
 1284   6.869
 1285   6.712
 1286   6.733
 1287   6.893
 1288   6.928
 1289   6.762
 1290   7.038
 1291   7.155
 1292   6.991
 1293   6.699
 1294   6.892
 1295   6.980
 1296   6.967
 1297   6.921
 1298   6.949
 1299   7.187
 1300   7.033
 1301   7.277
 1302   7.294
 1303   7.202
 1304   7.444
 1305   7.363
 1306   6.886
 1307   7.061
 1308   6.701
 1309   6.837
 1310   6.930
 1311   7.258
 1312   7.291
 1313   7.624
 1314   7.747
 1315   7.585
 1316   7.536
 1317   7.337
 1318   7.117
 1319   7.155
 1320   7.013
 1321   7.150
 1322   7.248
 1323   7.153
 1324   7.292
 1325   6.499
 1326   6.004
 1327   5.445
 1328   5.418
 1329   5.755
 1330   5.245
 1331   5.742
 1332   5.647
 1333   5.810
 1334   5.526
 1335   5.523
 1336   5.871
 1337   5.688
 1338   5.379
 1339   4.989
 1340   4.880
 1341   4.746
 1342   4.947
 1343   5.368
 1344   5.513
 1345   5.323
 1346   5.316
 1347   5.830
 1348   5.459
 1349   5.092
 1350   4.444
 1351   4.637
 1352   5.249
 1353   5.889
 1354   6.079
 1355   5.484
 1356   5.396
 1357   5.481
 1358   5.887
 1359   5.676
 1360   5.556
 1361   4.783
 1362   4.220
 1363   4.347
 1364   4.837
 1365   4.651
 1366   4.548
 1367   4.488
 1368   4.346
 1369   4.017
 1370   4.046
 1371   4.129
 1372   4.071
 1373   4.293
 1374   4.490
 1375   4.468
 1376   4.200
 1377   4.727
 1378   4.673
 1379   4.242
 1380   4.275
 1381   4.028
 1382   3.945
 1383   4.121
 1384   4.591
 1385   4.887
 1386   4.638
 1387   4.036
 1388   4.249
 1389   4.255
 1390   3.959
 1391   4.055
 1392   4.456
 1393   4.730
 1394   4.483
 1395   4.163
 1396   3.741
 1397   4.194
 1398   4.494
 1399   4.159
 1400   4.228
 1401   4.222
 1402   3.939
 1403   4.149
 1404   3.868
 1405   4.141
 1406   3.868
 1407   3.770
 1408   3.718
 1409   3.892
 1410   4.280
 1411   4.221
 1412   4.185
 1413   4.013
 1414   3.163
 1415   2.858
 1416   3.802
 1417   3.610
 1418   3.569
 1419   4.204
 1420   4.349
 1421   4.845
 1422   4.950
 1423   4.515
 1424   4.498
 1425   5.359
 1426   5.170
 1427   4.927
 1428   4.776
 1429   4.997
 1430   5.383
 1431   5.332
 1432   5.939
 1433   5.405
 1434   5.019
 1435   4.828
 1436   5.124
 1437   5.617
 1438   5.018
 1439   5.671
 1440   5.690
 1441   5.555
 1442   5.630
 1443   5.165
 1444   4.865
 1445   4.900
 1446   4.906
 1447   4.797
 1448   5.436
 1449   5.221
 1450   5.388
 1451   5.887
 1452   6.085
 1453   6.353
 1454   6.148
 1455   6.069
 1456   5.976
 1457   5.956
 1458   6.130
 1459   6.117
 1460   5.661
 1461   5.838
 1462   6.162
 1463   6.299
 1464   6.224
 1465   6.258
 1466   6.372
 1467   5.454
 1468   5.088
 1469   5.053
 1470   4.701
 1471   4.966
 1472   5.692
 1473   5.458
 1474   5.267
 1475   4.951
 1476   5.270
 1477   4.656
 1478   4.573
 1479   4.720
 1480   4.487
 1481   4.956
 1482   4.777
 1483   4.443
 1484   4.889
 1485   4.711
 1486   5.102
 1487   5.810
 1488   6.120
 1489   6.011
 1490   5.432
 1491   5.169
 1492   5.212
 1493   5.037
 1494   4.793
 1495   4.497
 1496   4.339
 1497   4.220
 1498   4.440
 1499   4.615
 1500   5.465
 1501   5.598
 1502   5.305
 1503   4.589
 1504   4.439
 1505   4.645
 1506   4.414
 1507   4.620
 1508   4.428
 1509   4.360
 1510   4.151
 1511   4.489
 1512   5.273
 1513   5.958
 1514   5.493
 1515   5.080
 1516   4.885
 1517   4.343
 1518   3.918
 1519   4.025
 1520   3.960
 1521   4.117
 1522   4.219
 1523   4.247
 1524   3.939
 1525   4.067
 1526   4.576
 1527   4.624
 1528   4.952
 1529   4.353
 1530   3.970
 1531   4.244
 1532   3.994
 1533   4.019
 1534   4.092
 1535   4.197
 1536   4.104
 1537   3.922
 1538   4.099
 1539   4.504
 1540   5.375
 1541   5.619
 1542   5.803
 1543   5.267
 1544   4.755
 1545   4.080
 1546   4.155
 1547   4.001
 1548   3.867
 1549   3.936
 1550   3.820
 1551   3.911
 1552   3.869
 1553   4.340
 1554   4.556
 1555   4.793
 1556   4.885
 1557   3.894
 1558   3.975
 1559   3.758
 1560   4.003
 1561   4.808
 1562   5.046
 1563   4.952
 1564   4.890
 1565   4.595
 1566   3.992
 1567   3.363
 1568   3.687
 1569   3.511
 1570   4.031
 1571   3.792
 1572   4.086
 1573   3.911
 1574   3.758
 1575   3.586
 1576   3.463
 1577   3.642
 1578   4.591
 1579   4.890
 1580   4.861
 1581   4.942
 1582   4.464
 1583   4.537
 1584   4.569
 1585   4.123
 1586   3.914
 1587   4.293
 1588   4.541
 1589   4.648
 1590   4.783
 1591   4.324
 1592   4.686
 1593   4.232
 1594   3.733
 1595   4.226
 1596   4.716
 1597   4.450
 1598   4.782
 1599   4.556
 1600   4.208
 1601   4.173
 1602   4.548
 1603   4.376
 1604   4.234
 1605   4.107
 1606   4.511
 1607   4.792
 1608   4.876
 1609   4.718
 1610   4.838
 1611   5.095
 1612   4.880
 1613   4.347
 1614   4.239
 1615   4.267
 1616   4.624
 1617   5.151
 1618   5.306
 1619   5.477
 1620   5.298
 1621   5.470
 1622   5.067
 1623   5.115
 1624   4.623
 1625   4.658
 1626   4.951
 1627   5.258
 1628   4.977
 1629   4.842
 1630   5.230
 1631   5.342
 1632   4.967
 1633   4.945
 1634   4.924
 1635   4.566
 1636   4.686
 1637   4.725
 1638   4.214
 1639   4.512
 1640   4.812
 1641   4.974
 1642   5.622
 1643   5.655
 1644   5.382
 1645   5.145
 1646   4.644
 1647   4.747
 1648   5.276
 1649   5.561
 1650   6.003
 1651   6.204
 1652   5.651
 1653   5.155
 1654   5.080
 1655   4.461
 1656   3.543
 1657   3.368
 1658   3.469
 1659   3.455
 1660   3.628
 1661   3.651
 1662   3.826
 1663   4.496
 1664   5.041
 1665   5.097
 1666   5.358
 1667   5.138
 1668   4.675
 1669   4.685
 1670   4.843
 1671   5.179
 1672   5.320
 1673   5.418
 1674   5.339
 1675   5.232
 1676   5.212
 1677   5.113
 1678   5.294
 1679   4.841
 1680   5.284
 1681   5.328
 1682   5.875
 1683   6.046
 1684   5.884
 1685   5.777
 1686   5.770
 1687   5.606
 1688   5.363
 1689   5.015
 1690   4.791
 1691   4.623
 1692   4.419
 1693   4.183
 1694   4.929
 1695   5.050
 1696   4.883
 1697   4.625
 1698   4.337
 1699   4.105
 1700   4.351
 1701   4.119
 1702   4.201
 1703   4.249
 1704   4.895
 1705   5.411
 1706   4.622
 1707   4.521
 1708   4.587
 1709   4.520
 1710   4.323
 1711   4.219
 1712   4.535
 1713   4.294
 1714   4.277
 1715   4.677
 1716   4.545
 1717   4.401
 1718   4.426
 1719   4.815
 1720   4.402
 1721   4.486
 1722   4.589
 1723   4.497
 1724   4.813
 1725   5.099
 1726   4.673
 1727   5.278
 1728   5.038
 1729   4.677
 1730   4.183
 1731   4.211
 1732   4.282
 1733   4.608
 1734   5.371
 1735   4.900
 1736   4.138
 1737   4.087
 1738   5.021
 1739   4.795
 1740   5.064
 1741   4.504
 1742   4.112
 1743   3.819
 1744   4.317
 1745   5.070
 1746   5.495
 1747   5.376
 1748   4.914
 1749   4.624
 1750   4.613
 1751   5.268
 1752   5.899
 1753   5.597
 1754   5.749
 1755   5.873
 1756   5.792
 1757   5.632
 1758   5.412
 1759   5.301
 1760   5.434
 1761   5.818
 1762   5.976
 1763   5.792
 1764   5.459
 1765   5.560
 1766   5.387
 1767   4.853
 1768   4.757
 1769   3.983
 1770   4.029
 1771   3.935
 1772   3.977
 1773   4.571
 1774   4.573
 1775   4.595
 1776   4.339
 1777   4.137
 1778   4.422
 1779   4.026
 1780   3.715
 1781   3.816
 1782   3.659
 1783   3.489
 1784   3.326
 1785   4.067
 1786   4.572
 1787   4.328
 1788   4.218
 1789   4.440
 1790   4.753
 1791   5.303
 1792   5.266
 1793   4.906
 1794   4.624
 1795   4.635
 1796   4.571
 1797   4.741
 1798   4.509
 1799   4.004
 1800   3.783
 1801   3.687
 1802   3.637
 1803   4.156
 1804   4.374
 1805   4.144
 1806   4.007
 1807   4.199
 1808   4.358
 1809   4.530
 1810   4.674
 1811   4.463
 1812   4.271
 1813   4.522
 1814   4.567
 1815   4.506
 1816   5.040
 1817   4.802
 1818   4.535
 1819   4.077
 1820   4.476
 1821   3.983
 1822   4.168
 1823   4.193
 1824   4.452
 1825   4.790
 1826   4.724
 1827   4.214
 1828   4.928
 1829   5.081
 1830   4.891
 1831   4.737
 1832   4.654
 1833   4.376
 1834   4.643
 1835   4.531
 1836   5.188
 1837   5.916
 1838   6.244
 1839   6.594
 1840   6.695
 1841   6.474
 1842   6.659
 1843   7.148
 1844   6.917
 1845   6.864
 1846   6.842
 1847   5.938
 1848   5.396
 1849   5.371
 1850   5.476
 1851   5.715
 1852   5.535
 1853   5.575
 1854   5.817
 1855   5.965
 1856   6.052
 1857   6.370
 1858   6.044
 1859   5.844
 1860   5.306
 1861   5.343
 1862   5.243
 1863   4.971
 1864   4.554
 1865   4.524
 1866   4.870
 1867   5.488
 1868   5.031
 1869   4.799
 1870   4.795
 1871   4.558
 1872   4.686
 1873   4.766
 1874   5.172
 1875   4.610
 1876   4.247
 1877   4.873
 1878   4.005
 1879   4.215
 1880   4.283
 1881   5.054
 1882   5.077
 1883   4.798
 1884   5.056
 1885   4.935
 1886   4.963
 1887   5.283
 1888   5.502
 1889   5.484
 1890   5.700
 1891   5.421
 1892   5.291
 1893   5.574
 1894   4.975
 1895   4.853
 1896   4.922
 1897   4.981
 1898   4.858
 1899   4.564
 1900   4.585
 1901   4.068
 1902   4.012
 1903   4.415
 1904   4.789
 1905   5.179
 1906   5.097
 1907   5.268
 1908   5.260
 1909   5.413
 1910   4.943
 1911   4.453
 1912   4.693
 1913   4.194
 1914   3.641
 1915   4.018
 1916   4.716
 1917   4.645
 1918   5.041
 1919   4.900
 1920   5.218
 1921   5.282
 1922   5.154
 1923   5.546
 1924   5.122
 1925   5.488
 1926   5.391
 1927   5.663
 1928   5.733
 1929   5.686
 1930   5.547
 1931   5.003
 1932   4.608
 1933   5.004
 1934   5.017
 1935   3.559
 1936   3.460
 1937   3.744
 1938   3.460
 1939   3.797
 1940   3.457
 1941   3.073
 1942   2.935
 1943   3.213
 1944   3.203
 1945   3.225
 1946   3.554
 1947   3.927
 1948   4.599
 1949   4.595
 1950   4.449
 1951   4.271
 1952   4.636
 1953   5.094
 1954   4.955
 1955   4.541
 1956   5.122
 1957   5.659
 1958   6.540
 1959   6.716
 1960   6.794
 1961   6.941
 1962   6.939
 1963   6.852
 1964   6.355
 1965   6.436
 1966   5.846
 1967   5.937
 1968   6.634
 1969   6.565
 1970   6.636
 1971   6.609
 1972   6.020
 1973   5.566
 1974   5.517
 1975   5.730
 1976   5.590
 1977   5.895
 1978   5.332
 1979   5.048
 1980   4.787
 1981   4.531
 1982   4.935
 1983   5.013
 1984   5.291
 1985   5.112
 1986   5.118
 1987   4.450
 1988   4.949
 1989   4.634
 1990   5.053
 1991   4.814
 1992   4.646
 1993   4.584
 1994   4.677
 1995   5.229
 1996   5.329
 1997   5.492
 1998   5.082
 1999   4.618
 2000   4.364
 2001   4.804
 2002   4.745
 2003   5.079
 2004   5.027
 2005   4.971
 2006   4.813
 2007   5.233
 2008   5.116
 2009   4.848
 2010   5.000
 2011   4.903
 2012   4.264
 2013   3.965
 2014   4.462
 2015   4.493
 2016   3.819
 2017   4.033
 2018   3.930
 2019   3.599
 2020   4.228
 2021   4.288
 2022   3.983
 2023   4.487
 2024   3.666
 2025   3.965
 2026   4.839
 2027   5.048
 2028   5.093
 2029   4.657
 2030   4.636
 2031   4.707
 2032   4.479
 2033   4.656
 2034   4.257
 2035   4.202
 2036   4.489
 2037   4.095
 2038   3.879
 2039   4.030
 2040   4.296
 2041   4.295
 2042   4.918
 2043   4.803
 2044   4.987
 2045   4.806
 2046   5.159
 2047   5.343
 2048   5.176
 2049   5.253
 2050   5.219
 2051   5.397
 2052   5.247
 2053   5.043
 2054   4.902
 2055   3.829
 2056   3.934
 2057   4.612
 2058   4.682
 2059   4.435
 2060   4.376
 2061   4.452
 2062   4.594
 2063   4.862
 2064   5.787
 2065   5.924
 2066   5.843
 2067   5.656
 2068   5.177
 2069   4.879
 2070   4.584
 2071   4.525
 2072   4.503
 2073   4.992
 2074   4.928
 2075   4.614
 2076   4.360
 2077   4.728
 2078   4.720
 2079   4.628
 2080   4.950
 2081   4.858
 2082   5.008
 2083   4.986
 2084   4.784
 2085   4.779
 2086   4.464
 2087   4.421
 2088   3.822
 2089   3.635
 2090   3.870
 2091   4.332
 2092   4.877
 2093   4.766
 2094   4.747
 2095   4.439
 2096   4.526
 2097   4.598
 2098   4.227
 2099   4.350
 2100   4.627
 2101   4.744
 2102   4.542
 2103   4.783
 2104   4.222
 2105   3.910
 2106   3.817
 2107   4.075
 2108   4.339
 2109   4.608
 2110   4.779
 2111   4.894
 2112   4.946
 2113   5.059
 2114   4.855
 2115   4.406
 2116   4.886
 2117   5.158
 2118   4.896
 2119   4.987
 2120   4.652
 2121   5.250
 2122   5.162
 2123   5.146
 2124   5.168
 2125   4.748
 2126   4.885
 2127   4.905
 2128   4.739
 2129   4.931
 2130   5.175
 2131   5.570
 2132   5.339
 2133   4.828
 2134   4.165
 2135   4.136
 2136   4.761
 2137   4.986
 2138   4.798
 2139   4.813
 2140   4.792
 2141   4.663
 2142   4.972
 2143   4.717
 2144   4.842
 2145   5.043
 2146   4.927
 2147   5.060
 2148   5.077
 2149   5.264
 2150   4.908
 2151   4.982
 2152   4.933
 2153   4.857
 2154   5.028
 2155   4.972
 2156   4.925
 2157   4.909
 2158   4.660
 2159   4.912
 2160   4.832
 2161   4.579
 2162   4.344
 2163   4.102
 2164   4.372
 2165   4.888
 2166   5.371
 2167   5.494
 2168   5.293
 2169   5.230
 2170   5.590
 2171   5.098
 2172   5.246
 2173   4.585
 2174   4.658
 2175   4.735
 2176   5.055
 2177   4.857
 2178   4.689
 2179   4.325
 2180   4.899
 2181   4.694
 2182   4.166
 2183   4.219
 2184   4.265
 2185   4.556
 2186   5.173
 2187   5.104
 2188   5.157
 2189   5.521
 2190   5.283
 2191   5.205
 2192   5.084
 2193   4.965
 2194   4.641
 2195   4.827
 2196   4.884
 2197   5.301
 2198   5.091
 2199   5.110
 2200   5.105
 2201   5.015
 2202   5.439
 2203   5.156
 2204   4.652
 2205   4.836
 2206   4.891
 2207   4.689
 2208   4.970
 2209   5.129
 2210   5.012
 2211   4.979
 2212   4.466
 2213   4.755
 2214   5.381
 2215   4.923
 2216   5.094
 2217   5.266
 2218   5.015
 2219   4.730
 2220   4.931
 2221   4.832
 2222   4.418
 2223   4.435
 2224   4.638
 2225   4.908
 2226   5.118
 2227   4.473
 2228   4.767
 2229   4.700
 2230   4.192
 2231   4.482
 2232   4.653
 2233   5.122
 2234   5.339
 2235   5.464
 2236   5.510
 2237   5.009
 2238   4.919
 2239   4.940
 2240   4.970
 2241   5.255
 2242   5.336
 2243   5.087
 2244   5.038
 2245   5.184
 2246   5.410
 2247   5.430
 2248   5.194
 2249   5.141
 2250   4.772
 2251   5.008
 2252   4.399
 2253   4.468
 2254   4.855
 2255   5.124
 2256   5.036
 2257   5.068
 2258   5.150
 2259   4.905
 2260   5.087
 2261   5.392
 2262   5.452
 2263   5.461
 2264   5.940
 2265   6.127
 2266   5.407
 2267   5.164
 2268   4.604
 2269   4.644
 2270   5.245
 2271   4.937
 2272   4.796
 2273   4.838
 2274   4.920
 2275   4.949
 2276   4.852
 2277   4.787
 2278   4.477
 2279   4.616
 2280   4.713
 2281   5.113
 2282   5.098
 2283   4.706
 2284   4.367
 2285   4.521
 2286   5.017
 2287   5.031
 2288   5.112
 2289   5.296
 2290   4.688
 2291   4.495
 2292   4.862
 2293   4.693
 2294   4.330
 2295   4.468
 2296   4.748
 2297   4.869
 2298   4.601
 2299   4.441
 2300   4.087
 2301   4.011
 2302   4.025
 2303   3.705
 2304   3.643
 2305   3.819
 2306   3.987
 2307   4.034
 2308   4.327
 2309   4.581
 2310   4.475
 2311   4.380
 2312   4.524
 2313   4.729
 2314   4.484
 2315   4.449
 2316   4.293
 2317   4.447
 2318   4.646
 2319   4.757
 2320   4.630
 2321   4.703
 2322   4.204
 2323   4.524
 2324   4.554
 2325   4.590
 2326   4.512
 2327   4.560
 2328   4.619
 2329   4.378
 2330   4.245
 2331   4.157
 2332   4.556
 2333   4.612
 2334   4.507
 2335   4.432
 2336   4.247
 2337   4.503
 2338   4.864
 2339   4.766
 2340   5.123
 2341   5.210
 2342   5.044
 2343   5.080
 2344   4.864
 2345   5.133
 2346   4.863
 2347   4.531
 2348   4.842
 2349   5.013
 2350   5.276
 2351   5.464
 2352   5.563
 2353   5.651
 2354   5.205
 2355   5.107
 2356   5.057
 2357   5.028
 2358   5.441
 2359   5.028
 2360   4.715
 2361   4.831
 2362   5.313
 2363   5.314
 2364   5.173
 2365   4.788
 2366   4.800
 2367   4.850
 2368   5.345
 2369   5.356
 2370   5.128
 2371   4.904
 2372   4.996
 2373   5.205
 2374   5.465
 2375   5.456
 2376   5.250
 2377   5.122
 2378   4.744
 2379   5.001
 2380   5.161
 2381   5.221
 2382   4.593
 2383   4.940
 2384   4.787
 2385   5.361
 2386   4.690
 2387   4.529
 2388   4.326
 2389   4.480
 2390   5.031
 2391   4.464
 2392   4.743
 2393   5.330
 2394   5.041
 2395   5.195
 2396   4.388
 2397   4.775
 2398   4.900
 2399   5.228
 2400   5.266
 2401   5.118
 2402   5.089
 2403   5.304
 2404   5.555
 2405   5.265
 2406   5.435
 2407   5.402
 2408   5.168
 2409   5.334
 2410   5.492
 2411   5.512
 2412   5.262
 2413   5.408
 2414   5.486
 2415   5.152
 2416   4.887
 2417   5.315
 2418   5.484
 2419   5.619
 2420   5.606
 2421   5.259
 2422   5.230
 2423   5.169
 2424   5.188
 2425   4.975
 2426   4.749
 2427   4.839
 2428   4.684
 2429   5.079
 2430   5.123
 2431   5.138
 2432   5.145
 2433   5.347
 2434   5.233
 2435   5.104
 2436   5.558
 2437   5.303
 2438   5.116
 2439   5.259
 2440   5.428
 2441   5.052
 2442   5.274
 2443   5.088
 2444   5.002
 2445   5.204
 2446   5.487
 2447   5.163
 2448   5.267
 2449   5.221
 2450   5.599
 2451   5.360
 2452   4.711
 2453   4.481
 2454   4.596
 2455   4.157
 2456   4.817
 2457   5.275
 2458   4.575
 2459   4.875
 2460   4.807
 2461   4.740
 2462   4.853
 2463   4.948
 2464   4.262
 2465   4.506
 2466   4.963
 2467   4.963
 2468   5.022
 2469   5.164
 2470   4.827
 2471   5.180
 2472   5.001
 2473   4.982
 2474   4.668
 2475   4.913
 2476   5.336
 2477   5.292
 2478   5.055
 2479   4.976
 2480   5.266
 2481   5.175
 2482   4.829
 2483   4.803
 2484   4.531
 2485   4.600
 2486   4.331
 2487   4.053
 2488   4.126
 2489   4.609
 2490   4.489
 2491   4.444
 2492   4.343
 2493   4.403
 2494   4.601
 2495   4.577
 2496   4.710
 2497   4.519
 2498   4.637
 2499   4.821
 2500   4.661
 2501   4.633
 2502   4.556
 2503   4.733
 2504   4.423
 2505   4.237
 2506   4.166
 2507   4.260
 2508   4.324
 2509   4.220
 2510   4.079
 2511   4.135
 2512   4.200
 2513   4.633
 2514   4.758
 2515   4.687
 2516   4.856
 2517   4.512
 2518   4.697
 2519   4.722
 2520   4.538
 2521   4.855
 2522   4.648
 2523   4.734
 2524   4.656
 2525   4.796
 2526   5.335
 2527   5.187
 2528   4.895
 2529   4.966
 2530   5.088
 2531   5.033
 2532   5.098
 2533   4.832
 2534   4.667
 2535   4.867
 2536   4.620
 2537   4.407
 2538   4.550
 2539   4.874
 2540   5.215
 2541   4.972
 2542   4.261
 2543   4.665
 2544   4.888
 2545   5.324
 2546   5.428
 2547   5.310
 2548   5.202
 2549   5.127
 2550   5.028
 2551   4.890
 2552   4.898
 2553   4.922
 2554   4.619
 2555   4.390
 2556   4.698
 2557   4.645
 2558   4.608
 2559   4.786
 2560   5.185
 2561   4.895
 2562   5.186
 2563   5.223
 2564   5.277
 2565   4.980
 2566   5.233
 2567   5.360
 2568   5.059
 2569   4.624
 2570   4.824
 2571   5.219
 2572   4.892
 2573   4.432
 2574   4.235
 2575   4.309
 2576   4.817
 2577   4.836
 2578   5.208
 2579   5.223
 2580   5.293
 2581   5.549
 2582   5.415
 2583   5.276
 2584   5.385
 2585   5.704
 2586   5.098
 2587   4.893
 2588   4.890
 2589   5.052
 2590   5.061
 2591   5.236
 2592   5.563
 2593   5.175
 2594   5.566
 2595   5.270
 2596   5.193
 2597   5.305
 2598   4.978
 2599   4.780
 2600   4.978
 2601   4.914
 2602   4.382
 2603   4.985
 2604   5.074
 2605   4.166
 2606   4.064
 2607   4.333
 2608   5.032
 2609   4.816
 2610   5.140
 2611   5.055
 2612   4.879
 2613   4.611
 2614   4.369
 2615   3.996
 2616   3.998
 2617   5.096
 2618   5.272
 2619   5.512
 2620   5.348
 2621   5.397
 2622   5.694
 2623   5.229
 2624   5.514
 2625   5.364
 2626   5.399
 2627   5.173
 2628   5.244
 2629   4.915
 2630   4.877
 2631   4.663
 2632   4.563
 2633   4.127
 2634   4.135
 2635   4.322
 2636   4.318
 2637   4.324
 2638   4.485
 2639   4.597
 2640   4.194
 2641   4.197
 2642   4.563
 2643   4.477
 2644   4.514
 2645   4.714
 2646   4.804
 2647   4.885
 2648   4.782
 2649   4.558
 2650   4.034
 2651   4.192
 2652   4.529
 2653   4.750
 2654   4.283
 2655   4.297
 2656   4.752
 2657   4.938
 2658   4.325
 2659   4.358
 2660   4.620
 2661   4.866
 2662   5.379
 2663   5.215
 2664   4.616
 2665   4.511
 2666   5.210
 2667   5.184
 2668   4.957
 2669   4.882
 2670   5.021
 2671   4.770
 2672   4.823
 2673   5.304
 2674   5.050
 2675   4.616
 2676   4.671
 2677   5.030
 2678   5.178
 2679   5.299
 2680   4.727
 2681   4.896
 2682   4.737
 2683   4.849
 2684   5.386
 2685   5.595
 2686   5.554
 2687   5.972
 2688   5.776
 2689   5.449
 2690   4.986
 2691   5.145
 2692   4.801
 2693   4.619
 2694   4.472
 2695   4.816
 2696   5.216
 2697   4.998
 2698   4.738
 2699   4.498
 2700   4.612
 2701   4.587
 2702   4.837
 2703   4.615
 2704   4.630
 2705   5.345
 2706   4.994
 2707   4.801
 2708   4.452
 2709   4.968
 2710   5.002
 2711   5.135
 2712   4.447
 2713   4.280
 2714   4.036
 2715   4.444
 2716   4.494
 2717   4.834
 2718   4.962
 2719   5.037
 2720   4.922
 2721   5.001
 2722   5.201
 2723   4.909
 2724   4.593
 2725   4.521
 2726   4.641
 2727   4.780
 2728   4.761
 2729   4.562
 2730   4.821
 2731   4.137
 2732   4.170
 2733   4.365
 2734   4.286
 2735   4.053
 2736   4.382
 2737   4.740
 2738   4.903
 2739   4.676
 2740   4.692
 2741   4.430
 2742   4.682
 2743   4.449
 2744   4.572
 2745   4.535
 2746   4.458
 2747   4.668
 2748   4.740
 2749   4.913
 2750   5.164
 2751   5.171
 2752   5.496
 2753   5.687
 2754   5.699
 2755   5.493
 2756   5.317
 2757   5.438
 2758   4.850
 2759   4.658
 2760   4.839
 2761   4.573
 2762   4.720
 2763   5.081
 2764   4.860
 2765   4.611
 2766   4.610
 2767   4.786
 2768   5.195
 2769   5.422
 2770   5.162
 2771   5.506
 2772   6.486
 2773   6.634
 2774   6.032
 2775   5.613
 2776   5.412
 2777   5.077
 2778   4.820
 2779   4.450
 2780   4.594
 2781   4.766
 2782   4.594
 2783   5.024
 2784   4.450
 2785   4.546
 2786   4.788
 2787   4.670
 2788   4.722
 2789   4.573
 2790   4.961
 2791   4.985
 2792   5.563
 2793   5.311
 2794   5.059
 2795   4.986
 2796   4.927
 2797   5.163
 2798   5.330
 2799   5.591
 2800   5.346
 2801   4.958
 2802   4.596
 2803   4.844
 2804   4.488
 2805   4.888
 2806   5.418
 2807   4.832
 2808   4.990
 2809   4.760
 2810   4.626
 2811   4.308
 2812   4.245
 2813   4.770
 2814   5.251
 2815   5.599
 2816   5.375
 2817   5.465
 2818   5.388
 2819   4.800
 2820   4.799
 2821   4.251
 2822   4.857
 2823   4.932
 2824   5.066
 2825   5.010
 2826   4.644
 2827   4.626
 2828   4.456
 2829   4.342
 2830   4.401
 2831   4.544
 2832   4.266
 2833   3.826
 2834   3.620
 2835   4.173
 2836   4.482
 2837   4.517
 2838   4.738
 2839   4.289
 2840   4.094
 2841   4.151
 2842   5.048
 2843   5.052
 2844   4.195
 2845   3.722
 2846   4.462
 2847   4.494
 2848   4.573
 2849   4.556
 2850   4.942
 2851   5.108
 2852   5.069
 2853   5.231
 2854   5.331
 2855   5.826
 2856   5.811
 2857   5.491
 2858   5.041
 2859   4.250
 2860   4.035
 2861   4.000
 2862   4.133
 2863   4.465
 2864   4.140
 2865   3.620
 2866   3.314
 2867   4.230
 2868   4.693
 2869   4.253
 2870   4.140
 2871   4.250
 2872   4.456
 2873   4.895
 2874   4.656
 2875   4.544
 2876   4.695
 2877   5.130
 2878   5.141
 2879   5.108
 2880   5.004
 2881   4.600
 2882   4.609
 2883   5.108
 2884   4.894
 2885   5.260
 2886   4.942
 2887   4.880
 2888   5.047
 2889   4.990
 2890   4.604
 2891   4.556
 2892   4.630
 2893   4.362
 2894   4.533
 2895   4.956
 2896   4.735
 2897   4.221
 2898   4.080
 2899   4.458
 2900   4.214
 2901   4.336
 2902   4.480
 2903   4.882
 2904   4.503
 2905   4.981
 2906   5.193
 2907   4.967
 2908   5.249
 2909   5.828
 2910   5.702
 2911   5.382
 2912   5.042
 2913   4.581
 2914   4.349
 2915   4.160
 2916   4.305
 2917   4.006
 2918   3.819
 2919   4.618
 2920   4.719
 2921   4.258
 2922   4.156
 2923   4.189
 2924   4.416
 2925   4.600
 2926   4.474
 2927   4.734
 2928   4.744
 2929   4.815
 2930   4.878
 2931   4.445
 2932   4.007
 2933   4.375
 2934   4.841
 2935   4.990
 2936   5.139
 2937   4.717
 2938   4.635
 2939   4.454
 2940   4.505
 2941   4.669
 2942   4.909
 2943   4.922
 2944   4.925
 2945   4.989
 2946   5.121
 2947   4.659
 2948   4.339
 2949   4.026
 2950   4.504
 2951   3.996
 2952   4.315
 2953   3.855
 2954   4.085
 2955   4.087
 2956   4.691
 2957   4.914
 2958   5.000
 2959   5.248
 2960   5.129
 2961   5.317
 2962   4.997
 2963   4.768
 2964   4.329
 2965   4.372
 2966   4.435
 2967   3.790
 2968   3.704
 2969   3.793
 2970   4.155
 2971   4.338
 2972   4.383
 2973   4.179
 2974   4.474
 2975   4.453
 2976   4.382
 2977   4.163
 2978   4.286
 2979   4.356
 2980   4.457
 2981   4.885
 2982   4.327
 2983   4.577
 2984   4.122
 2985   3.993
 2986   3.498
 2987   3.655
 2988   3.774
 2989   3.936
 2990   4.593
 2991   4.502
 2992   4.683
 2993   4.666
 2994   4.766
 2995   5.123
 2996   5.131
 2997   4.578
 2998   4.689
 2999   4.585
 3000   4.050
 3001   4.312
 3002   4.735
 3003   4.839
 3004   5.155
 3005   4.881
 3006   4.935
 3007   4.978
 3008   4.849
 3009   4.642
 3010   4.559
 3011   4.907
 3012   4.787
 3013   4.535
 3014   4.736
 3015   5.290
 3016   4.923
 3017   4.575
 3018   4.890
 3019   4.666
 3020   4.520
 3021   4.386
 3022   4.696
 3023   5.164
 3024   5.193
 3025   5.183
 3026   5.240
 3027   4.926
 3028   5.047
 3029   4.939
 3030   5.244
 3031   5.307
 3032   4.890
 3033   4.711
 3034   4.670
 3035   4.376
 3036   4.473
 3037   4.276
 3038   4.635
 3039   4.216
 3040   4.509
 3041   4.628
 3042   4.788
 3043   4.658
 3044   4.513
 3045   4.545
 3046   4.388
 3047   4.702
 3048   4.345
 3049   4.375
 3050   4.659
 3051   4.410
 3052   4.837
 3053   4.921
 3054   4.505
 3055   4.397
 3056   4.660
 3057   4.759
 3058   4.589
 3059   4.684
 3060   4.863
 3061   4.687
 3062   4.686
 3063   4.910
 3064   5.146
 3065   5.190
 3066   5.185
 3067   5.144
 3068   5.091
 3069   5.040
 3070   4.701
 3071   4.752
 3072   4.745
 3073   5.003
 3074   5.199
 3075   5.195
 3076   5.145
 3077   5.046
 3078   5.315
 3079   5.237
 3080   4.288
 3081   4.656
 3082   4.366
 3083   4.418
 3084   5.077

