index	original	background	difference
-----------------------------------------------------
1	2860	2270	590
2	2655	2116	539
3	2561	2044	517
4	2606	2105	501
5	2574	2099	475
6	2742	2188	554
7	2829	2181	648
8	2791	2211	580
9	2701	2187	514
10	2562	2005	557
11	2477	1971	506
12	2621	2099	522
13	2758	2229	529
14	2784	2194	590
15	2632	2039	593
16	2734	2140	594
17	2725	2176	549
18	2671	2107	564
19	2490	1926	564
20	2545	2002	543
21	2716	2159	557
22	2624	2077	547
23	2626	2013	613
24	2655	2131	524
25	2674	2168	506
26	2640	2058	582
27	2445	1903	542
28	2467	1972	495
29	2569	2072	497
30	2668	2063	605
31	2630	1997	633
32	2695	2089	606
33	2641	2100	541
34	2530	2012	518
35	2656	2087	569
36	2731	2155	576
37	2688	2153	535
38	2590	2068	522
39	2417	1954	463
40	2526	2025	501
41	2657	2114	543
42	2512	1998	514
43	2460	1945	515
44	2601	2051	550
45	2742	2199	543
46	2733	2142	591
47	2594	2041	553
48	2591	2047	544
49	2737	2151	586
50	2759	2186	573
51	2699	2143	556
52	2659	2127	532
53	2791	2234	557
54	2602	2052	550
55	2391	1875	516
56	2560	2058	502
57	2835	2280	555
58	2623	2054	569
59	2434	1922	512
60	2642	2063	579
61	2809	2243	566
62	2761	2164	597
63	2548	2021	527
64	2593	2109	484
65	2693	2182	511
66	2629	2090	539
67	2560	1992	568
68	2572	2051	521
69	2527	2063	464
70	2511	1976	535
71	2602	2063	539
72	2901	2306	595
73	2762	2208	554
74	2506	2047	459
75	2405	1906	499
76	2543	2013	530
77	2656	2144	512
78	2598	2082	516
79	2596	2072	524
80	2672	2128	544
81	2721	2190	531
82	2487	2011	476
83	2473	2009	464
84	2590	2097	493
85	2645	2181	464
86	2503	2098	405
87	2460	2044	416
88	2573	2110	463
89	2703	2187	516
90	2613	2098	515
91	2723	2177	546
92	2824	2279	545
93	2625	2130	495
94	2484	2024	460
95	2399	1960	439
96	2557	2140	417
97	2753	2264	489
98	2621	2123	498
99	2494	2050	444
100	2486	2087	399
101	2571	2148	423
102	2649	2098	551
103	2610	2061	549
104	2834	2265	569
105	2848	2350	498
106	2672	2206	466
107	2523	2063	460
108	2560	2158	402
109	2682	2221	461
110	2552	2111	441
111	2676	2180	496
112	2729	2219	510
113	2590	2120	470
114	2580	2096	484
115	2514	2086	428
116	2564	2138	426
117	2708	2219	489
118	2479	2070	409
119	2387	1995	392
120	2491	2083	408
121	2529	2129	400
122	2482	2053	429
123	2349	1936	413
124	2403	2038	365
125	2508	2099	409
126	2534	2078	456
127	2545	2113	432
128	2825	2384	441
129	2755	2322	433
130	2526	2133	393
131	2406	2017	389
132	2671	2189	482
133	2651	2193	458
134	2421	1992	429
135	2436	2010	426
136	2583	2176	407
137	2644	2223	421
138	2524	2091	433
139	2538	2096	442
140	2465	2061	404
141	2516	2109	407
142	2606	2162	444
143	2529	2085	444
144	2596	2154	442
145	2546	2139	407
146	2581	2160	421
147	2489	2084	405
148	2481	2075	406
149	2685	2253	432
150	2644	2220	424
151	2403	2036	367
152	2673	2212	461
153	2752	2287	465
154	2721	2212	509
155	2618	2156	462
156	2686	2290	396
157	2586	2200	386
158	2424	2042	382
159	2360	2020	340
160	2603	2178	425
161	2667	2231	436
162	2474	2099	375
163	2465	2099	366
164	2667	2268	399
165	2642	2255	387
166	2555	2151	404
167	2471	2068	403
168	2578	2150	428
169	2602	2214	388
170	2460	2131	329
171	2527	2107	420
172	2611	2198	413
173	2610	2230	380
174	2378	2057	321
175	2392	2050	342
176	2454	2112	342
177	2473	2157	316
178	2371	2075	296
179	2418	2075	343
180	2650	2265	385
181	2629	2267	362
182	2595	2185	410
183	2316	1994	322
184	2361	2102	259
185	2489	2187	302
186	2399	2071	328
187	2326	1982	344
188	2402	2081	321
189	2537	2226	311
190	2555	2222	333
191	2519	2135	384
192	2622	2245	377
193	2605	2227	378
194	2418	2107	311
195	2351	2043	308
196	2532	2188	344
197	2542	2218	324
198	2361	2093	268
199	2543	2185	358
200	2620	2236	384
201	2523	2226	297
202	2484	2182	302
203	2357	2061	296
204	2593	2264	329
205	2583	2271	312
206	2439	2110	329
207	2331	2013	318
208	2353	2062	291
209	2603	2238	365
210	2558	2182	376
211	2376	2050	326
212	2634	2293	341
213	2600	2250	350
214	2454	2096	358
215	2345	2020	325
216	2515	2237	278
217	2561	2308	253
218	2367	2053	314
219	2433	2074	359
220	2640	2330	310
221	2589	2292	297
222	2448	2151	297
223	2390	2054	336
224	2458	2148	310
225	2735	2358	377
226	2506	2141	365
227	2426	2116	310
228	2591	2261	330
229	2656	2321	335
230	2436	2141	295
231	2335	2045	290
232	2500	2205	295
233	2816	2417	399
234	2667	2271	396
235	2425	2104	321
236	2430	2137	293
237	2534	2231	303
238	2431	2143	288
239	2389	2079	310
240	2527	2193	334
241	2758	2361	397
242	2633	2238	395
243	2618	2216	402
244	2558	2226	332
245	2466	2205	261
246	2437	2139	298
247	2373	2074	299
248	2560	2233	327
249	2671	2339	332
250	2504	2195	309
251	2290	2024	266
252	2548	2227	321
253	2559	2252	307
254	2530	2209	321
255	2529	2151	378
256	2540	2214	326
257	2538	2219	319
258	2371	2049	322
259	2340	2031	309
260	2440	2137	303
261	2486	2199	287
262	2586	2243	343
263	2424	2116	308
264	2587	2250	337
265	2498	2173	325
266	2433	2120	313
267	2429	2068	361
268	2660	2285	375
269	2685	2313	372
270	2613	2231	382
271	2676	2311	365
272	2583	2253	330
273	2450	2161	289
274	2422	2123	299
275	2540	2153	387
276	2577	2200	377
277	2467	2155	312
278	2386	2098	288
279	2372	2059	313
280	2435	2124	311
281	2411	2166	245
282	2399	2114	285
283	2422	2120	302
284	2613	2281	332
285	2645	2306	339
286	2404	2075	329
287	2337	1993	344
288	2607	2218	389
289	2737	2354	383
290	2673	2285	388
291	2410	2106	304
292	2450	2144	306
293	2597	2245	352
294	2444	2115	329
295	2393	2044	349
296	2517	2161	356
297	2511	2174	337
298	2451	2122	329
299	2411	2064	347
300	2453	2160	293
301	2465	2216	249
302	2372	2076	296
303	2406	2073	333
304	2478	2175	303
305	2463	2206	257
306	2477	2183	294
307	2394	2109	285
308	2466	2141	325
309	2742	2356	386
310	2518	2144	374
311	2313	1992	321
312	2418	2106	312
313	2561	2237	324
314	2649	2280	369
315	2588	2195	393
316	2577	2240	337
317	2509	2184	325
318	2502	2118	384
319	2513	2118	395
320	2574	2189	385
321	2636	2236	400
322	2643	2205	438
323	2451	2113	338
324	2478	2157	321
325	2571	2204	367
326	2473	2084	389
327	2397	2043	354
328	2654	2243	411
329	2715	2318	397
330	2514	2181	333
331	2361	2031	330
332	2574	2238	336
333	3189	2790	399
334	2823	2433	390
335	2588	2197	391
336	2768	2356	412
337	2675	2323	352
338	2510	2147	363
339	2500	2142	358
340	2576	2240	336
341	2657	2279	378
342	2655	2257	398
343	2551	2169	382
344	2574	2154	420
345	2704	2262	442
346	2711	2242	469
347	2437	2060	377
348	2473	2138	335
349	2581	2195	386
350	2580	2161	419
351	2612	2173	439
352	2877	2417	460
353	2718	2332	386
354	2458	2099	359
355	2493	2095	398
356	2628	2210	418
357	2664	2248	416
358	2630	2193	437
359	2450	2052	398
360	2570	2136	434
361	2655	2230	425
362	2580	2241	339
363	2548	2138	410
364	2549	2126	423
365	2564	2155	409
366	2518	2074	444
367	2442	1984	458
368	2716	2229	487
369	2837	2346	491
370	2719	2246	473
371	2605	2164	441
372	2722	2261	461
373	2735	2278	457
374	2587	2154	433
375	2679	2184	495
376	2731	2259	472
377	2780	2302	478
378	2734	2250	484
379	2579	2097	482
380	2752	2273	479
381	2756	2282	474
382	2717	2205	512
383	2599	2076	523
384	2782	2244	538
385	2870	2311	559
386	2731	2190	541
387	2679	2158	521
388	2851	2340	511
389	2884	2421	463
390	2688	2228	460
391	2613	2169	444
392	2831	2281	550
393	2750	2201	549
394	2709	2274	435
395	2619	2171	448
396	2609	2155	454
397	2712	2205	507
398	2738	2158	580
399	2651	2077	574
400	2796	2225	571
401	2817	2282	535
402	2649	2141	508
403	2637	2110	527
404	2962	2337	625
405	2861	2301	560
406	2951	2399	552
407	2746	2211	535
408	2836	2285	551
409	2722	2216	506
410	2598	2073	525
411	2706	2121	585
412	2785	2209	576
413	2754	2246	508
414	2755	2190	565
415	2690	2111	579
416	2855	2255	600
417	2834	2255	579
418	2695	2093	602
419	2576	2011	565
420	2727	2126	601
421	2740	2151	589
422	2635	2083	552
423	2900	2287	613
424	2975	2313	662
425	2904	2305	599
426	2656	2060	596
427	2596	1955	641
428	2814	2199	615
429	3130	2506	624
430	2896	2261	635
431	2782	2116	666
432	2943	2306	637
433	3098	2413	685
434	2857	2174	683
435	2652	2011	641
436	2960	2298	662
437	2976	2382	594
438	2716	2126	590
439	2583	2036	547
440	2885	2277	608
441	2945	2283	662
442	2644	2021	623
443	2725	2041	684
444	2944	2240	704
445	3069	2400	669
446	2895	2214	681
447	2695	2083	612
448	2985	2331	654
449	3170	2441	729
450	3080	2258	822
451	2838	2040	798
452	2863	2208	655
453	2971	2325	646
454	2870	2178	692
455	2747	2077	670
456	2871	2235	636
457	3134	2393	741
458	2900	2170	730
459	2858	2079	779
460	3092	2340	752
461	3089	2392	697
462	2969	2230	739
463	2701	1990	711
464	2880	2155	725
465	3055	2304	751
466	2803	2071	732
467	2733	1980	753
468	2971	2246	725
469	3207	2450	757
470	3132	2344	788
471	2826	2082	744
472	2944	2211	733
473	3090	2408	682
474	2993	2226	767
475	2762	1984	778
476	2927	2156	771
477	3118	2335	783
478	2999	2212	787
479	2725	2002	723
480	3036	2247	789
481	3203	2410	793
482	3133	2347	786
483	2922	2140	782
484	3088	2247	841
485	3099	2300	799
486	2881	2144	737
487	2689	1942	747
488	2995	2208	787
489	3125	2347	778
490	2862	2082	780
491	2770	1955	815
492	3085	2259	826
493	3160	2397	763
494	2937	2161	776
495	3002	2135	867
496	3214	2339	875
497	3168	2313	855
498	2933	2131	802
499	2762	1967	795
500	2994	2202	792
501	3203	2386	817
502	2946	2139	807
503	2880	2037	843
504	3123	2264	859
505	3140	2324	816
506	3120	2251	869
507	2980	2113	867
508	3261	2380	881
509	3342	2516	826
510	3075	2279	796
511	2920	2036	884
512	3129	2281	848
513	3255	2406	849
514	3185	2275	910
515	3154	2237	917
516	3189	2312	877
517	3144	2282	862
518	3038	2160	878
519	3103	2159	944
520	3282	2387	895
521	3250	2383	867
522	3095	2237	858
523	3136	2199	937
524	3203	2307	896
525	3290	2456	834
526	3080	2197	883
527	2895	1973	922
528	3183	2235	948
529	3308	2369	939
530	3122	2143	979
531	2872	1942	930
532	3033	2162	871
533	3184	2313	871
534	3035	2173	862
535	3763	2828	935
536	3640	2717	923
537	3326	2375	951
538	3011	2168	843
539	2880	2028	852
540	3048	2178	870
541	3275	2370	905
542	3111	2162	949
543	2852	1950	902
544	3188	2234	954
545	3357	2429	928
546	3145	2188	957
547	2992	2073	919
548	3229	2312	917
549	3583	2563	1020
550	3250	2222	1028
551	2905	2000	905
552	3440	2520	920
553	3511	2522	989
554	3284	2302	982
555	3115	2104	1011
556	3222	2268	954
557	3233	2289	944
558	3046	2069	977
559	2973	2025	948
560	3152	2214	938
561	3560	2544	1016
562	3275	2238	1037
563	2940	1980	960
564	3217	2236	981
565	3423	2398	1025
566	3184	2184	1000
567	3071	2073	998
568	3262	2285	977
569	3308	2371	937
570	3085	2136	949
571	2934	1980	954
572	3214	2241	973
573	3356	2338	1018
574	3126	2131	995
575	3023	1973	1050
576	3310	2202	1108
577	3347	2354	993
578	3212	2198	1014
579	3115	2127	988
580	3325	2321	1004
581	3454	2396	1058
582	3202	2157	1045
583	3007	1947	1060
584	3198	2172	1026
585	3260	2245	1015
586	3284	2208	1076
587	3117	2082	1035
588	3275	2260	1015
589	3463	2363	1100
590	3379	2189	1190
591	3104	2024	1080
592	3168	2151	1017
593	3267	2296	971
594	2992	2036	956
595	2942	1940	1002
596	3119	2161	958
597	3349	2336	1013
598	3387	2267	1120
599	3172	2058	1114
600	3302	2229	1073
601	3398	2317	1081
602	3232	2196	1036
603	3112	2083	1029
604	3235	2193	1042
605	3299	2260	1039
606	3173	2101	1072
607	3122	1994	1128
608	3421	2273	1148
609	3449	2294	1155
610	3299	2141	1158
611	3202	2079	1123
612	3322	2242	1080
613	3412	2313	1099
614	3329	2229	1100
615	3108	2064	1044
616	3344	2240	1104
617	3524	2361	1163
618	3258	2113	1145
619	3114	2028	1086
620	3546	2443	1103
621	3502	2439	1063
622	3237	2189	1048
623	3182	2065	1117
624	3299	2217	1082
625	3393	2315	1078
626	3303	2175	1128
627	3175	2054	1121
628	3420	2311	1109
629	3455	2363	1092
630	3241	2176	1065
631	3136	2014	1122
632	3390	2250	1140
633	3616	2414	1202
634	3589	2380	1209
635	3325	2148	1177
636	3574	2372	1202
637	3548	2359	1189
638	3346	2174	1172
639	3190	2036	1154
640	3352	2214	1138
641	3419	2264	1155
642	3209	2039	1170
643	3193	2004	1189
644	3308	2186	1122
645	3542	2322	1220
646	3658	2373	1285
647	3463	2205	1258
648	3607	2321	1286
649	3643	2368	1275
650	3250	2042	1208
651	3175	1938	1237
652	3574	2300	1274
653	3669	2407	1262
654	3412	2197	1215
655	3232	2037	1195
656	3432	2181	1251
657	3511	2287	1224
658	3422	2169	1253
659	3238	1977	1261
660	3347	2136	1211
661	3639	2392	1247
662	3465	2214	1251
663	3148	1978	1170
664	3342	2122	1220
665	3508	2256	1252
666	3236	2066	1170
667	3199	2019	1180
668	3477	2229	1248
669	3515	2270	1245
670	3341	2097	1244
671	3272	1977	1295
672	3525	2234	1291
673	3657	2385	1272
674	3570	2258	1312
675	3392	2093	1299
676	3501	2204	1297
677	3580	2270	1310
678	3438	2115	1323
679	3365	2087	1278
680	3564	2237	1327
681	3555	2239	1316
682	3492	2148	1344
683	3285	1994	1291
684	3652	2302	1350
685	3815	2456	1359
686	3489	2169	1320
687	3386	2069	1317
688	3480	2219	1261
689	3633	2317	1316
690	3566	2189	1377
691	3467	2089	1378
692	3594	2251	1343
693	3693	2386	1307
694	3437	2103	1334
695	3380	2007	1373
696	3580	2159	1421
697	3630	2215	1415
698	3562	2130	1432
699	3444	2041	1403
700	3899	2502	1397
701	3871	2479	1392
702	3540	2170	1370
703	3436	2041	1395
704	3818	2369	1449
705	3850	2435	1415
706	3659	2281	1378
707	3459	2064	1395
708	3598	2237	1361
709	3745	2378	1367
710	3442	2112	1330
711	3365	1996	1369
712	3802	2353	1449
713	3948	2488	1460
714	3559	2108	1451
715	3448	2022	1426
716	3761	2301	1460
717	3853	2382	1471
718	3702	2246	1456
719	3574	2076	1498
720	3629	2193	1436
721	3724	2297	1427
722	3803	2288	1515
723	3594	2101	1493
724	3769	2248	1521
725	3895	2430	1465
726	3676	2209	1467
727	3519	2034	1485
728	3686	2197	1489
729	3817	2290	1527
730	3681	2152	1529
731	3534	2002	1532
732	3967	2428	1539
733	4038	2472	1566
734	3779	2216	1563
735	3639	2097	1542
736	3889	2303	1586
737	4012	2366	1646
738	3914	2232	1682
739	3741	2096	1645
740	4038	2402	1636
741	4092	2465	1627
742	3736	2136	1600
743	3599	2003	1596
744	3883	2263	1620
745	3992	2346	1646
746	3859	2237	1622
747	3696	2053	1643
748	3917	2230	1687
749	3966	2330	1636
750	3767	2158	1609
751	3672	2079	1593
752	3845	2301	1544
753	3941	2350	1591
754	3752	2113	1639
755	3549	1929	1620
756	3926	2268	1658
757	4232	2462	1770
758	3999	2261	1738
759	3717	2077	1640
760	3926	2230	1696
761	4085	2365	1720
762	3871	2155	1716
763	3814	2057	1757
764	3990	2251	1739
765	4048	2310	1738
766	3877	2110	1767
767	3828	2012	1816
768	4142	2357	1785
769	4258	2476	1782
770	3930	2157	1773
771	3895	2061	1834
772	4032	2235	1797
773	4217	2364	1853
774	4050	2176	1874
775	3851	2017	1834
776	4502	2673	1829
777	4490	2648	1842
778	4040	2183	1857
779	3919	2088	1831
780	4236	2334	1902
781	4400	2479	1921
782	4183	2263	1920
783	3964	2054	1910
784	4079	2209	1870
785	4155	2264	1891
786	4205	2237	1968
787	4040	2095	1945
788	4225	2268	1957
789	4296	2311	1985
790	4060	2060	2000
791	3937	1961	1976
792	4286	2306	1980
793	4580	2531	2049
794	4287	2215	2072
795	4017	1987	2030
796	4228	2278	1950
797	4290	2364	1926
798	4090	2086	2004
799	4227	2136	2091
800	4393	2349	2044
801	4320	2380	1940
802	4186	2158	2028
803	4065	2017	2048
804	4385	2271	2114
805	4531	2389	2142
806	4273	2143	2130
807	4125	2025	2100
808	4512	2376	2136
809	4600	2443	2157
810	4425	2247	2178
811	4476	2228	2248
812	4606	2383	2223
813	4653	2444	2209
814	4537	2350	2187
815	4296	2158	2138
816	4622	2439	2183
817	4671	2442	2229
818	4481	2182	2299
819	4447	2140	2307
820	4562	2294	2268
821	4646	2343	2303
822	4757	2424	2333
823	4580	2264	2316
824	4563	2291	2272
825	4687	2317	2370
826	4515	2179	2336
827	4433	2162	2271
828	4658	2371	2287
829	4827	2492	2335
830	4576	2187	2389
831	4493	2055	2438
832	4707	2231	2476
833	4712	2336	2376
834	4480	2182	2298
835	4455	2062	2393
836	4845	2396	2449
837	4974	2479	2495
838	4659	2170	2489
839	4428	2047	2381
840	4750	2303	2447
841	4913	2346	2567
842	4653	2140	2513
843	4462	1993	2469
844	4772	2269	2503
845	5064	2529	2535
846	4832	2288	2544
847	4618	2114	2504
848	4882	2279	2603
849	4979	2333	2646
850	4874	2247	2627
851	4818	2189	2629
852	4955	2294	2661
853	5080	2402	2678
854	4903	2237	2666
855	4682	2063	2619
856	4909	2313	2596
857	4978	2366	2612
858	4916	2193	2723
859	4814	2015	2799
860	5002	2241	2761
861	5200	2361	2839
862	5000	2174	2826
863	4831	2015	2816
864	5006	2192	2814
865	5209	2400	2809
866	5049	2254	2795
867	4836	2048	2788
868	5041	2213	2828
869	5329	2423	2906
870	5125	2277	2848
871	4880	2055	2825
872	5021	2203	2818
873	5221	2304	2917
874	5076	2158	2918
875	4949	2098	2851
876	5142	2276	2866
877	5303	2378	2925
878	5098	2197	2901
879	4929	2065	2864
880	5150	2272	2878
881	5257	2375	2882
882	5233	2259	2974
883	5071	2057	3014
884	5225	2274	2951
885	5326	2417	2909
886	5114	2185	2929
887	5029	2050	2979
888	5157	2152	3005
889	5250	2246	3004
890	5379	2316	3063
891	5238	2163	3075
892	5369	2285	3084
893	5529	2383	3146
894	5373	2217	3156
895	5246	2105	3141
896	5468	2267	3201
897	5628	2295	3333
898	5573	2244	3329
899	5314	2086	3228
900	5466	2261	3205
901	5589	2308	3281
902	5416	2185	3231
903	5370	2126	3244
904	5686	2394	3292
905	5728	2359	3369
906	5526	2196	3330
907	5305	2045	3260
908	5591	2319	3272
909	5764	2477	3287
910	5561	2189	3372
911	5384	1983	3401
912	5523	2174	3349
913	5699	2309	3390
914	5602	2166	3436
915	5474	2006	3468
916	5713	2232	3481
917	5878	2399	3479
918	5651	2176	3475
919	5548	2078	3470
920	5749	2253	3496
921	5800	2339	3461
922	5575	2146	3429
923	5400	1959	3441
924	5567	2106	3461
925	5776	2306	3470
926	5671	2138	3533
927	5586	2014	3572
928	5801	2251	3550
929	6004	2423	3581
930	5829	2203	3626
931	5648	2053	3595
932	5854	2252	3602
933	6082	2448	3634
934	5853	2220	3633
935	5608	1982	3626
936	5833	2177	3656
937	5995	2313	3682
938	5749	2104	3645
939	6130	2395	3735
940	6223	2479	3744
941	6381	2596	3785
942	5929	2206	3723
943	5632	1908	3724
944	5993	2213	3780
945	6210	2408	3802
946	5956	2194	3762
947	5895	2101	3794
948	6002	2264	3738
949	6068	2379	3689
950	6124	2338	3786
951	5974	2207	3767
952	6008	2303	3705
953	6091	2359	3732
954	6035	2210	3825
955	6006	2140	3866
956	6147	2335	3812
957	6501	2619	3882
958	6119	2238	3881
959	5919	2082	3837
960	6196	2326	3870
961	6311	2406	3905
962	6259	2281	3978
963	6200	2307	3893
964	6570	2615	3955
965	6409	2444	3965
966	5954	2087	3867
967	5965	2036	3929
968	6398	2373	4025
969	6301	2373	3928
970	6002	2167	3835
971	6005	2085	3920
972	6160	2162	3998
973	6299	2327	3972
974	6295	2229	4066
975	6156	2064	4092
976	6315	2278	4037
977	6362	2298	4064
978	6198	2115	4083
979	6175	2122	4053
980	6386	2330	4056
981	6436	2385	4051
982	6171	2166	4005
983	6164	2082	4082
984	6405	2324	4081
985	6487	2351	4136
986	6352	2240	4112
987	6200	2102	4098
988	6414	2282	4132
989	6456	2368	4088
990	6241	2125	4116
991	6101	2029	4072
992	6363	2332	4031
993	6494	2435	4059
994	6300	2174	4126
995	6104	2026	4078
996	6293	2292	4001
997	6420	2364	4056
998	6209	2148	4061
999	6203	2148	4055
1000	6392	2266	4126
1001	6377	2289	4088
1002	6196	2129	4067
1003	6102	2008	4094
1004	6367	2309	4058
1005	6471	2390	4081
1006	6231	2123	4108
1007	6103	2027	4076
1008	6392	2274	4118
1009	6573	2405	4168
1010	6775	2462	4313
1011	6445	2244	4201
1012	6268	2226	4042
1013	6701	2543	4158
1014	6391	2250	4141
1015	6193	2041	4152
1016	6396	2255	4141
1017	6508	2340	4168
1018	6474	2206	4268
1019	6297	2031	4266
1020	6469	2273	4196
1021	6631	2397	4234
1022	6646	2303	4343
1023	6622	2200	4422
1024	6657	2305	4352
1025	6655	2331	4324
1026	6485	2126	4359
1027	6334	2052	4282
1028	6620	2383	4237
1029	6600	2395	4205
1030	6575	2251	4324
1031	6510	2148	4362
1032	6621	2265	4356
1033	6650	2331	4319
1034	6582	2236	4346
1035	6454	2107	4347
1036	6537	2216	4321
1037	6804	2421	4383
1038	6750	2357	4393
1039	6568	2218	4350
1040	6672	2339	4333
1041	6776	2440	4336
1042	6576	2241	4335
1043	6358	2065	4293
1044	6410	2094	4316
1045	6781	2420	4361
1046	6590	2280	4310
1047	6361	2060	4301
1048	6627	2320	4307
1049	6753	2457	4296
1050	6559	2253	4306
1051	6434	2133	4301
1052	6798	2474	4324
1053	6802	2467	4335
1054	7137	2739	4398
1055	6619	2347	4272
1056	6440	2236	4204
1057	6665	2416	4249
1058	6509	2248	4261
1059	6317	2045	4272
1060	6601	2287	4314
1061	6589	2397	4192
1062	6333	2158	4175
1063	6324	2132	4192
1064	6352	2267	4085
1065	6456	2370	4086
1066	6393	2211	4182
1067	6274	2044	4230
1068	6619	2345	4274
1069	6569	2386	4183
1070	6624	2248	4376
1071	6488	2140	4348
1072	6543	2192	4351
1073	6859	2384	4475
1074	6759	2263	4496
1075	6513	2022	4491
1076	6827	2334	4493
1077	6825	2415	4410
1078	6656	2186	4470
1079	6653	2158	4495
1080	6898	2417	4481
1081	6878	2383	4495
1082	6786	2225	4561
1083	6534	2064	4470
1084	6724	2238	4486
1085	6746	2251	4495
1086	6659	2166	4493
1087	6532	2074	4458
1088	6662	2271	4391
1089	6808	2372	4436
1090	6699	2176	4523
1091	6742	2166	4576
1092	6937	2376	4561
1093	6957	2412	4545
1094	6704	2178	4526
1095	6497	2024	4473
1096	6669	2213	4456
1097	6823	2393	4430
1098	6612	2238	4374
1099	6380	2034	4346
1100	6537	2121	4416
1101	6795	2381	4414
1102	6660	2219	4441
1103	6543	2093	4450
1104	6743	2275	4468
1105	6807	2306	4501
1106	6577	2126	4451
1107	6511	2045	4466
1108	6730	2218	4512
1109	6849	2274	4575
1110	6593	2117	4476
1111	6738	2210	4528
1112	6867	2375	4492
1113	6870	2419	4451
1114	6655	2188	4467
1115	6437	2008	4429
1116	6484	2148	4336
1117	6711	2279	4432
1118	6730	2255	4475
1119	6663	2114	4549
1120	6835	2211	4624
1121	6871	2272	4599
1122	6840	2241	4599
1123	6879	2161	4718
1124	7140	2421	4719
1125	7173	2422	4751
1126	6707	2134	4573
1127	6547	2017	4530
1128	6810	2213	4597
1129	6908	2265	4643
1130	6732	2083	4649
1131	6745	2030	4715
1132	6909	2202	4707
1133	7040	2350	4690
1134	6890	2147	4743
1135	6706	2014	4692
1136	7083	2348	4735
1137	7155	2436	4719
1138	6883	2194	4689
1139	6823	2072	4751
1140	7052	2286	4766
1141	7089	2313	4776
1142	7009	2208	4801
1143	7118	2236	4882
1144	7172	2341	4831
1145	7088	2322	4766
1146	7029	2219	4810
1147	6977	2066	4911
1148	7068	2198	4870
1149	7149	2295	4854
1150	6953	2112	4841
1151	7103	2229	4874
1152	7080	2258	4822
1153	7240	2297	4943
1154	7138	2198	4940
1155	7011	2114	4897
1156	7213	2273	4940
1157	7514	2557	4957
1158	7204	2252	4952
1159	6943	2035	4908
1160	7298	2354	4944
1161	7369	2420	4949
1162	7124	2175	4949
1163	7015	2094	4921
1164	7198	2237	4961
1165	7386	2392	4994
1166	7247	2229	5018
1167	7157	2091	5066
1168	7471	2368	5103
1169	7490	2397	5093
1170	7177	2122	5055
1171	7433	2291	5142
1172	7698	2526	5172
1173	7575	2493	5082
1174	7326	2218	5108
1175	7101	2044	5057
1176	7364	2264	5100
1177	7513	2330	5183
1178	7280	2166	5114
1179	7084	1969	5115
1180	7291	2129	5162
1181	7453	2350	5103
1182	7384	2175	5209
1183	7381	2031	5350
1184	7567	2261	5306
1185	7610	2301	5309
1186	7534	2165	5369
1187	7329	2025	5304
1188	7404	2117	5287
1189	7668	2300	5368
1190	7575	2216	5359
1191	7454	2052	5402
1192	7657	2265	5392
1193	7725	2345	5380
1194	7502	2102	5400
1195	7373	1992	5381
1196	7587	2174	5413
1197	7869	2347	5522
1198	7629	2164	5465
1199	7622	2134	5488
1200	7982	2452	5530
1201	8073	2518	5555
1202	7712	2153	5559
1203	7603	2086	5517
1204	7886	2336	5550
1205	8214	2526	5688
1206	7905	2241	5664
1207	7591	2053	5538
1208	7653	2160	5493
1209	7817	2290	5527
1210	7824	2208	5616
1211	7703	2122	5581
1212	7829	2253	5576
1213	7990	2360	5630
1214	7744	2188	5556
1215	7642	2069	5573
1216	7819	2219	5600
1217	8020	2355	5665
1218	7849	2218	5631
1219	7760	2091	5669
1220	7974	2283	5691
1221	8193	2369	5824
1222	7981	2212	5769
1223	7792	2069	5723
1224	8004	2226	5778
1225	8132	2297	5835
1226	7902	2102	5800
1227	7766	1948	5818
1228	8222	2346	5876
1229	8344	2439	5905
1230	8051	2197	5854
1231	7953	2083	5870
1232	8225	2292	5933
1233	8241	2317	5924
1234	8048	2155	5893
1235	8099	2086	6013
1236	8460	2326	6134
1237	8516	2387	6129
1238	8340	2157	6183
1239	8142	1943	6199
1240	8384	2227	6157
1241	8597	2458	6139
1242	8343	2173	6170
1243	8153	2019	6134
1244	8442	2252	6190
1245	8633	2406	6227
1246	8469	2162	6307
1247	8444	2099	6345
1248	8652	2310	6342
1249	8635	2346	6289
1250	8504	2137	6367
1251	8459	2105	6354
1252	8585	2246	6339
1253	8651	2259	6392
1254	8535	2157	6378
1255	8429	2107	6322
1256	8738	2345	6393
1257	8776	2346	6430
1258	8573	2107	6466
1259	8466	2002	6464
1260	8707	2209	6498
1261	8812	2279	6533
1262	8912	2356	6556
1263	8628	2140	6488
1264	8787	2270	6517
1265	8863	2306	6557
1266	8754	2172	6582
1267	8667	2077	6590
1268	8852	2265	6587
1269	9016	2360	6656
1270	8759	2090	6669
1271	8688	2018	6670
1272	9643	2800	6843
1273	9469	2613	6856
1274	8961	2199	6762
1275	8882	2020	6862
1276	9026	2170	6856
1277	9233	2318	6915
1278	9077	2147	6930
1279	8870	2074	6796
1280	9219	2336	6883
1281	9304	2322	6982
1282	9246	2231	7015
1283	9098	2074	7024
1284	9303	2231	7072
1285	9369	2338	7031
1286	9174	2148	7026
1287	9141	2081	7060
1288	9456	2294	7162
1289	9566	2413	7153
1290	9371	2223	7148
1291	9259	2090	7169
1292	9588	2336	7252
1293	9611	2376	7235
1294	9331	2080	7251
1295	9198	1955	7243
1296	9950	2609	7341
1297	10079	2672	7407
1298	9629	2230	7399
1299	9584	2150	7434
1300	9675	2297	7378
1301	9840	2380	7460
1302	9731	2168	7563
1303	9541	2037	7504
1304	9861	2322	7539
1305	10050	2461	7589
1306	9838	2209	7629
1307	9815	2127	7688
1308	10047	2318	7729
1309	10132	2473	7659
1310	9931	2231	7700
1311	9827	2073	7754
1312	10208	2328	7880
1313	10240	2314	7926
1314	10198	2227	7971
1315	10119	2166	7953
1316	10305	2337	7968
1317	10314	2354	7960
1318	10182	2142	8040
1319	10051	2012	8039
1320	10324	2251	8073
1321	10614	2486	8128
1322	10333	2199	8134
1323	10003	1991	8012
1324	10258	2188	8070
1325	10374	2234	8140
1326	10371	2101	8270
1327	10299	1996	8303
1328	10529	2259	8270
1329	10766	2421	8345
1330	10497	2224	8273
1331	10229	2001	8228
1332	10469	2165	8304
1333	10714	2371	8343
1334	10572	2163	8409
1335	10439	2014	8425
1336	10603	2263	8340
1337	10742	2353	8389
1338	10678	2162	8516
1339	10488	2013	8475
1340	10721	2250	8471
1341	10939	2383	8556
1342	10770	2153	8617
1343	10625	2021	8604
1344	10750	2208	8542
1345	10983	2338	8645
1346	10977	2301	8676
1347	10796	2147	8649
1348	10886	2204	8682
1349	10932	2270	8662
1350	10757	2116	8641
1351	10690	1973	8717
1352	11190	2397	8793
1353	11132	2408	8724
1354	10858	2075	8783
1355	10905	2037	8868
1356	11185	2233	8952
1357	11267	2295	8972
1358	11299	2268	9031
1359	11258	2216	9042
1360	11236	2270	8966
1361	11270	2333	8937
1362	11079	2169	8910
1363	11046	2027	9019
1364	11334	2304	9030
1365	11406	2417	8989
1366	11402	2244	9158
1367	11200	2075	9125
1368	11322	2308	9014
1369	11558	2392	9166
1370	11457	2208	9249
1371	11252	2066	9186
1372	11445	2287	9158
1373	11648	2466	9182
1374	11498	2257	9241
1375	11300	2075	9225
1376	11466	2257	9209
1377	11495	2282	9213
1378	11464	2197	9267
1379	11395	2113	9282
1380	11419	2228	9191
1381	11543	2299	9244
1382	11403	2154	9249
1383	11236	2024	9212
1384	11478	2215	9263
1385	11673	2341	9332
1386	11504	2127	9377
1387	11360	2015	9345
1388	11877	2460	9417
1389	11928	2541	9387
1390	11570	2249	9321
1391	11478	2153	9325
1392	11617	2308	9309
1393	11695	2376	9319
1394	11495	2120	9375
1395	11359	1952	9407
1396	11654	2215	9439
1397	11843	2396	9447
1398	11665	2165	9500
1399	11721	2139	9582
1400	11802	2307	9495
1401	11785	2360	9425
1402	11533	2148	9385
1403	11697	2110	9587
1404	11894	2250	9644
1405	11973	2318	9655
1406	11826	2107	9719
1407	11725	2024	9701
1408	11806	2128	9678
1409	11974	2305	9669
1410	11949	2198	9751
1411	11896	2039	9857
1412	12098	2176	9922
1413	12157	2341	9816
1414	12071	2225	9846
1415	12038	2150	9888
1416	12254	2295	9959
1417	12258	2349	9909
1418	12222	2293	9929
1419	12050	2164	9886
1420	12156	2233	9923
1421	12327	2367	9960
1422	12178	2148	10030
1423	12060	2065	9995
1424	12433	2403	10030
1425	12566	2454	10112
1426	12259	2129	10130
1427	12098	1983	10115
1428	12454	2319	10135
1429	12513	2344	10169
1430	12273	2108	10165
1431	12121	2034	10087
1432	12274	2249	10025
1433	12439	2392	10047
1434	12350	2180	10170
1435	12270	2084	10186
1436	12551	2443	10108
1437	12579	2512	10067
1438	12307	2223	10084
1439	12191	2140	10051
1440	12562	2446	10116
1441	12548	2397	10151
1442	12173	2109	10064
1443	12009	2021	9988
1444	12513	2329	10184
1445	12565	2358	10207
1446	12197	2080	10117
1447	12053	1978	10075
1448	12316	2217	10099
1449	12268	2286	9982
1450	12208	2206	10002
1451	12128	2063	10065
1452	12280	2201	10079
1453	12290	2214	10076
1454	12009	2004	10005
1455	12006	1985	10021
1456	12281	2296	9985
1457	12274	2331	9943
1458	11986	2121	9865
1459	11889	1959	9930
1460	12281	2261	10020
1461	12355	2397	9958
1462	11956	2118	9838
1463	11996	2110	9886
1464	12082	2232	9850
1465	12121	2280	9841
1466	12176	2298	9878
1467	11905	2135	9770
1468	12037	2327	9710
1469	12261	2436	9825
1470	12033	2195	9838
1471	11861	2025	9836
1472	12098	2253	9845
1473	12135	2302	9833
1474	12038	2161	9877
1475	12022	2042	9980
1476	12296	2298	9998
1477	12337	2417	9920
1478	12019	2154	9865
1479	11953	2062	9891
1480	12015	2214	9801
1481	11977	2285	9692
1482	11955	2200	9755
1483	11949	2154	9795
1484	12263	2336	9927
1485	12382	2445	9937
1486	12212	2338	9874
1487	11945	2159	9786
1488	12053	2245	9808
1489	12189	2284	9905
1490	11973	2101	9872
1491	12205	2242	9963
1492	12312	2353	9959
1493	12080	2291	9789
1494	11812	2064	9748
1495	11728	2018	9710
1496	12089	2318	9771
1497	12156	2305	9851
1498	11914	2103	9811
1499	11779	1994	9785
1500	11974	2222	9752
1501	12126	2355	9771
1502	11942	2151	9791
1503	11906	2062	9844
1504	11918	2304	9614
1505	12056	2456	9600
1506	11935	2200	9735
1507	11711	2012	9699
1508	11746	2105	9641
1509	12110	2439	9671
1510	11857	2179	9678
1511	11552	1972	9580
1512	11830	2251	9579
1513	11921	2405	9516
1514	11829	2301	9528
1515	11574	2114	9460
1516	11872	2322	9550
1517	11888	2394	9494
1518	11730	2252	9478
1519	11462	2053	9409
1520	11775	2274	9501
1521	12045	2465	9580
1522	11859	2315	9544
1523	11541	2068	9473
1524	11506	2134	9372
1525	11814	2270	9544
1526	11652	2206	9446
1527	11471	2044	9427
1528	11550	2166	9384
1529	11629	2247	9382
1530	11454	2107	9347
1531	11380	2136	9244
1532	11574	2296	9278
1533	11623	2306	9317
1534	11511	2175	9336
1535	11455	2154	9301
1536	11441	2210	9231
1537	11603	2299	9304
1538	11566	2300	9266
1539	11490	2184	9306
1540	11703	2368	9335
1541	11654	2379	9275
1542	11599	2361	9238
1543	11534	2322	9212
1544	11446	2292	9154
1545	11370	2247	9123
1546	11157	2061	9096
1547	11092	2033	9059
1548	11414	2243	9171
1549	11476	2313	9163
1550	11255	2150	9105
1551	10990	1977	9013
1552	11417	2319	9098
1553	11578	2463	9115
1554	11188	2154	9034
1555	11081	2036	9045
1556	11207	2200	9007
1557	11369	2400	8969
1558	11030	2116	8914
1559	10932	2015	8917
1560	11079	2189	8890
1561	11354	2367	8987
1562	11239	2203	9036
1563	11059	2081	8978
1564	11051	2246	8805
1565	11085	2315	8770
1566	11002	2139	8863
1567	10866	2042	8824
1568	11301	2508	8793
1569	11377	2518	8859
1570	10858	2146	8712
1571	10702	2057	8645
1572	11951	3058	8893
1573	11565	2799	8766
1574	10730	2133	8597
1575	10703	2062	8641
1576	11191	2509	8682
1577	11044	2439	8605
1578	10720	2207	8513
1579	10773	2216	8557
1580	10898	2302	8596
1581	10850	2346	8504
1582	10592	2127	8465
1583	10531	2033	8498
1584	10565	2122	8443
1585	10560	2239	8321
1586	10428	2171	8257
1587	10319	2067	8252
1588	10531	2220	8311
1589	10713	2381	8332
1590	10525	2170	8355
1591	10231	1989	8242
1592	10404	2234	8170
1593	10486	2261	8225
1594	10338	2120	8218
1595	10363	2194	8169
1596	11011	2696	8315
1597	10781	2516	8265
1598	10413	2152	8261
1599	10296	2026	8270
1600	10516	2244	8272
1601	10489	2249	8240
1602	10321	2207	8114
1603	10293	2145	8148
1604	10386	2260	8126
1605	10309	2272	8037
1606	10326	2125	8201
1607	10396	2095	8301
1608	10559	2274	8285
1609	10404	2256	8148
1610	10164	2083	8081
1611	10183	2013	8170
1612	10511	2271	8240
1613	10414	2307	8107
1614	10286	2220	8066
1615	10120	2033	8087
1616	10414	2270	8144
1617	10535	2351	8184
1618	10443	2306	8137
1619	10357	2183	8174
1620	10560	2339	8221
1621	10632	2390	8242
1622	10235	2134	8101
1623	10099	2042	8057
1624	10558	2442	8116
1625	10533	2469	8064
1626	10249	2191	8058
1627	10061	2054	8007
1628	10617	2492	8125
1629	10808	2581	8227
1630	10240	2218	8022
1631	9953	1995	7958
1632	10396	2306	8090
1633	10437	2322	8115
1634	10173	2166	8007
1635	9970	2055	7915
1636	10236	2212	8024
1637	10327	2242	8085
1638	10142	2081	8061
1639	10019	2059	7960
1640	10483	2437	8046
1641	10521	2474	8047
1642	10221	2254	7967
1643	9933	2024	7909
1644	10087	2165	7922
1645	10141	2255	7886
1646	10038	2163	7875
1647	9786	2027	7759
1648	10162	2276	7886
1649	10241	2355	7886
1650	10055	2121	7934
1651	9918	2017	7901
1652	10133	2259	7874
1653	10105	2327	7778
1654	9830	2061	7769
1655	9909	2007	7902
1656	10060	2175	7885
1657	9971	2188	7783
1658	9942	2117	7825
1659	9857	2056	7801
1660	10113	2347	7766
1661	10416	2551	7865
1662	10099	2251	7848
1663	9867	2063	7804
1664	10182	2282	7900
1665	10244	2343	7901
1666	9988	2205	7783
1667	9942	2147	7795
1668	9922	2264	7658
1669	9948	2311	7637
1670	9953	2189	7764
1671	9925	2143	7782
1672	10030	2273	7757
1673	10069	2308	7761
1674	9901	2139	7762
1675	9809	1986	7823
1676	10095	2191	7904
1677	10136	2302	7834
1678	10056	2173	7883
1679	9920	2052	7868
1680	10176	2358	7818
1681	10252	2458	7794
1682	9978	2202	7776
1683	9842	2014	7828
1684	10261	2324	7937
1685	10301	2361	7940
1686	9855	2076	7779
1687	9940	2102	7838
1688	10066	2248	7818
1689	9988	2261	7727
1690	10011	2155	7856
1691	9946	2074	7872
1692	10065	2336	7729
1693	10037	2333	7704
1694	9821	2066	7755
1695	9815	2042	7773
1696	10043	2237	7806
1697	10053	2314	7739
1698	9828	2162	7666
1699	9846	2089	7757
1700	10170	2376	7794
1701	10386	2466	7920
1702	10079	2141	7938
1703	9884	2063	7821
1704	9969	2210	7759
1705	10021	2312	7709
1706	9904	2129	7775
1707	9811	2072	7739
1708	10028	2344	7684
1709	10201	2505	7696
1710	10175	2361	7814
1711	9994	2130	7864
1712	10139	2292	7847
1713	10311	2412	7899
1714	10068	2185	7883
1715	9856	1974	7882
1716	10046	2193	7853
1717	10104	2306	7798
1718	9995	2158	7837
1719	10022	2093	7929
1720	10226	2338	7888
1721	10165	2343	7822
1722	10097	2160	7937
1723	9963	2043	7920
1724	10243	2302	7941
1725	10396	2405	7991
1726	10079	2173	7906
1727	9976	2048	7928
1728	10012	2082	7930
1729	10208	2320	7888
1730	10086	2142	7944
1731	10043	2064	7979
1732	10252	2251	8001
1733	10330	2257	8073
1734	10110	2084	8026
1735	9887	1949	7938
1736	10110	2124	7986
1737	10416	2349	8067
1738	10418	2275	8143
1739	10230	2099	8131
1740	10327	2237	8090
1741	10401	2307	8094
1742	10210	2191	8019
1743	10143	2101	8042
1744	10253	2223	8030
1745	10341	2265	8076
1746	10182	2116	8066
1747	10288	2092	8196
1748	10469	2240	8229
1749	10420	2309	8111
1750	10183	2116	8067
1751	10145	1960	8185
1752	10369	2179	8190
1753	10534	2349	8185
1754	10371	2187	8184
1755	10191	2007	8184
1756	10404	2250	8154
1757	10493	2339	8154
1758	10347	2144	8203
1759	10089	1993	8096
1760	10263	2183	8080
1761	10414	2227	8187
1762	10334	2138	8196
1763	10182	2017	8165
1764	10431	2287	8144
1765	10610	2379	8231
1766	10339	2114	8225
1767	10195	2032	8163
1768	10378	2155	8223
1769	10484	2246	8238
1770	10377	2155	8222
1771	10417	2132	8285
1772	10680	2307	8373
1773	10764	2430	8334
1774	10600	2337	8263
1775	10434	2098	8336
1776	10603	2229	8374
1777	10686	2289	8397
1778	10359	2060	8299
1779	10216	1953	8263
1780	10557	2130	8427
1781	10668	2246	8422
1782	10559	2244	8315
1783	10418	2097	8321
1784	10540	2126	8414
1785	10837	2362	8475
1786	10816	2249	8567
1787	10484	1998	8486
1788	10682	2225	8457
1789	10797	2359	8438
1790	10728	2239	8489
1791	10529	2057	8472
1792	10656	2142	8514
1793	10951	2371	8580
1794	10733	2126	8607
1795	10476	1983	8493
1796	10790	2252	8538
1797	10961	2338	8623
1798	10823	2241	8582
1799	10732	2159	8573
1800	10900	2333	8567
1801	10917	2324	8593
1802	10622	2066	8556
1803	10578	2004	8574
1804	10763	2185	8578
1805	11262	2514	8748
1806	10977	2213	8764
1807	10620	1967	8653
1808	10918	2214	8704
1809	10928	2188	8740
1810	10823	2083	8740
1811	10730	2017	8713
1812	10861	2118	8743
1813	11134	2394	8740
1814	11022	2299	8723
1815	10851	2067	8784
1816	11124	2351	8773
1817	11241	2450	8791
1818	11087	2248	8839
1819	10779	2030	8749
1820	10825	2136	8689
1821	10995	2241	8754
1822	10962	2161	8801
1823	10796	1999	8797
1824	10971	2215	8756
1825	11173	2336	8837
1826	10917	2106	8811
1827	10980	2105	8875
1828	11456	2520	8936
1829	11282	2415	8867
1830	11075	2194	8881
1831	10812	2031	8781
1832	11107	2285	8822
1833	11133	2342	8791
1834	10835	2104	8731
1835	10777	1971	8806
1836	10963	2166	8797
1837	11113	2306	8807
1838	11092	2292	8800
1839	10817	2106	8711
1840	10999	2180	8819
1841	11110	2233	8877
1842	10829	2075	8754
1843	10758	1997	8761
1844	10939	2168	8771
1845	10959	2315	8644
1846	10808	2072	8736
1847	10659	1994	8665
1848	10829	2159	8670
1849	10913	2239	8674
1850	10731	2124	8607
1851	10710	2017	8693
1852	10847	2133	8714
1853	10853	2247	8606
1854	10858	2161	8697
1855	10590	2009	8581
1856	10852	2234	8618
1857	11037	2360	8677
1858	10763	2160	8603
1859	10577	2014	8563
1860	10771	2169	8602
1861	10895	2300	8595
1862	10677	2119	8558
1863	10469	1957	8512
1864	10703	2235	8468
1865	11071	2521	8550
1866	10566	2160	8406
1867	10297	1921	8376
1868	10609	2210	8399
1869	10727	2370	8357
1870	10441	2051	8390
1871	10282	1934	8348
1872	10708	2306	8402
1873	10633	2293	8340
1874	10157	1940	8217
1875	9967	1820	8147
1876	10588	2341	8247
1877	10621	2409	8212
1878	10240	2036	8204
1879	9980	1889	8091
1880	10435	2314	8121
1881	10591	2423	8168
1882	10161	2063	8098
1883	9969	1917	8052
1884	10251	2234	8017
1885	10268	2308	7960
1886	9844	1990	7854
1887	9758	1856	7902
1888	10276	2292	7984
1889	10385	2438	7947
1890	10017	2153	7864
1891	9841	1949	7892
1892	10135	2254	7881
1893	10233	2284	7949
1894	9909	2041	7868
1895	9718	1898	7820
1896	10142	2217	7925
1897	10254	2354	7900
1898	9886	2105	7781
1899	9691	1922	7769
1900	10016	2168	7848
1901	10143	2272	7871
1902	9897	2062	7835
1903	9625	1883	7742
1904	9764	2078	7686
1905	9856	2216	7640
1906	9714	2002	7712
1907	9633	1924	7709
1908	9816	2209	7607
1909	9934	2355	7579
1910	9765	2070	7695
1911	9575	1910	7665
1912	9772	2144	7628
1913	9887	2329	7558
1914	9726	2219	7507
1915	9691	2177	7514
1916	9779	2364	7415
1917	9732	2383	7349
1918	9423	2140	7283
1919	9225	1946	7279
1920	9510	2230	7280
1921	9631	2346	7285
1922	9323	2022	7301
1923	9319	1962	7357
1924	9600	2286	7314
1925	9444	2267	7177
1926	9144	1998	7146
1927	9198	1989	7209
1928	9526	2267	7259
1929	9676	2443	7233
1930	9310	2060	7250
1931	9026	1881	7145
1932	9222	2208	7014
1933	9320	2278	7042
1934	9008	2023	6985
1935	8861	1941	6920
1936	8980	2163	6817
1937	9352	2470	6882
1938	9102	2185	6917
1939	8700	1865	6835
1940	8969	2144	6825
1941	9089	2326	6763
1942	8876	2121	6755
1943	8592	1897	6695
1944	8816	2131	6685
1945	9026	2303	6723
1946	8668	2059	6609
1947	8411	1905	6506
1948	8795	2223	6572
1949	8930	2332	6598
1950	8591	2076	6515
1951	8466	1941	6525
1952	8815	2238	6577
1953	8915	2319	6596
1954	8706	2132	6574
1955	8367	1926	6441
1956	8526	2125	6401
1957	8637	2281	6356
1958	8337	2030	6307
1959	8346	2026	6320
1960	8672	2272	6400
1961	8644	2278	6366
1962	8368	2014	6354
1963	8114	1875	6239
1964	8326	2089	6237
1965	8521	2305	6216
1966	8338	2100	6238
1967	8267	1978	6289
1968	8495	2269	6226
1969	8508	2363	6145
1970	8208	2064	6144
1971	7963	1856	6107
1972	8052	2005	6047
1973	8312	2309	6003
1974	7984	2056	5928
1975	7769	1861	5908
1976	8048	2069	5979
1977	8449	2330	6119
1978	8280	2213	6067
1979	8027	2045	5982
1980	8394	2303	6091
1981	8447	2376	6071
1982	8035	2127	5908
1983	7832	1952	5880
1984	8095	2213	5882
1985	8423	2500	5923
1986	8146	2212	5934
1987	7721	1866	5855
1988	7965	2095	5870
1989	8294	2406	5888
1990	7836	2098	5738
1991	7659	1955	5704
1992	8072	2269	5803
1993	8186	2412	5774
1994	7762	2043	5719
1995	7626	1881	5745
1996	7769	2150	5619
1997	7907	2279	5628
1998	7608	1977	5631
1999	7501	1911	5590
2000	7871	2193	5678
2001	7892	2283	5609
2002	7522	1962	5560
2003	7657	1961	5696
2004	7939	2300	5639
2005	8016	2404	5612
2006	7575	2103	5472
2007	7353	1933	5420
2008	7846	2336	5510
2009	7906	2403	5503
2010	7896	2368	5528
2011	7595	2161	5434
2012	7672	2238	5434
2013	7916	2391	5525
2014	7618	2108	5510
2015	7256	1880	5376
2016	7527	2193	5334
2017	7691	2320	5371
2018	7401	2032	5369
2019	7185	1874	5311
2020	7518	2167	5351
2021	7786	2362	5424
2022	7398	2027	5371
2023	7323	1923	5400
2024	7647	2276	5371
2025	7625	2321	5304
2026	7504	2122	5382
2027	7433	2044	5389
2028	7507	2211	5296
2029	7579	2242	5337
2030	7372	2010	5362
2031	7256	1919	5337
2032	7606	2244	5362
2033	7655	2336	5319
2034	7650	2292	5358
2035	7317	2033	5284
2036	7363	2184	5179
2037	7773	2442	5331
2038	7460	2103	5357
2039	7270	1936	5334
2040	7413	2190	5223
2041	7496	2283	5213
2042	7249	2079	5170
2043	7094	1904	5190
2044	7470	2227	5243
2045	7803	2491	5312
2046	7420	2148	5272
2047	7026	1878	5148
2048	7341	2172	5169
2049	7511	2325	5186
2050	7225	2010	5215
2051	7145	1887	5258
2052	7480	2273	5207
2053	7617	2439	5178
2054	7298	2099	5199
2055	7139	1948	5191
2056	7450	2271	5179
2057	7402	2255	5147
2058	7117	1942	5175
2059	7048	1876	5172
2060	7374	2168	5206
2061	7573	2345	5228
2062	7290	2074	5216
2063	7319	2072	5247
2064	7594	2349	5245
2065	7559	2313	5246
2066	7255	1982	5273
2067	7071	1870	5201
2068	7523	2300	5223
2069	7717	2453	5264
2070	7237	2076	5161
2071	7072	1924	5148
2072	7436	2185	5251
2073	7723	2486	5237
2074	7430	2196	5234
2075	7125	1857	5268
2076	7369	2133	5236
2077	7563	2317	5246
2078	7569	2285	5284
2079	7191	2023	5168
2080	7282	2121	5161
2081	7471	2182	5289
2082	7254	2007	5247
2083	7087	1883	5204
2084	7562	2307	5255
2085	7570	2324	5246
2086	7168	1988	5180
2087	7007	1803	5204
2088	7228	2074	5154
2089	7370	2210	5160
2090	7230	1967	5263
2091	7187	1863	5324
2092	7463	2158	5305
2093	7569	2281	5288
2094	7330	2062	5268
2095	7053	1860	5193
2096	7381	2125	5256
2097	7569	2263	5306
2098	7424	2111	5313
2099	7555	2154	5401
2100	7672	2297	5375
2101	7620	2316	5304
2102	7324	2016	5308
2103	7196	1831	5365
2104	7411	2057	5354
2105	7590	2229	5361
2106	7373	1973	5400
2107	7256	1858	5398
2108	7756	2262	5494
2109	7809	2344	5465
2110	7616	2120	5496
2111	7426	1914	5512
2112	7620	2151	5469
2113	7900	2404	5496
2114	7667	2152	5515
2115	7367	1922	5445
2116	7676	2135	5541
2117	7929	2320	5609
2118	7658	2067	5591
2119	7555	1984	5571
2120	7727	2191	5536
2121	7923	2333	5590
2122	7769	2131	5638
2123	7504	1937	5567
2124	7741	2165	5576
2125	7963	2401	5562
2126	7684	2083	5601
2127	7475	1840	5635
2128	7666	2177	5489
2129	7889	2336	5553
2130	7783	2061	5722
2131	7492	1871	5621
2132	7765	2125	5640
2133	7994	2301	5693
2134	7644	2011	5633
2135	7482	1827	5655
2136	7720	2095	5625
2137	8077	2375	5702
2138	7817	2100	5717
2139	7478	1865	5613
2140	7747	2213	5534
2141	7925	2307	5618
2142	7751	2046	5705
2143	7731	1954	5777
2144	7858	2122	5736
2145	7950	2302	5648
2146	7742	2121	5621
2147	7539	1903	5636
2148	7825	2157	5668
2149	7868	2275	5593
2150	7750	2101	5649
2151	7529	1889	5640
2152	7955	2262	5693
2153	8355	2582	5773
2154	7908	2172	5736
2155	7665	1934	5731
2156	8039	2277	5762
2157	8055	2315	5740
2158	7568	1961	5607
2159	7510	1896	5614
2160	7771	2135	5636
2161	8120	2388	5732
2162	8010	2278	5732
2163	7660	1983	5677
2164	7740	2129	5611
2165	7972	2324	5648
2166	7740	2082	5658
2167	7492	1877	5615
2168	7673	2095	5578
2169	7715	2255	5460
2170	7754	2172	5582
2171	7476	1900	5576
2172	7583	2094	5489
2173	7829	2288	5541
2174	7610	2034	5576
2175	7578	1988	5590
2176	7775	2218	5557
2177	7791	2255	5536
2178	7711	2194	5517
2179	7591	2096	5495
2180	7725	2243	5482
2181	7753	2322	5431
2182	7553	2066	5487
2183	7327	1872	5455
2184	7656	2199	5457
2185	8025	2479	5546
2186	7592	2172	5420
2187	7406	2019	5387
2188	7639	2180	5459
2189	7656	2259	5397
2190	7305	2017	5288
2191	7351	1973	5378
2192	7679	2247	5432
2193	7644	2363	5281
2194	7259	2049	5210
2195	7078	1853	5225
2196	7354	2105	5249
2197	7632	2366	5266
2198	7325	2103	5222
2199	7122	1910	5212
2200	7585	2352	5233
2201	7543	2363	5180
2202	7280	2119	5161
2203	7100	1937	5163
2204	7213	2047	5166
2205	7307	2231	5076
2206	7098	2028	5070
2207	7112	1952	5160
2208	7187	2173	5014
2209	7179	2279	4900
2210	7006	2047	4959
2211	6985	1988	4997
2212	7089	2158	4931
2213	7280	2297	4983
2214	6939	2087	4852
2215	6618	1854	4764
2216	6940	2106	4834
2217	7131	2286	4845
2218	6836	2021	4815
2219	6610	1845	4765
2220	6849	2073	4776
2221	7099	2265	4834
2222	6810	2041	4769
2223	6498	1815	4683
2224	6774	2129	4645
2225	6876	2227	4649
2226	6835	2137	4698
2227	6736	1987	4749
2228	6881	2181	4700
2229	6897	2288	4609
2230	6544	1993	4551
2231	6371	1843	4528
2232	6839	2290	4549
2233	6969	2489	4480
2234	6577	2146	4431
2235	6477	1974	4503
2236	6636	2140	4496
2237	6707	2331	4376
2238	6474	2164	4310
2239	6355	2033	4322
2240	6422	2177	4245
2241	6444	2214	4230
2242	6365	2104	4261
2243	6149	1913	4236
2244	6406	2131	4275
2245	6482	2298	4184
2246	6182	2049	4133
2247	6012	1869	4143
2248	6549	2328	4221
2249	6532	2352	4180
2250	6227	2183	4044
2251	6146	2014	4132
2252	6414	2273	4141
2253	6427	2322	4105
2254	6094	2003	4091
2255	6046	1957	4089
2256	6235	2203	4032
2257	6274	2326	3948
2258	6038	2056	3982
2259	5879	1939	3940
2260	6183	2217	3966
2261	6235	2282	3953
2262	6045	2112	3933
2263	5840	1956	3884
2264	5873	2122	3751
2265	5991	2239	3752
2266	5863	2025	3838
2267	5741	1907	3834
2268	5911	2130	3781
2269	5958	2163	3795
2270	5754	2008	3746
2271	5920	2088	3832
2272	6097	2289	3808
2273	6067	2324	3743
2274	5702	2052	3650
2275	5513	1863	3650
2276	5867	2196	3671
2277	6062	2344	3718
2278	5783	2141	3642
2279	5568	1945	3623
2280	5801	2133	3668
2281	6083	2350	3733
2282	5813	2148	3665
2283	5527	1967	3560
2284	5953	2361	3592
2285	5967	2399	3568
2286	5534	2009	3525
2287	5282	1865	3417
2288	5689	2182	3507
2289	6268	2705	3563
2290	5844	2385	3459
2291	5327	1926	3401
2292	5773	2311	3462
2293	5914	2474	3440
2294	5488	2092	3396
2295	5250	1877	3373
2296	5659	2222	3437
2297	5926	2462	3464
2298	5533	2113	3420
2299	5252	1972	3280
2300	5374	2097	3277
2301	5612	2240	3372
2302	5383	2019	3364
2303	5087	1851	3236
2304	5457	2164	3293
2305	5525	2288	3237
2306	5190	1971	3219
2307	5060	1854	3206
2308	5208	2103	3105
2309	5406	2301	3105
2310	5237	2049	3188
2311	5137	1941	3196
2312	5367	2138	3229
2313	5524	2274	3250
2314	5247	2023	3224
2315	4975	1892	3083
2316	5256	2160	3096
2317	5437	2285	3152
2318	5181	2070	3111
2319	4979	1893	3086
2320	5196	2087	3109
2321	5275	2206	3069
2322	5218	2093	3125
2323	5096	1949	3147
2324	5290	2176	3114
2325	5292	2232	3060
2326	5173	2077	3096
2327	5209	2057	3152
2328	5510	2328	3182
2329	5456	2370	3086
2330	5114	2113	3001
2331	4953	1909	3044
2332	5301	2228	3073
2333	5394	2350	3044
2334	5090	2116	2974
2335	5068	2037	3031
2336	5382	2279	3103
2337	5406	2342	3064
2338	5066	2024	3042
2339	4950	1920	3030
2340	5205	2185	3020
2341	5369	2292	3077
2342	5088	2042	3046
2343	4855	1861	2994
2344	5072	2093	2979
2345	5191	2174	3017
2346	5268	2141	3127
2347	5010	1919	3091
2348	5165	2106	3059
2349	5373	2356	3017
2350	5071	2088	2983
2351	4816	1863	2953
2352	5320	2316	3004
2353	5439	2447	2992
2354	5136	2112	3024
2355	4992	1959	3033
2356	5354	2303	3051
2357	5454	2386	3068
2358	5077	2064	3013
2359	4970	1941	3029
2360	5214	2149	3065
2361	5281	2222	3059
2362	5058	2066	2992
2363	4891	1937	2954
2364	5124	2118	3006
2365	5248	2222	3026
2366	5005	1957	3048
2367	4901	1811	3090
2368	5130	2102	3028
2369	5519	2401	3118
2370	5285	2170	3115
2371	4913	1898	3015
2372	5129	2107	3022
2373	5300	2251	3049
2374	5084	2023	3061
2375	4902	1880	3022
2376	5260	2169	3091
2377	5289	2215	3074
2378	5088	2032	3056
2379	5024	1956	3068
2380	5229	2186	3043
2381	5340	2277	3063
2382	5078	2018	3060
2383	4886	1867	3019
2384	5129	2111	3018
2385	5564	2417	3147
2386	5336	2177	3159
2387	4998	1897	3101
2388	5234	2186	3048
2389	5378	2284	3094
2390	5238	2072	3166
2391	5250	2027	3223
2392	5445	2250	3195
2393	5537	2395	3142
2394	5296	2099	3197
2395	4966	1860	3106
2396	5249	2117	3132
2397	5429	2320	3109
2398	5214	2113	3101
2399	5196	2022	3174
2400	5417	2253	3164
2401	5660	2395	3265
2402	5357	2081	3276
2403	5191	1954	3237
2404	5485	2253	3232
2405	5467	2294	3173
2406	5413	2189	3224
2407	5230	2042	3188
2408	5520	2345	3175
2409	5574	2350	3224
2410	5341	2076	3265
2411	5103	1915	3188
2412	5330	2139	3191
2413	5688	2403	3285
2414	5521	2193	3328
2415	5316	2025	3291
2416	5740	2457	3283
2417	5722	2457	3265
2418	5320	2081	3239
2419	5118	1896	3222
2420	5359	2149	3210
2421	5462	2257	3205
2422	5297	2021	3276
2423	5218	1916	3302
2424	5420	2127	3293
2425	5492	2255	3237
2426	5180	1956	3224
2427	5104	1873	3231
2428	5390	2121	3269
2429	5508	2172	3336
2430	5422	2052	3370
2431	5398	2031	3367
2432	5649	2234	3415
2433	5721	2331	3390
2434	5495	2089	3406
2435	5248	1908	3340
2436	5671	2281	3390
2437	5777	2379	3398
2438	5440	2119	3321
2439	5359	2063	3296
2440	5402	2161	3241
2441	5684	2363	3321
2442	5533	2136	3397
2443	5321	1962	3359
2444	5569	2229	3340
2445	5721	2376	3345
2446	5491	2113	3378
2447	5580	2062	3518
2448	5674	2227	3447
2449	5645	2301	3344
2450	5421	2064	3357
2451	5378	2008	3370
2452	5532	2210	3322
2453	5690	2331	3359
2454	5451	2078	3373
2455	5253	1932	3321
2456	5377	2098	3279
2457	5514	2220	3294
2458	5518	2165	3353
2459	5329	2000	3329
2460	5469	2133	3336
2461	5591	2256	3335
2462	5370	2040	3330
2463	5232	1885	3347
2464	5455	2167	3288
2465	5729	2421	3308
2466	5545	2193	3352
2467	5260	1967	3293
2468	5422	2193	3229
2469	5453	2239	3214
2470	5335	2072	3263
2471	5092	1896	3196
2472	5400	2161	3239
2473	5497	2294	3203
2474	5226	2003	3223
2475	5358	2133	3225
2476	5403	2296	3107
2477	5510	2279	3231
2478	5284	2086	3198
2479	5088	1931	3157
2480	5271	2143	3128
2481	5346	2220	3126
2482	5177	2025	3152
2483	4956	1841	3115
2484	5146	2045	3101
2485	5516	2342	3174
2486	5183	2093	3090
2487	5030	1982	3048
2488	5241	2177	3064
2489	5357	2260	3097
2490	5297	2126	3171
2491	4954	1933	3021
2492	5061	2123	2938
2493	5059	2115	2944
2494	4953	1953	3000
2495	4901	1946	2955
2496	4996	2086	2910
2497	5176	2258	2918
2498	5226	2211	3015
2499	4971	1979	2992
2500	5019	2104	2915
2501	5150	2269	2881
2502	4996	2055	2941
2503	4844	1921	2923
2504	4955	2132	2823
2505	4998	2235	2763
2506	4740	2031	2709
2507	4724	1961	2763
2508	5095	2298	2797
2509	5109	2368	2741
2510	4871	2098	2773
2511	4850	2027	2823
2512	5035	2233	2802
2513	5113	2331	2782
2514	4693	2015	2678
2515	4490	1833	2657
2516	4820	2171	2649
2517	5044	2375	2669
2518	5040	2214	2826
2519	4849	2054	2795
2520	5057	2311	2746
2521	5169	2421	2748
2522	4899	2144	2755
2523	4592	1916	2676
2524	4639	2061	2578
2525	4806	2267	2539
2526	4605	2060	2545
2527	4376	1825	2551
2528	4942	2311	2631
2529	4968	2368	2600
2530	4691	2079	2612
2531	4430	1912	2518
2532	4713	2241	2472
2533	4987	2352	2635
2534	4516	1987	2529
2535	4404	1932	2472
2536	4954	2467	2487
2537	4856	2436	2420
2538	4466	2018	2448
2539	4337	1984	2353
2540	4517	2178	2339
2541	4664	2301	2363
2542	4483	2041	2442
2543	4398	1946	2452
2544	4807	2332	2475
2545	4777	2377	2400
2546	4492	2103	2389
2547	4267	1923	2344
2548	4505	2207	2298
2549	4593	2268	2325
2550	4573	2225	2348
2551	4301	2029	2272
2552	4331	2070	2261
2553	4482	2223	2259
2554	4289	2007	2282
2555	4071	1861	2210
2556	4329	2138	2191
2557	4559	2286	2273
2558	4499	2136	2363
2559	4342	2002	2340
2560	4338	2148	2190
2561	4736	2441	2295
2562	4529	2203	2326
2563	4173	1986	2187
2564	4254	2143	2111
2565	4395	2210	2185
2566	4245	2011	2234
2567	4091	1854	2237
2568	4247	2052	2195
2569	4324	2165	2159
2570	4204	2007	2197
2571	4108	1954	2154
2572	4291	2224	2067
2573	4439	2329	2110
2574	4415	2218	2197
2575	4202	2032	2170
2576	4350	2240	2110
2577	4505	2377	2128
2578	4360	2245	2115
2579	4105	2053	2052
2580	4159	2157	2002
2581	4476	2387	2089
2582	4200	2141	2059
2583	3903	1925	1978
2584	4095	2125	1970
2585	4274	2285	1989
2586	4088	2128	1960
2587	3914	1948	1966
2588	4187	2196	1991
2589	4323	2334	1989
2590	4272	2217	2055
2591	4012	1992	2020
2592	4113	2100	2013
2593	4351	2335	2016
2594	4080	2095	1985
2595	3974	1968	2006
2596	4291	2273	2018
2597	4370	2368	2002
2598	4020	2032	1988
2599	3915	1868	2047
2600	4317	2230	2087
2601	4432	2356	2076
2602	4195	2143	2052
2603	4018	2050	1968
2604	4184	2217	1967
2605	4339	2301	2038
2606	4160	2157	2003
2607	3861	1972	1889
2608	4142	2234	1908
2609	4329	2310	2019
2610	4037	2084	1953
2611	3863	1914	1949
2612	4115	2122	1993
2613	4237	2278	1959
2614	3947	2025	1922
2615	4008	2045	1963
2616	4299	2303	1996
2617	4384	2392	1992
2618	4092	2109	1983
2619	3836	1920	1916
2620	4160	2160	2000
2621	4361	2371	1990
2622	4222	2197	2025
2623	4039	2012	2027
2624	4328	2284	2044
2625	4309	2342	1967
2626	3955	2045	1910
2627	3863	1943	1920
2628	4044	2135	1909
2629	4222	2309	1913
2630	4080	2097	1983
2631	3934	1956	1978
2632	4146	2212	1934
2633	4243	2280	1963
2634	4026	2034	1992
2635	3915	1929	1986
2636	4156	2194	1962
2637	4297	2323	1974
2638	4080	2068	2012
2639	3909	1885	2024
2640	4146	2160	1986
2641	4265	2259	2006
2642	3881	1962	1919
2643	3712	1772	1940
2644	4020	2057	1963
2645	4252	2305	1947
2646	4184	2183	2001
2647	3902	1977	1925
2648	4099	2226	1873
2649	4229	2346	1883
2650	3992	2079	1913
2651	3842	1912	1930
2652	4129	2209	1920
2653	4285	2341	1944
2654	4093	2133	1960
2655	3904	1943	1961
2656	4182	2171	2011
2657	4248	2267	1981
2658	3981	2027	1954
2659	3799	1864	1935
2660	4167	2206	1961
2661	4218	2283	1935
2662	3997	1994	2003
2663	3893	1888	2005
2664	4043	2113	1930
2665	4478	2453	2025
2666	4239	2155	2084
2667	3936	1942	1994
2668	4264	2265	1999
2669	4292	2305	1987
2670	4058	2075	1983
2671	3864	1948	1916
2672	4225	2235	1990
2673	4280	2293	1987
2674	4034	2065	1969
2675	3832	1869	1963
2676	4199	2223	1976
2677	4430	2378	2052
2678	4057	2011	2046
2679	3940	1934	2006
2680	4118	2198	1920
2681	4531	2505	2026
2682	4235	2172	2063
2683	3903	1938	1965
2684	4208	2227	1981
2685	4366	2343	2023
2686	4097	2063	2034
2687	4012	1974	2038
2688	4197	2162	2035
2689	4226	2218	2008
2690	3834	1931	1903
2691	3814	1975	1839
2692	4211	2234	1977
2693	4240	2243	1997
2694	3991	2056	1935
2695	3826	1896	1930
2696	4039	2125	1914
2697	4217	2256	1961
2698	4091	2157	1934
2699	3829	1937	1892
2700	4179	2225	1954
2701	4212	2328	1884
2702	3872	2014	1858
2703	3847	1952	1895
2704	4008	2160	1848
2705	4205	2373	1832
2706	4113	2193	1920
2707	4176	2145	2031
2708	4269	2288	1981
2709	4299	2344	1955
2710	3974	2093	1881
2711	3806	1961	1845
2712	4149	2262	1887
2713	4155	2385	1770
2714	3820	2055	1765
2715	3681	1872	1809
2716	4161	2266	1895
2717	4297	2397	1900
2718	4010	2077	1933
2719	3690	1849	1841
2720	4031	2180	1851
2721	4303	2358	1945
2722	3915	2046	1869
2723	3768	1961	1807
2724	3988	2207	1781
2725	4040	2267	1773
2726	3922	2117	1805
2727	3704	1914	1790
2728	3801	2124	1677
2729	4021	2275	1746
2730	3715	2006	1709
2731	3600	1925	1675
2732	4072	2332	1740
2733	4181	2427	1754
2734	3806	2101	1705
2735	3660	1995	1665
2736	3956	2250	1706
2737	4014	2401	1613
2738	3703	2085	1618
2739	3416	1842	1574
2740	3799	2182	1617
2741	4158	2438	1720
2742	3794	2125	1669
2743	3489	1875	1614
2744	3895	2210	1685
2745	4032	2380	1652
2746	3572	2012	1560
2747	3380	1858	1522
2748	3750	2198	1552
2749	3873	2284	1589
2750	3560	1971	1589
2751	3453	1832	1621
2752	3671	2120	1551
2753	3732	2261	1471
2754	3619	2092	1527
2755	3410	1898	1512
2756	3646	2150	1496
2757	3740	2268	1472
2758	3496	2037	1459
2759	3415	1936	1479
2760	3568	2115	1453
2761	3712	2291	1421
2762	3434	2007	1427
2763	3264	1843	1421
2764	3795	2292	1503
2765	3824	2343	1481
2766	3444	2061	1383
2767	3348	1936	1412
2768	3605	2206	1399
2769	3631	2262	1369
2770	3405	2044	1361
2771	3282	1866	1416
2772	3481	2133	1348
2773	3666	2270	1396
2774	3394	2012	1382
2775	3393	2041	1352
2776	3609	2284	1325
2777	3759	2407	1352
2778	3481	2122	1359
2779	3177	1911	1266
2780	3463	2195	1268
2781	3527	2222	1305
2782	3683	2286	1397
2783	3364	1997	1367
2784	7477	5297	2180
2785	5932	4072	1860
2786	3257	2029	1228
2787	3106	1860	1246
2788	3463	2147	1316
2789	3609	2287	1322
2790	3359	2086	1273
2791	3257	1978	1279
2792	3426	2142	1284
2793	3695	2356	1339
2794	3390	2071	1319
2795	3070	1859	1211
2796	3459	2204	1255
2797	3607	2362	1245
2798	3365	2081	1284
2799	3148	1917	1231
2800	3492	2237	1255
2801	3611	2314	1297
2802	3249	2030	1219
2803	3204	2006	1198
2804	3642	2356	1286
2805	3551	2351	1200
2806	3108	1989	1119
2807	3095	1932	1163
2808	3378	2162	1216
2809	3500	2254	1246
2810	3387	2143	1244
2811	3069	1891	1178
2812	3179	2091	1088
2813	3326	2186	1140
2814	3196	1973	1223
2815	3012	1902	1110
2816	3354	2193	1161
2817	3569	2369	1200
2818	3348	2106	1242
2819	3239	2030	1209
2820	3380	2209	1171
2821	3514	2312	1202
2822	3378	2141	1237
2823	3176	1966	1210
2824	3359	2178	1181
2825	3394	2234	1160
2826	3092	1951	1141
2827	2949	1839	1110
2828	3324	2190	1134
2829	3467	2319	1148
2830	3198	2018	1180
2831	3176	1961	1215
2832	3430	2208	1222
2833	3558	2333	1225
2834	3146	1996	1150
2835	3056	1939	1117
2836	3375	2231	1144
2837	3381	2277	1104
2838	3089	1967	1122
2839	3062	1903	1159
2840	3253	2146	1107
2841	3496	2359	1137
2842	3433	2203	1230
2843	3232	2005	1227
2844	3423	2257	1166
2845	3563	2416	1147
2846	3297	2184	1113
2847	3001	1923	1078
2848	3197	2132	1065
2849	3431	2375	1056
2850	3168	2087	1081
2851	3040	1949	1091
2852	3289	2183	1106
2853	3404	2297	1107
2854	3223	2082	1141
2855	3175	2009	1166
2856	3466	2321	1145
2857	3462	2394	1068
2858	3279	2150	1129
2859	3168	1983	1185
2860	3284	2120	1164
2861	3499	2320	1179
2862	3183	2025	1158
2863	3024	1878	1146
2864	3494	2338	1156
2865	3505	2360	1145
2866	3186	2030	1156
2867	3308	2092	1216
2868	3884	2590	1294
2869	3701	2417	1284
2870	3277	2052	1225
2871	3241	1982	1259
2872	3474	2227	1247
2873	3378	2300	1078
2874	3132	2001	1131
2875	3201	2007	1194
2876	3343	2194	1149
2877	3351	2240	1111
2878	3102	1959	1143
2879	2987	1824	1163
2880	3290	2139	1151
2881	3461	2330	1131
2882	3125	2034	1091
2883	3072	1961	1111
2884	3403	2273	1130
2885	3519	2357	1162
2886	3225	2042	1183
2887	3098	1916	1182
2888	3375	2166	1209
2889	3503	2280	1223
2890	3178	2034	1144
2891	2981	1885	1096
2892	3348	2233	1115
2893	3623	2395	1228
2894	3285	2056	1229
2895	3105	1951	1154
2896	3322	2188	1134
2897	3419	2305	1114
2898	3228	2095	1133
2899	3026	1891	1135
2900	3270	2119	1151
2901	3543	2364	1179
2902	3195	2071	1124
2903	2914	1836	1078
2904	3279	2150	1129
2905	3408	2273	1135
2906	3143	2027	1116
2907	3020	1919	1101
2908	3330	2224	1106
2909	3375	2290	1085
2910	2966	1955	1011
2911	2812	1803	1009
2912	3207	2123	1084
2913	3412	2313	1099
2914	3141	2093	1048
2915	2983	1884	1099
2916	3189	2119	1070
2917	3401	2333	1068
2918	3162	2066	1096
2919	2921	1897	1024
2920	3106	2141	965
2921	3236	2245	991
2922	3152	2107	1045
2923	2977	1897	1080
2924	3195	2127	1068
2925	3344	2346	998
2926	3204	2140	1064
2927	2970	1923	1047
2928	3181	2189	992
2929	3249	2257	992
2930	2989	1990	999
2931	2932	1900	1032
2932	3420	2305	1115
2933	3363	2346	1017
2934	3000	2052	948
2935	2808	1846	962
2936	3041	2056	985
2937	3387	2432	955
2938	3123	2123	1000
2939	2924	1919	1005
2940	3143	2157	986
2941	3241	2257	984
2942	3061	2100	961
2943	2803	1901	902
2944	3258	2299	959
2945	3295	2375	920
2946	2886	2010	876
2947	2786	1845	941
2948	3189	2237	952
2949	3210	2301	909
2950	2923	1995	928
2951	2773	1914	859
2952	2961	2117	844
2953	3190	2290	900
2954	2836	1951	885
2955	2726	1872	854
2956	3093	2225	868
2957	3098	2301	797
2958	2878	2078	800
2959	2639	1873	766
2960	2905	2178	727
2961	3139	2332	807
2962	3011	2115	896
2963	2867	1997	870
2964	3074	2227	847
2965	3068	2235	833
2966	2956	2089	867
2967	2719	1908	811
2968	2838	2101	737
2969	3130	2334	796
2970	2839	2012	827
2971	2687	1860	827
2972	2998	2157	841
2973	3026	2243	783
2974	2699	1979	720
2975	2601	1899	702
2976	3061	2280	781
2977	3061	2304	757
2978	2756	2031	725
2979	2638	1898	740
2980	2926	2217	709
2981	2946	2266	680
2982	2918	2180	738
2983	2808	2056	752
2984	2907	2184	723
2985	3111	2386	725
2986	2817	2089	728
2987	2595	1887	708
2988	2940	2179	761
2989	3034	2343	691
2990	2593	2019	574
2991	2455	1831	624
2992	2817	2114	703
2993	2994	2278	716
2994	2660	1978	682
2995	2542	1904	638
2996	3035	2249	786
2997	3178	2379	799
2998	2791	2011	780
2999	2571	1827	744
3000	2825	2178	647
3001	3139	2446	693
3002	2801	2068	733
3003	2535	1871	664
3004	2909	2225	684
3005	3038	2323	715
3006	2779	2077	702
3007	2544	1863	681
3008	2986	2248	738
3009	3224	2441	783
3010	2993	2240	753
3011	2786	2023	763
3012	2787	2121	666
3013	2872	2222	650
3014	2650	1974	676
3015	2552	1852	700
3016	2801	2141	660
3017	2930	2274	656
3018	2702	2036	666
3019	2507	1864	643
3020	2804	2163	641
3021	2940	2301	639
3022	2753	2054	699
3023	2576	1906	670
3024	2906	2214	692
3025	3007	2310	697
3026	2693	2050	643
3027	2469	1808	661
3028	2815	2133	682
3029	3013	2320	693
3030	2795	2086	709
3031	2590	1902	688
3032	2816	2117	699
3033	2990	2310	680
3034	2830	2116	714
3035	2596	1896	700
3036	2938	2227	711
3037	3110	2374	736
3038	2774	2055	719
3039	2540	1872	668
3040	2744	2073	671
3041	3063	2340	723
3042	2788	2105	683
3043	2440	1818	622
3044	2670	2062	608
3045	2932	2300	632
3046	2811	2086	725
3047	2530	1886	644
3048	2645	2029	616
3049	2796	2163	633
3050	2689	2040	649
3051	2570	1913	657
3052	2758	2117	641
3053	2815	2187	628
3054	2757	2049	708
3055	2610	1905	705
3056	2767	2104	663
3057	2883	2223	660
3058	2636	1983	653
3059	2451	1851	600
3060	2858	2202	656
3061	2933	2283	650
3062	2652	2002	650
3063	2466	1821	645
3064	2730	2057	673
3065	2890	2254	636
3066	2641	2035	606
3067	2522	1878	644
3068	2851	2162	689
3069	2941	2285	656
3070	2757	2042	715
3071	2777	2022	755
3072	2853	2135	718
3073	2925	2220	705
3074	2793	2055	738
3075	2556	1888	668
3076	2868	2190	678
3077	2965	2327	638
3078	2609	2013	596
3079	2596	1916	680
3080	2872	2232	640
3081	3172	2480	692
3082	2847	2124	723
3083	2497	1846	651
3084	2815	2188	627
3085	2971	2337	634
3086	2632	1975	657
3087	2471	1825	646
3088	2776	2180	596
3089	2945	2344	601
3090	2928	2178	750
3091	2649	1948	701
3092	2688	2097	591
3093	2950	2272	678
3094	2896	2113	783
3095	2674	1998	676
3096	2735	2179	556
3097	2949	2347	602
3098	2707	2075	632
3099	2483	1872	611
3100	2686	2136	550
3101	2891	2309	582
3102	2701	2084	617
3103	2490	1909	581
3104	2773	2200	573
3105	2903	2272	631
3106	2666	2021	645
3107	2538	1892	646
3108	2803	2145	658
3109	2857	2210	647
3110	2630	2015	615
3111	2568	1935	633
3112	2714	2080	634
3113	2810	2200	610
3114	2770	2193	577
3115	2511	1975	536
3116	2822	2228	594
3117	2995	2338	657
3118	2637	1987	650
3119	2363	1821	542
3120	2667	2099	568
3121	2911	2321	590
3122	2720	2101	619
3123	2527	1922	605
3124	2772	2173	599
3125	2950	2325	625
3126	2729	2133	596
3127	2499	1960	539
3128	2744	2211	533
3129	2836	2309	527
3130	2713	2108	605
3131	2562	1948	614
3132	2762	2177	585
3133	2835	2304	531
3134	2749	2125	624
3135	2562	1940	622
3136	2808	2199	609
3137	2802	2259	543
3138	2594	2050	544
3139	2410	1874	536
3140	2640	2102	538
3141	2673	2156	517
3142	2487	1942	545
3143	2454	1904	550
3144	2649	2113	536
3145	2837	2373	464
3146	2799	2236	563
3147	2681	2045	636
3148	2629	2094	535
3149	2778	2235	543
3150	2519	1992	527
3151	2423	1893	530
3152	2725	2157	568
3153	2909	2379	530
3154	2659	2109	550
3155	2509	1948	561
3156	2938	2372	566
3157	3007	2474	533
3158	2548	2035	513
3159	2345	1859	486
3160	2842	2246	596
3161	2975	2376	599
3162	2621	2061	560
3163	2448	1916	532
3164	2637	2123	514
3165	2737	2240	497
3166	2472	1982	490
3167	2334	1869	465
3168	2732	2219	513
3169	2818	2318	500
3170	2530	2023	507
3171	2374	1848	526
3172	2639	2136	503
3173	2828	2291	537
3174	2556	2025	531
3175	2363	1859	504
3176	2572	2065	507
3177	2772	2225	547
3178	2619	2068	551
3179	2462	1913	549
3180	2661	2151	510
3181	3089	2518	571
3182	2709	2183	526
3183	2393	1888	505
3184	2602	2103	499
3185	2699	2241	458
3186	2555	2050	505
3187	2368	1857	511
3188	2634	2100	534
3189	2744	2226	518
3190	2517	1995	522
3191	2394	1857	537
3192	2798	2255	543
3193	2847	2293	554
3194	2806	2170	636
3195	2467	1956	511
3196	2559	2084	475
3197	2945	2346	599
3198	2682	2048	634
3199	2367	1853	514
3200	2626	2180	446
3201	2820	2347	473
3202	2746	2184	562
3203	2458	1886	572
3204	2660	2122	538
3205	2894	2313	581
3206	2655	2146	509
3207	2431	1932	499
3208	2939	2329	610
3209	2953	2387	566
3210	2467	1935	532
3211	2401	1842	559
3212	2668	2130	538
3213	2747	2271	476
3214	2575	2039	536
3215	2357	1826	531
3216	2534	2030	504
3217	2708	2206	502
3218	2637	2081	556
3219	2459	1964	495
3220	2616	2141	475
3221	2743	2244	499
3222	2535	2025	510
3223	2348	1849	499
3224	2800	2247	553
3225	2949	2361	588
3226	2518	2008	510
3227	2311	1827	484
3228	2614	2116	498
3229	2784	2276	508
3230	2647	2119	528
3231	2482	1915	567
3232	2561	2052	509
3233	2780	2260	520
3234	2839	2236	603
3235	2589	2035	554
3236	2562	2074	488
3237	2821	2276	545
3238	2690	2170	520
3239	2347	1915	432
3240	2544	2124	420
3241	2696	2214	482
3242	2516	2001	515
3243	2492	1956	536
3244	2727	2181	546
3245	2802	2306	496
3246	2496	2041	455
3247	2394	1928	466
3248	2717	2206	511
3249	3058	2490	568
3250	2620	2094	526
3251	2322	1857	465
3252	2638	2129	509
3253	2735	2257	478
3254	2620	2051	569
3255	2429	1857	572
3256	2640	2133	507
3257	2779	2304	475
3258	2619	2119	500
3259	2316	1895	421
3260	2526	2174	352
3261	2653	2267	386
3262	2408	1963	445
3263	2334	1868	466
3264	2662	2204	458
3265	2778	2268	510
3266	2458	1949	509
3267	2247	1813	434
3268	2626	2177	449
3269	2845	2375	470
3270	2593	2113	480
3271	2435	1987	448
3272	2665	2222	443
3273	2665	2292	373
3274	2451	2045	406
3275	2365	1919	446
3276	2944	2391	553
3277	2935	2390	545
3278	2513	2016	497
3279	2345	1905	440
3280	2644	2208	436
3281	2731	2312	419
3282	2575	2039	536
3283	2420	1913	507
3284	2572	2095	477
3285	2720	2242	478
3286	2523	2034	489
3287	2403	1897	506
3288	2677	2230	447
3289	2656	2274	382
3290	3339	2771	568
3291	2952	2407	545
3292	2454	2048	406
3293	2569	2203	366
3294	2363	1998	365
3295	2279	1885	394
3296	2517	2107	410
3297	2557	2185	372
3298	2315	1984	331
3299	2259	1889	370
3300	2442	2063	379
3301	2600	2222	378
3302	2460	2035	425
3303	2230	1817	413
3304	2394	2030	364
3305	2453	2085	368
3306	2382	1974	408
3307	2260	1853	407
3308	2524	2011	513
3309	2533	2074	459
3310	2431	1978	453
3311	2295	1842	453
3312	2477	2034	443
3313	2470	2087	383
3314	2309	1946	363
3315	2321	1888	433
3316	2547	2098	449
3317	2539	2153	386
3318	2309	1934	375
3319	2376	1954	422
3320	2516	2103	413
3321	2463	2074	389
3322	2406	1954	452
3323	2270	1875	395
3324	2316	1952	364
3325	2530	2132	398
3326	2449	2034	415
3327	2286	1901	385
3328	2602	2147	455
3329	2857	2360	497
3330	2527	2050	477
3331	2398	1952	446
3332	2539	2154	385
3333	2532	2137	395
3334	2403	1954	449
3335	2279	1867	412
3336	2470	2102	368
3337	2600	2208	392
3338	2610	2164	446
3339	2411	1940	471
3340	2873	2330	543
3341	2767	2315	452
3342	2439	2028	411
3343	2374	1927	447
3344	2459	2035	424
3345	2713	2244	469
3346	2628	2154	474
3347	2453	2007	446
3348	2566	2105	461
3349	2542	2145	397
3350	2411	2008	403
3351	2260	1858	402
3352	2518	2109	409
3353	2740	2291	449
3354	2521	2060	461
3355	2355	1919	436
3356	2446	2052	394
3357	2418	2077	341
3358	2407	2034	373
3359	2274	1882	392
3360	2519	2084	435
3361	2693	2240	453
3362	2556	2085	471
3363	2299	1919	380
3364	2476	2118	358
3365	2588	2220	368
3366	2515	2062	453
3367	2512	2017	495
3368	2625	2173	452
3369	2700	2293	407
3370	2567	2057	510
3371	2403	1915	488
3372	2570	2136	434
3373	2697	2228	469
3374	2463	2004	459
3375	2384	1929	455
3376	2523	2123	400
3377	2436	2096	340
3378	2330	1941	389
3379	2823	2329	494
3380	2679	2229	450
3381	2493	2095	398
3382	2393	2002	391
3383	2267	1896	371
3384	2581	2180	401
3385	2711	2297	414
3386	2397	1979	418
3387	2209	1807	402
3388	2434	2030	404
3389	2491	2136	355
3390	2515	2106	409
3391	2277	1909	368
3392	2341	1977	364
3393	2680	2171	509
3394	2520	2037	483
3395	2488	2043	445
3396	2552	2148	404
3397	2496	2145	351
3398	2334	1951	383
3399	2197	1858	339
3400	2356	2018	338
3401	2503	2145	358
3402	2379	1993	386
3403	2245	1892	353
3404	2557	2167	390
3405	2624	2193	431
3406	2317	1941	376
3407	2317	1925	392
3408	2585	2174	411
3409	2693	2277	416
3410	2625	2151	474
3411	2303	1861	442
3412	2563	2157	406
3413	2547	2151	396
3414	2401	1983	418
3415	2308	1917	391
3416	2448	2061	387
3417	2452	2089	363
3418	2318	1931	387
3419	2169	1847	322
3420	2342	2033	309
3421	2546	2190	356
3422	2338	1957	381
3423	2117	1787	330
3424	2241	1922	319
3425	2533	2170	363
3426	2503	2073	430
3427	2329	1934	395
3428	2504	2088	416
3429	2559	2196	363
3430	2364	2047	317
3431	2161	1862	299
3432	2363	2017	346
3433	2464	2096	368
3434	2445	2094	351
3435	2322	1953	369
3436	2402	2023	379
3437	2497	2133	364
3438	2386	2010	376
3439	2310	1932	378
3440	2539	2161	378
3441	2470	2116	354
3442	2465	2077	388
3443	2346	1960	386
3444	2431	2055	376
3445	2434	2050	384
3446	2208	1843	365
3447	2194	1835	359
3448	2304	1972	332
3449	2470	2121	349
3450	2567	2092	475
3451	2368	1950	418
3452	2479	2098	381
3453	2486	2126	360
3454	2508	2097	411
3455	2305	1942	363
3456	2590	2176	414
3457	2636	2254	382
3458	2338	2008	330
3459	2204	1870	334
3460	2442	2089	353
3461	2613	2233	380
3462	2384	2025	359
3463	2143	1785	358
3464	2383	2033	350
3465	2528	2171	357
3466	2322	1958	364
3467	2160	1814	346
3468	2371	2053	318
3469	2529	2192	337
3470	2380	2010	370
3471	2273	1912	361
3472	2539	2165	374
3473	2647	2263	384
3474	2330	1973	357
3475	2149	1806	343
3476	2351	1984	367
3477	2497	2109	388
3478	2337	1932	405
3479	2152	1804	348
3480	2380	2007	373
3481	2452	2127	325
3482	2267	1961	306
3483	2142	1824	318
3484	2348	2021	327
3485	2503	2169	334
3486	2316	1957	359
3487	2275	1877	398
3488	3421	2025	1396
3489	3114	2144	970
3490	2300	1919	381
3491	2180	1812	368
3492	2399	2047	352
3493	2540	2175	365
3494	2948	2528	420
3495	2604	2196	408
3496	2477	2099	378
3497	2532	2198	334
3498	2439	2068	371
3499	2311	1983	328
3500	2399	2087	312
3501	2487	2216	271
3502	2339	2043	296
3503	2205	1868	337
3504	2406	2044	362
3505	2564	2156	408
3506	2415	2016	399
3507	2373	1982	391
3508	2542	2134	408
3509	2452	2123	329
3510	2367	2000	367
3511	2243	1876	367
3512	2462	2077	385
3513	2507	2162	345
3514	2342	2005	337
3515	2217	1879	338
3516	2370	2034	336
3517	2468	2113	355
3518	2435	2036	399
3519	2395	1997	398
3520	2320	1995	325
3521	2335	2063	272
3522	2440	2062	378
3523	2551	2121	430
3524	2531	2140	391
3525	2528	2165	363
3526	2486	2071	415
3527	2286	1947	339
3528	2474	2129	345
3529	2542	2216	326
3530	2339	2029	310
3531	2244	1924	320
3532	2306	2007	299
3533	2450	2140	310
3534	2271	1977	294
3535	2252	1945	307
3536	2469	2145	324
3537	2493	2173	320
3538	2285	1947	338
3539	2228	1841	387
3540	2398	2051	347
3541	2626	2248	378
3542	2473	2047	426
3543	2342	1952	390
3544	2448	2142	306
3545	2495	2194	301
3546	2409	2062	347
3547	2238	1897	341
3548	2699	2287	412
3549	2643	2276	367
3550	2292	1973	319
3551	2168	1889	279
3552	2484	2099	385
3553	2558	2161	397
3554	2386	2024	362
3555	2282	1924	358
3556	2420	2093	327
3557	2470	2163	307
3558	2282	1995	287
3559	2133	1886	247
3560	2478	2128	350
3561	2693	2288	405
3562	2373	2016	357
3563	2199	1891	308
3564	2444	2133	311
3565	2499	2194	305
3566	2339	2024	315
3567	2257	1953	304
3568	2637	2301	336
3569	2578	2263	315
3570	2443	2123	320
3571	2252	1928	324
3572	2470	2117	353
3573	2699	2339	360
3574	2327	2003	324
3575	2212	1896	316
3576	2293	1981	312
3577	2442	2148	294
3578	2261	1982	279
3579	2260	1896	364
3580	2391	2072	319
3581	2420	2119	301
3582	2468	2035	433
3583	2327	1930	397
3584	2531	2137	394
3585	2651	2259	392
3586	2382	2066	316
3587	2151	1871	280
3588	2487	2175	312
3589	2619	2282	337
3590	2419	2040	379
3591	2194	1864	330
3592	2521	2112	409
3593	2628	2246	382
3594	2472	2107	365
3595	2336	1990	346
3596	2511	2158	353
3597	2667	2303	364
3598	2435	2114	321
3599	2255	1951	304
3600	2516	2168	348
3601	2637	2297	340
3602	2425	2070	355
3603	2241	1908	333
3604	2435	2113	322
3605	2449	2152	297
3606	2463	2085	378
3607	2368	1995	373
3608	2421	2121	300
3609	2440	2126	314
3610	2424	2063	361
3611	2320	2022	298
3612	2594	2261	333
3613	2774	2397	377
3614	2449	2083	366
3615	2272	1945	327
3616	2355	2066	289
3617	2416	2130	286
3618	2281	2007	274
3619	2361	1995	366
3620	2500	2119	381
3621	2699	2323	376
3622	2680	2274	406
3623	2439	2044	395
3624	2474	2115	359
3625	2516	2183	333
3626	2603	2239	364
3627	2317	2023	294
3628	2360	2100	260
3629	2481	2195	286
3630	2443	2095	348
3631	2285	1936	349
3632	2489	2180	309
3633	2637	2328	309
3634	2484	2120	364
3635	2271	1881	390
3636	2390	2059	331
3637	2530	2212	318
3638	2544	2238	306
3639	2400	2100	300
3640	2487	2153	334
3641	2581	2240	341
3642	2334	2054	280
3643	2127	1870	257
3644	2322	2044	278
3645	2563	2229	334
3646	2467	2122	345
3647	2349	2022	327
3648	2588	2246	342
