index	original	background	difference
-----------------------------------------------------
1	2978	2270	708
2	2766	2116	650
3	2657	2044	613
4	2687	2105	582
5	2661	2099	562
6	2842	2188	654
7	2905	2181	724
8	2911	2211	700
9	2868	2187	681
10	2712	2005	707
11	2592	1971	621
12	2778	2099	679
13	2882	2229	653
14	2844	2194	650
15	2725	2039	686
16	2864	2140	724
17	2892	2176	716
18	2825	2107	718
19	2609	1926	683
20	2699	2002	697
21	2925	2159	766
22	2809	2077	732
23	2722	2013	709
24	2760	2131	629
25	2803	2168	635
26	2730	2058	672
27	2565	1903	662
28	2637	1972	665
29	2736	2072	664
30	2807	2063	744
31	2781	1997	784
32	2843	2089	754
33	2804	2100	704
34	2702	2012	690
35	2841	2087	754
36	2943	2155	788
37	2884	2153	731
38	2740	2068	672
39	2619	1954	665
40	2716	2025	691
41	2803	2114	689
42	2667	1998	669
43	2631	1945	686
44	2782	2051	731
45	2913	2199	714
46	2866	2142	724
47	2789	2041	748
48	2773	2047	726
49	2875	2151	724
50	2904	2186	718
51	2878	2143	735
52	2902	2127	775
53	3027	2234	793
54	2818	2052	766
55	2576	1875	701
56	2822	2058	764
57	3119	2280	839
58	2869	2054	815
59	2676	1922	754
60	2884	2063	821
61	3039	2243	796
62	2931	2164	767
63	2776	2021	755
64	2840	2109	731
65	2963	2182	781
66	2932	2090	842
67	2827	1992	835
68	2814	2051	763
69	2798	2063	735
70	2752	1976	776
71	2818	2063	755
72	3138	2306	832
73	3012	2208	804
74	2786	2047	739
75	2648	1906	742
76	2796	2013	783
77	2921	2144	777
78	2883	2082	801
79	2819	2072	747
80	2899	2128	771
81	3007	2190	817
82	2729	2011	718
83	2794	2009	785
84	2921	2097	824
85	2977	2181	796
86	2822	2098	724
87	2793	2044	749
88	2943	2110	833
89	2984	2187	797
90	2863	2098	765
91	3061	2177	884
92	3137	2279	858
93	2912	2130	782
94	2775	2024	751
95	2753	1960	793
96	2971	2140	831
97	3109	2264	845
98	2984	2123	861
99	2857	2050	807
100	2834	2087	747
101	2899	2148	751
102	2941	2098	843
103	2908	2061	847
104	3105	2265	840
105	3177	2350	827
106	3069	2206	863
107	2934	2063	871
108	2976	2158	818
109	3060	2221	839
110	2893	2111	782
111	3035	2180	855
112	3077	2219	858
113	2954	2120	834
114	2954	2096	858
115	2871	2086	785
116	2945	2138	807
117	3096	2219	877
118	2858	2070	788
119	2816	1995	821
120	2952	2083	869
121	2957	2129	828
122	2884	2053	831
123	2781	1936	845
124	2813	2038	775
125	2906	2099	807
126	2930	2078	852
127	2990	2113	877
128	3312	2384	928
129	3242	2322	920
130	2986	2133	853
131	2848	2017	831
132	3094	2189	905
133	3124	2193	931
134	2885	1992	893
135	2872	2010	862
136	3100	2176	924
137	3161	2223	938
138	3005	2091	914
139	3008	2096	912
140	2990	2061	929
141	3047	2109	938
142	3027	2162	865
143	2968	2085	883
144	3053	2154	899
145	3049	2139	910
146	3130	2160	970
147	3026	2084	942
148	2948	2075	873
149	3110	2253	857
150	3125	2220	905
151	2932	2036	896
152	3179	2212	967
153	3235	2287	948
154	3226	2212	1014
155	3165	2156	1009
156	3210	2290	920
157	3096	2200	896
158	2903	2042	861
159	2905	2020	885
160	3129	2178	951
161	3173	2231	942
162	2995	2099	896
163	3030	2099	931
164	3257	2268	989
165	3234	2255	979
166	3090	2151	939
167	3072	2068	1004
168	3182	2150	1032
169	3155	2214	941
170	3032	2131	901
171	3082	2107	975
172	3186	2198	988
173	3206	2230	976
174	2983	2057	926
175	3009	2050	959
176	3048	2112	936
177	3091	2157	934
178	3017	2075	942
179	3097	2075	1022
180	3335	2265	1070
181	3294	2267	1027
182	3226	2185	1041
183	2985	1994	991
184	3037	2102	935
185	3124	2187	937
186	3013	2071	942
187	2918	1982	936
188	3042	2081	961
189	3217	2226	991
190	3227	2222	1005
191	3203	2135	1068
192	3330	2245	1085
193	3272	2227	1045
194	3052	2107	945
195	3034	2043	991
196	3195	2188	1007
197	3239	2218	1021
198	3077	2093	984
199	3280	2185	1095
200	3350	2236	1114
201	3255	2226	1029
202	3218	2182	1036
203	3050	2061	989
204	3283	2264	1019
205	3272	2271	1001
206	3118	2110	1008
207	3034	2013	1021
208	3097	2062	1035
209	3281	2238	1043
210	3251	2182	1069
211	3085	2050	1035
212	3399	2293	1106
213	3309	2250	1059
214	3138	2096	1042
215	3064	2020	1044
216	3294	2237	1057
217	3337	2308	1029
218	3083	2053	1030
219	3156	2074	1082
220	3411	2330	1081
221	3375	2292	1083
222	3159	2151	1008
223	3138	2054	1084
224	3195	2148	1047
225	3477	2358	1119
226	3220	2141	1079
227	3188	2116	1072
228	3315	2261	1054
229	3396	2321	1075
230	3187	2141	1046
231	3050	2045	1005
232	3241	2205	1036
233	3575	2417	1158
234	3424	2271	1153
235	3188	2104	1084
236	3200	2137	1063
237	3347	2231	1116
238	3202	2143	1059
239	3193	2079	1114
240	3369	2193	1176
241	3548	2361	1187
242	3403	2238	1165
243	3416	2216	1200
244	3395	2226	1169
245	3310	2205	1105
246	3264	2139	1125
247	3231	2074	1157
248	3351	2233	1118
249	3485	2339	1146
250	3399	2195	1204
251	3147	2024	1123
252	3391	2227	1164
253	3408	2252	1156
254	3370	2209	1161
255	3337	2151	1186
256	3325	2214	1111
257	3338	2219	1119
258	3224	2049	1175
259	3161	2031	1130
260	3280	2137	1143
261	3367	2199	1168
262	3494	2243	1251
263	3385	2116	1269
264	3490	2250	1240
265	3406	2173	1233
266	3369	2120	1249
267	3321	2068	1253
268	3532	2285	1247
269	3584	2313	1271
270	3495	2231	1264
271	3588	2311	1277
272	3518	2253	1265
273	3329	2161	1168
274	3308	2123	1185
275	3445	2153	1292
276	3470	2200	1270
277	3433	2155	1278
278	3392	2098	1294
279	3339	2059	1280
280	3379	2124	1255
281	3446	2166	1280
282	3370	2114	1256
283	3347	2120	1227
284	3505	2281	1224
285	3547	2306	1241
286	3367	2075	1292
287	3253	1993	1260
288	3506	2218	1288
289	3669	2354	1315
290	3610	2285	1325
291	3356	2106	1250
292	3445	2144	1301
293	3602	2245	1357
294	3427	2115	1312
295	3337	2044	1293
296	3427	2161	1266
297	3441	2174	1267
298	3428	2122	1306
299	3364	2064	1300
300	3406	2160	1246
301	3438	2216	1222
302	3380	2076	1304
303	3423	2073	1350
304	3511	2175	1336
305	3497	2206	1291
306	3475	2183	1292
307	3401	2109	1292
308	3459	2141	1318
309	3704	2356	1348
310	3498	2144	1354
311	3313	1992	1321
312	3442	2106	1336
313	3566	2237	1329
314	3649	2280	1369
315	3612	2195	1417
316	3602	2240	1362
317	3506	2184	1322
318	3471	2118	1353
319	3507	2118	1389
320	3570	2189	1381
321	3598	2236	1362
322	3654	2205	1449
323	3510	2113	1397
324	3472	2157	1315
325	3630	2204	1426
326	3479	2084	1395
327	3372	2043	1329
328	3599	2243	1356
329	3748	2318	1430
330	3557	2181	1376
331	3401	2031	1370
332	3665	2238	1427
333	4974	2790	2184
334	4248	2433	1815
335	3577	2197	1380
336	3767	2356	1411
337	3750	2323	1427
338	3557	2147	1410
339	3486	2142	1344
340	3585	2240	1345
341	3697	2279	1418
342	3683	2257	1426
343	3616	2169	1447
344	3573	2154	1419
345	3687	2262	1425
346	3755	2242	1513
347	3485	2060	1425
348	3503	2138	1365
349	3675	2195	1480
350	3619	2161	1458
351	3624	2173	1451
352	3838	2417	1421
353	3706	2332	1374
354	3424	2099	1325
355	3486	2095	1391
356	3657	2210	1447
357	3725	2248	1477
358	3640	2193	1447
359	3465	2052	1413
360	3578	2136	1442
361	3656	2230	1426
362	3628	2241	1387
363	3571	2138	1433
364	3540	2126	1414
365	3615	2155	1460
366	3549	2074	1475
367	3432	1984	1448
368	3715	2229	1486
369	3798	2346	1452
370	3662	2246	1416
371	3599	2164	1435
372	3722	2261	1461
373	3757	2278	1479
374	3645	2154	1491
375	3745	2184	1561
376	3790	2259	1531
377	3814	2302	1512
378	3736	2250	1486
379	3598	2097	1501
380	3789	2273	1516
381	3730	2282	1448
382	3706	2205	1501
383	3560	2076	1484
384	3741	2244	1497
385	3878	2311	1567
386	3652	2190	1462
387	3605	2158	1447
388	3850	2340	1510
389	3865	2421	1444
390	3644	2228	1416
391	3576	2169	1407
392	3778	2281	1497
393	3668	2201	1467
394	3615	2274	1341
395	3609	2171	1438
396	3610	2155	1455
397	3714	2205	1509
398	3704	2158	1546
399	3550	2077	1473
400	3757	2225	1532
401	3783	2282	1501
402	3627	2141	1486
403	3662	2110	1552
404	3964	2337	1627
405	3805	2301	1504
406	3920	2399	1521
407	3706	2211	1495
408	3776	2285	1491
409	3712	2216	1496
410	3539	2073	1466
411	3618	2121	1497
412	3680	2209	1471
413	3689	2246	1443
414	3684	2190	1494
415	3620	2111	1509
416	3753	2255	1498
417	3700	2255	1445
418	3492	2093	1399
419	3418	2011	1407
420	3627	2126	1501
421	3662	2151	1511
422	3550	2083	1467
423	3818	2287	1531
424	3821	2313	1508
425	3767	2305	1462
426	3549	2060	1489
427	3463	1955	1508
428	3694	2199	1495
429	4012	2506	1506
430	3776	2261	1515
431	3615	2116	1499
432	3756	2306	1450
433	3952	2413	1539
434	3686	2174	1512
435	3484	2011	1473
436	3840	2298	1542
437	3882	2382	1500
438	3574	2126	1448
439	3463	2036	1427
440	3749	2277	1472
441	3770	2283	1487
442	3525	2021	1504
443	3591	2041	1550
444	3834	2240	1594
445	3970	2400	1570
446	3723	2214	1509
447	3535	2083	1452
448	3844	2331	1513
449	4053	2441	1612
450	3893	2258	1635
451	3605	2040	1565
452	3736	2208	1528
453	3894	2325	1569
454	3721	2178	1543
455	3589	2077	1512
456	3731	2235	1496
457	3926	2393	1533
458	3668	2170	1498
459	3638	2079	1559
460	3897	2340	1557
461	3870	2392	1478
462	3751	2230	1521
463	3497	1990	1507
464	3667	2155	1512
465	3853	2304	1549
466	3585	2071	1514
467	3552	1980	1572
468	3795	2246	1549
469	4017	2450	1567
470	3890	2344	1546
471	3591	2082	1509
472	3703	2211	1492
473	3923	2408	1515
474	3775	2226	1549
475	3500	1984	1516
476	3667	2156	1511
477	3880	2335	1545
478	3763	2212	1551
479	3451	2002	1449
480	3715	2247	1468
481	3940	2410	1530
482	3921	2347	1574
483	3739	2140	1599
484	3852	2247	1605
485	3806	2300	1506
486	3646	2144	1502
487	3468	1942	1526
488	3753	2208	1545
489	3914	2347	1567
490	3609	2082	1527
491	3463	1955	1508
492	3791	2259	1532
493	3937	2397	1540
494	3740	2161	1579
495	3700	2135	1565
496	3862	2339	1523
497	3873	2313	1560
498	3650	2131	1519
499	3436	1967	1469
500	3712	2202	1510
501	3880	2386	1494
502	3610	2139	1471
503	3570	2037	1533
504	3824	2264	1560
505	3870	2324	1546
506	3839	2251	1588
507	3689	2113	1576
508	3942	2380	1562
509	4060	2516	1544
510	3820	2279	1541
511	3643	2036	1607
512	3869	2281	1588
513	3979	2406	1573
514	3820	2275	1545
515	3859	2237	1622
516	3931	2312	1619
517	3856	2282	1574
518	3698	2160	1538
519	3738	2159	1579
520	3952	2387	1565
521	3914	2383	1531
522	3813	2237	1576
523	3773	2199	1574
524	3832	2307	1525
525	3987	2456	1531
526	3763	2197	1566
527	3518	1973	1545
528	3854	2235	1619
529	4002	2369	1633
530	3774	2143	1631
531	3516	1942	1574
532	3677	2162	1515
533	3819	2313	1506
534	3707	2173	1534
535	4481	2828	1653
536	4259	2717	1542
537	3897	2375	1522
538	3722	2168	1554
539	3626	2028	1598
540	3706	2178	1528
541	3909	2370	1539
542	3773	2162	1611
543	3523	1950	1573
544	3800	2234	1566
545	3960	2429	1531
546	3701	2188	1513
547	3607	2073	1534
548	3921	2312	1609
549	4214	2563	1651
550	3834	2222	1612
551	3494	2000	1494
552	4084	2520	1564
553	4111	2522	1589
554	3954	2302	1652
555	3737	2104	1633
556	3811	2268	1543
557	3863	2289	1574
558	3667	2069	1598
559	3615	2025	1590
560	3778	2214	1564
561	4138	2544	1594
562	3805	2238	1567
563	3547	1980	1567
564	3864	2236	1628
565	4005	2398	1607
566	3762	2184	1578
567	3635	2073	1562
568	3789	2285	1504
569	3896	2371	1525
570	3685	2136	1549
571	3514	1980	1534
572	3794	2241	1553
573	3937	2338	1599
574	3694	2131	1563
575	3513	1973	1540
576	3838	2202	1636
577	3882	2354	1528
578	3765	2198	1567
579	3731	2127	1604
580	3891	2321	1570
581	3983	2396	1587
582	3633	2157	1476
583	3490	1947	1543
584	3747	2172	1575
585	3800	2245	1555
586	3782	2208	1574
587	3648	2082	1566
588	3831	2260	1571
589	3982	2363	1619
590	3821	2189	1632
591	3553	2024	1529
592	3688	2151	1537
593	3834	2296	1538
594	3601	2036	1565
595	3562	1940	1622
596	3695	2161	1534
597	3914	2336	1578
598	3913	2267	1646
599	3646	2058	1588
600	3821	2229	1592
601	3915	2317	1598
602	3746	2196	1550
603	3667	2083	1584
604	3770	2193	1577
605	3760	2260	1500
606	3692	2101	1591
607	3623	1994	1629
608	3910	2273	1637
609	3878	2294	1584
610	3776	2141	1635
611	3668	2079	1589
612	3764	2242	1522
613	3935	2313	1622
614	3887	2229	1658
615	3656	2064	1592
616	3868	2240	1628
617	4031	2361	1670
618	3726	2113	1613
619	3574	2028	1546
620	4035	2443	1592
621	4048	2439	1609
622	3765	2189	1576
623	3659	2065	1594
624	3856	2217	1639
625	3937	2315	1622
626	3759	2175	1584
627	3648	2054	1594
628	3910	2311	1599
629	4015	2363	1652
630	3807	2176	1631
631	3589	2014	1575
632	3849	2250	1599
633	4064	2414	1650
634	4061	2380	1681
635	3798	2148	1650
636	4089	2372	1717
637	4107	2359	1748
638	3892	2174	1718
639	3717	2036	1681
640	3902	2214	1688
641	3951	2264	1687
642	3702	2039	1663
643	3765	2004	1761
644	3898	2186	1712
645	4006	2322	1684
646	4140	2373	1767
647	3995	2205	1790
648	4057	2321	1736
649	4063	2368	1695
650	3770	2042	1728
651	3682	1938	1744
652	4002	2300	1702
653	4125	2407	1718
654	3884	2197	1687
655	3706	2037	1669
656	3906	2181	1725
657	3991	2287	1704
658	3932	2169	1763
659	3741	1977	1764
660	3905	2136	1769
661	4217	2392	1825
662	3974	2214	1760
663	3619	1978	1641
664	3790	2122	1668
665	3940	2256	1684
666	3706	2066	1640
667	3696	2019	1677
668	3929	2229	1700
669	4014	2270	1744
670	3879	2097	1782
671	3737	1977	1760
672	3998	2234	1764
673	4171	2385	1786
674	4038	2258	1780
675	3908	2093	1815
676	3993	2204	1789
677	4039	2270	1769
678	3901	2115	1786
679	3869	2087	1782
680	4037	2237	1800
681	4004	2239	1765
682	3946	2148	1798
683	3793	1994	1799
684	4122	2302	1820
685	4333	2456	1877
686	4057	2169	1888
687	3894	2069	1825
688	3959	2219	1740
689	4116	2317	1799
690	4047	2189	1858
691	3920	2089	1831
692	4048	2251	1797
693	4196	2386	1810
694	3994	2103	1891
695	3899	2007	1892
696	4058	2159	1899
697	4066	2215	1851
698	3964	2130	1834
699	3929	2041	1888
700	4462	2502	1960
701	4388	2479	1909
702	4005	2170	1835
703	3890	2041	1849
704	4260	2369	1891
705	4311	2435	1876
706	4190	2281	1909
707	3900	2064	1836
708	4021	2237	1784
709	4238	2378	1860
710	4006	2112	1894
711	3917	1996	1921
712	4276	2353	1923
713	4424	2488	1936
714	4053	2108	1945
715	3959	2022	1937
716	4265	2301	1964
717	4349	2382	1967
718	4205	2246	1959
719	4054	2076	1978
720	4093	2193	1900
721	4265	2297	1968
722	4334	2288	2046
723	4129	2101	2028
724	4277	2248	2029
725	4394	2430	1964
726	4150	2209	1941
727	4041	2034	2007
728	4250	2197	2053
729	4292	2290	2002
730	4150	2152	1998
731	3994	2002	1992
732	4411	2428	1983
733	4477	2472	2005
734	4260	2216	2044
735	4174	2097	2077
736	4392	2303	2089
737	4468	2366	2102
738	4336	2232	2104
739	4185	2096	2089
740	4542	2402	2140
741	4561	2465	2096
742	4213	2136	2077
743	4061	2003	2058
744	4364	2263	2101
745	4449	2346	2103
746	4339	2237	2102
747	4199	2053	2146
748	4408	2230	2178
749	4484	2330	2154
750	4293	2158	2135
751	4180	2079	2101
752	4371	2301	2070
753	4401	2350	2051
754	4209	2113	2096
755	4033	1929	2104
756	4385	2268	2117
757	4696	2462	2234
758	4427	2261	2166
759	4234	2077	2157
760	4444	2230	2214
761	4606	2365	2241
762	4365	2155	2210
763	4339	2057	2282
764	4539	2251	2288
765	4627	2310	2317
766	4400	2110	2290
767	4310	2012	2298
768	4737	2357	2380
769	4809	2476	2333
770	4414	2157	2257
771	4348	2061	2287
772	4495	2235	2260
773	4689	2364	2325
774	4509	2176	2333
775	4381	2017	2364
776	5016	2673	2343
777	5068	2648	2420
778	4575	2183	2392
779	4407	2088	2319
780	4741	2334	2407
781	4976	2479	2497
782	4696	2263	2433
783	4457	2054	2403
784	4644	2209	2435
785	4673	2264	2409
786	4725	2237	2488
787	4544	2095	2449
788	4713	2268	2445
789	4828	2311	2517
790	4578	2060	2518
791	4508	1961	2547
792	4844	2306	2538
793	5165	2531	2634
794	4832	2215	2617
795	4540	1987	2553
796	4800	2278	2522
797	4863	2364	2499
798	4625	2086	2539
799	4756	2136	2620
800	4947	2349	2598
801	4886	2380	2506
802	4704	2158	2546
803	4618	2017	2601
804	4865	2271	2594
805	5029	2389	2640
806	4799	2143	2656
807	4680	2025	2655
808	5114	2376	2738
809	5196	2443	2753
810	5013	2247	2766
811	5008	2228	2780
812	5099	2383	2716
813	5209	2444	2765
814	5073	2350	2723
815	4923	2158	2765
816	5181	2439	2742
817	5158	2442	2716
818	4989	2182	2807
819	4969	2140	2829
820	5102	2294	2808
821	5146	2343	2803
822	5266	2424	2842
823	5101	2264	2837
824	5060	2291	2769
825	5169	2317	2852
826	5048	2179	2869
827	5060	2162	2898
828	5308	2371	2937
829	5448	2492	2956
830	5008	2187	2821
831	4928	2055	2873
832	5208	2231	2977
833	5232	2336	2896
834	5025	2182	2843
835	5004	2062	2942
836	5393	2396	2997
837	5448	2479	2969
838	5091	2170	2921
839	5020	2047	2973
840	5358	2303	3055
841	5458	2346	3112
842	5193	2140	3053
843	4992	1993	2999
844	5297	2269	3028
845	5673	2529	3144
846	5367	2288	3079
847	5185	2114	3071
848	5473	2279	3194
849	5532	2333	3199
850	5445	2247	3198
851	5441	2189	3252
852	5480	2294	3186
853	5619	2402	3217
854	5427	2237	3190
855	5267	2063	3204
856	5455	2313	3142
857	5543	2366	3177
858	5421	2193	3228
859	5284	2015	3269
860	5478	2241	3237
861	5650	2361	3289
862	5501	2174	3327
863	5323	2015	3308
864	5476	2192	3284
865	5685	2400	3285
866	5580	2254	3326
867	5427	2048	3379
868	5581	2213	3368
869	5855	2423	3432
870	5717	2277	3440
871	5453	2055	3398
872	5576	2203	3373
873	5749	2304	3445
874	5520	2158	3362
875	5471	2098	3373
876	5720	2276	3444
877	5838	2378	3460
878	5665	2197	3468
879	5525	2065	3460
880	5753	2272	3481
881	5869	2375	3494
882	5831	2259	3572
883	5603	2057	3546
884	5759	2274	3485
885	5856	2417	3439
886	5729	2185	3544
887	5657	2050	3607
888	5699	2152	3547
889	5763	2246	3517
890	5974	2316	3658
891	5850	2163	3687
892	5993	2285	3708
893	6156	2383	3773
894	5914	2217	3697
895	5871	2105	3766
896	6133	2267	3866
897	6207	2295	3912
898	6127	2244	3883
899	5886	2086	3800
900	6052	2261	3791
901	6212	2308	3904
902	6061	2185	3876
903	5949	2126	3823
904	6290	2394	3896
905	6244	2359	3885
906	6037	2196	3841
907	5842	2045	3797
908	6199	2319	3880
909	6392	2477	3915
910	6039	2189	3850
911	5861	1983	3878
912	6148	2174	3974
913	6367	2309	4058
914	6180	2166	4014
915	6010	2006	4004
916	6212	2232	3980
917	6433	2399	4034
918	6285	2176	4109
919	6224	2078	4146
920	6353	2253	4100
921	6334	2339	3995
922	6138	2146	3992
923	6074	1959	4115
924	6228	2106	4122
925	6405	2306	4099
926	6191	2138	4053
927	6162	2014	4148
928	6441	2251	4190
929	6628	2423	4205
930	6407	2203	4204
931	6174	2053	4121
932	6391	2252	4139
933	6648	2448	4200
934	6426	2220	4206
935	6185	1982	4203
936	6435	2177	4258
937	6554	2313	4241
938	6357	2104	4253
939	6746	2395	4351
940	6800	2479	4321
941	6988	2596	4392
942	6497	2206	4291
943	6272	1908	4364
944	6618	2213	4405
945	6758	2408	4350
946	6468	2194	4274
947	6470	2101	4369
948	6582	2264	4318
949	6720	2379	4341
950	6745	2338	4407
951	6564	2207	4357
952	6552	2303	4249
953	6655	2359	4296
954	6612	2210	4402
955	6641	2140	4501
956	6749	2335	4414
957	7073	2619	4454
958	6633	2238	4395
959	6511	2082	4429
960	6781	2326	4455
961	6792	2406	4386
962	6692	2281	4411
963	6786	2307	4479
964	7085	2615	4470
965	6935	2444	4491
966	6518	2087	4431
967	6495	2036	4459
968	6876	2373	4503
969	6870	2373	4497
970	6606	2167	4439
971	6519	2085	4434
972	6613	2162	4451
973	6824	2327	4497
974	6829	2229	4600
975	6683	2064	4619
976	6851	2278	4573
977	6929	2298	4631
978	6718	2115	4603
979	6661	2122	4539
980	6840	2330	4510
981	6987	2385	4602
982	6768	2166	4602
983	6743	2082	4661
984	6961	2324	4637
985	7081	2351	4730
986	6995	2240	4755
987	6842	2102	4740
988	7033	2282	4751
989	7025	2368	4657
990	6733	2125	4608
991	6660	2029	4631
992	6922	2332	4590
993	7060	2435	4625
994	6871	2174	4697
995	6633	2026	4607
996	6870	2292	4578
997	7050	2364	4686
998	6772	2148	4624
999	6727	2148	4579
1000	6837	2266	4571
1001	6886	2289	4597
1002	6767	2129	4638
1003	6671	2008	4663
1004	6978	2309	4669
1005	7027	2390	4637
1006	6771	2123	4648
1007	6718	2027	4691
1008	6926	2274	4652
1009	7025	2405	4620
1010	7154	2462	4692
1011	6849	2244	4605
1012	6803	2226	4577
1013	7186	2543	4643
1014	6912	2250	4662
1015	6727	2041	4686
1016	6913	2255	4658
1017	6975	2340	4635
1018	6944	2206	4738
1019	6723	2031	4692
1020	7025	2273	4752
1021	7192	2397	4795
1022	7194	2303	4891
1023	7187	2200	4987
1024	7185	2305	4880
1025	7116	2331	4785
1026	6969	2126	4843
1027	6883	2052	4831
1028	7219	2383	4836
1029	7271	2395	4876
1030	7182	2251	4931
1031	7067	2148	4919
1032	7145	2265	4880
1033	7142	2331	4811
1034	7110	2236	4874
1035	7017	2107	4910
1036	7193	2216	4977
1037	7407	2421	4986
1038	7264	2357	4907
1039	7187	2218	4969
1040	7178	2339	4839
1041	7183	2440	4743
1042	7053	2241	4812
1043	6826	2065	4761
1044	6818	2094	4724
1045	7248	2420	4828
1046	7144	2280	4864
1047	6899	2060	4839
1048	7178	2320	4858
1049	7352	2457	4895
1050	7123	2253	4870
1051	6961	2133	4828
1052	7367	2474	4893
1053	7360	2467	4893
1054	7652	2739	4913
1055	7142	2347	4795
1056	7029	2236	4793
1057	7139	2416	4723
1058	7025	2248	4777
1059	6846	2045	4801
1060	7017	2287	4730
1061	6996	2397	4599
1062	6698	2158	4540
1063	6686	2132	4554
1064	6804	2267	4537
1065	6903	2370	4533
1066	6756	2211	4545
1067	6625	2044	4581
1068	7013	2345	4668
1069	7096	2386	4710
1070	7053	2248	4805
1071	6897	2140	4757
1072	6942	2192	4750
1073	7192	2384	4808
1074	7221	2263	4958
1075	6933	2022	4911
1076	7177	2334	4843
1077	7232	2415	4817
1078	7018	2186	4832
1079	7061	2158	4903
1080	7346	2417	4929
1081	7298	2383	4915
1082	7199	2225	4974
1083	7016	2064	4952
1084	7153	2238	4915
1085	7159	2251	4908
1086	7057	2166	4891
1087	6963	2074	4889
1088	7165	2271	4894
1089	7252	2372	4880
1090	7159	2176	4983
1091	7150	2166	4984
1092	7404	2376	5028
1093	7440	2412	5028
1094	7228	2178	5050
1095	6992	2024	4968
1096	7134	2213	4921
1097	7239	2393	4846
1098	7034	2238	4796
1099	6738	2034	4704
1100	6850	2121	4729
1101	7241	2381	4860
1102	7103	2219	4884
1103	6946	2093	4853
1104	7166	2275	4891
1105	7211	2306	4905
1106	6959	2126	4833
1107	6928	2045	4883
1108	7103	2218	4885
1109	7277	2274	5003
1110	7077	2117	4960
1111	7146	2210	4936
1112	7301	2375	4926
1113	7396	2419	4977
1114	7070	2188	4882
1115	6873	2008	4865
1116	6937	2148	4789
1117	7151	2279	4872
1118	7243	2255	4988
1119	7146	2114	5032
1120	7313	2211	5102
1121	7388	2272	5116
1122	7273	2241	5032
1123	7291	2161	5130
1124	7578	2421	5157
1125	7587	2422	5165
1126	7225	2134	5091
1127	7108	2017	5091
1128	7319	2213	5106
1129	7407	2265	5142
1130	7214	2083	5131
1131	7182	2030	5152
1132	7320	2202	5118
1133	7579	2350	5229
1134	7360	2147	5213
1135	7123	2014	5109
1136	7487	2348	5139
1137	7588	2436	5152
1138	7343	2194	5149
1139	7303	2072	5231
1140	7501	2286	5215
1141	7479	2313	5166
1142	7397	2208	5189
1143	7554	2236	5318
1144	7593	2341	5252
1145	7573	2322	5251
1146	7505	2219	5286
1147	7404	2066	5338
1148	7568	2198	5370
1149	7605	2295	5310
1150	7425	2112	5313
1151	7673	2229	5444
1152	7689	2258	5431
1153	7714	2297	5417
1154	7596	2198	5398
1155	7569	2114	5455
1156	7768	2273	5495
1157	8069	2557	5512
1158	7713	2252	5461
1159	7489	2035	5454
1160	7837	2354	5483
1161	7892	2420	5472
1162	7660	2175	5485
1163	7559	2094	5465
1164	7681	2237	5444
1165	7794	2392	5402
1166	7749	2229	5520
1167	7718	2091	5627
1168	8029	2368	5661
1169	8030	2397	5633
1170	7732	2122	5610
1171	7931	2291	5640
1172	8176	2526	5650
1173	8137	2493	5644
1174	7768	2218	5550
1175	7569	2044	5525
1176	7842	2264	5578
1177	8025	2330	5695
1178	7857	2166	5691
1179	7703	1969	5734
1180	7858	2129	5729
1181	8052	2350	5702
1182	7979	2175	5804
1183	7890	2031	5859
1184	8086	2261	5825
1185	8071	2301	5770
1186	7929	2165	5764
1187	7834	2025	5809
1188	7993	2117	5876
1189	8185	2300	5885
1190	8129	2216	5913
1191	7892	2052	5840
1192	8192	2265	5927
1193	8327	2345	5982
1194	8041	2102	5939
1195	7972	1992	5980
1196	8210	2174	6036
1197	8364	2347	6017
1198	8096	2164	5932
1199	8153	2134	6019
1200	8515	2452	6063
1201	8538	2518	6020
1202	8223	2153	6070
1203	8144	2086	6058
1204	8461	2336	6125
1205	8726	2526	6200
1206	8440	2241	6199
1207	8171	2053	6118
1208	8248	2160	6088
1209	8411	2290	6121
1210	8322	2208	6114
1211	8282	2122	6160
1212	8349	2253	6096
1213	8525	2360	6165
1214	8328	2188	6140
1215	8170	2069	6101
1216	8290	2219	6071
1217	8473	2355	6118
1218	8461	2218	6243
1219	8370	2091	6279
1220	8595	2283	6312
1221	8748	2369	6379
1222	8514	2212	6302
1223	8324	2069	6255
1224	8618	2226	6392
1225	8676	2297	6379
1226	8371	2102	6269
1227	8329	1948	6381
1228	8782	2346	6436
1229	8906	2439	6467
1230	8675	2197	6478
1231	8532	2083	6449
1232	8810	2292	6518
1233	8833	2317	6516
1234	8581	2155	6426
1235	8522	2086	6436
1236	8912	2326	6586
1237	9051	2387	6664
1238	8744	2157	6587
1239	8559	1943	6616
1240	8913	2227	6686
1241	9252	2458	6794
1242	8927	2173	6754
1243	8798	2019	6779
1244	9025	2252	6773
1245	9228	2406	6822
1246	9096	2162	6934
1247	9018	2099	6919
1248	9167	2310	6857
1249	9101	2346	6755
1250	9054	2137	6917
1251	9058	2105	6953
1252	9133	2246	6887
1253	9183	2259	6924
1254	9068	2157	6911
1255	8988	2107	6881
1256	9363	2345	7018
1257	9376	2346	7030
1258	9243	2107	7136
1259	9041	2002	7039
1260	9269	2209	7060
1261	9398	2279	7119
1262	9433	2356	7077
1263	9203	2140	7063
1264	9386	2270	7116
1265	9477	2306	7171
1266	9358	2172	7186
1267	9237	2077	7160
1268	9356	2265	7091
1269	9449	2360	7089
1270	9216	2090	7126
1271	9266	2018	7248
1272	10248	2800	7448
1273	10107	2613	7494
1274	9629	2199	7430
1275	9427	2020	7407
1276	9601	2170	7431
1277	9897	2318	7579
1278	9751	2147	7604
1279	9571	2074	7497
1280	9802	2336	7466
1281	9829	2322	7507
1282	9863	2231	7632
1283	9682	2074	7608
1284	9886	2231	7655
1285	9977	2338	7639
1286	9798	2148	7650
1287	9731	2081	7650
1288	9930	2294	7636
1289	10081	2413	7668
1290	9913	2223	7690
1291	9816	2090	7726
1292	10233	2336	7897
1293	10259	2376	7883
1294	9873	2080	7793
1295	9748	1955	7793
1296	10539	2609	7930
1297	10636	2672	7964
1298	10131	2230	7901
1299	10117	2150	7967
1300	10327	2297	8030
1301	10451	2380	8071
1302	10291	2168	8123
1303	10155	2037	8118
1304	10471	2322	8149
1305	10663	2461	8202
1306	10454	2209	8245
1307	10429	2127	8302
1308	10670	2318	8352
1309	10935	2473	8462
1310	10559	2231	8328
1311	10388	2073	8315
1312	10673	2328	8345
1313	10795	2314	8481
1314	10786	2227	8559
1315	10740	2166	8574
1316	10943	2337	8606
1317	10889	2354	8535
1318	10731	2142	8589
1319	10610	2012	8598
1320	10846	2251	8595
1321	11162	2486	8676
1322	10895	2199	8696
1323	10591	1991	8600
1324	10874	2188	8686
1325	10944	2234	8710
1326	10887	2101	8786
1327	10873	1996	8877
1328	11141	2259	8882
1329	11296	2421	8875
1330	11070	2224	8846
1331	10904	2001	8903
1332	11005	2165	8840
1333	11261	2371	8890
1334	11193	2163	9030
1335	11058	2014	9044
1336	11259	2263	8996
1337	11343	2353	8990
1338	11258	2162	9096
1339	11171	2013	9158
1340	11424	2250	9174
1341	11606	2383	9223
1342	11287	2153	9134
1343	11103	2021	9082
1344	11260	2208	9052
1345	11535	2338	9197
1346	11557	2301	9256
1347	11398	2147	9251
1348	11461	2204	9257
1349	11512	2270	9242
1350	11351	2116	9235
1351	11200	1973	9227
1352	11712	2397	9315
1353	11795	2408	9387
1354	11470	2075	9395
1355	11517	2037	9480
1356	11747	2233	9514
1357	11769	2295	9474
1358	11858	2268	9590
1359	11860	2216	9644
1360	11805	2270	9535
1361	11856	2333	9523
1362	11806	2169	9637
1363	11546	2027	9519
1364	11823	2304	9519
1365	12009	2417	9592
1366	11932	2244	9688
1367	11788	2075	9713
1368	12064	2308	9756
1369	12160	2392	9768
1370	12056	2208	9848
1371	11856	2066	9790
1372	12060	2287	9773
1373	12281	2466	9815
1374	11999	2257	9742
1375	11833	2075	9758
1376	11986	2257	9729
1377	11958	2282	9676
1378	11936	2197	9739
1379	11903	2113	9790
1380	12050	2228	9822
1381	12110	2299	9811
1382	11965	2154	9811
1383	11800	2024	9776
1384	11915	2215	9700
1385	12090	2341	9749
1386	11935	2127	9808
1387	11869	2015	9854
1388	12351	2460	9891
1389	12353	2541	9812
1390	11945	2249	9696
1391	11957	2153	9804
1392	12221	2308	9913
1393	12225	2376	9849
1394	11990	2120	9870
1395	11803	1952	9851
1396	12061	2215	9846
1397	12218	2396	9822
1398	12178	2165	10013
1399	12247	2139	10108
1400	12234	2307	9927
1401	12298	2360	9938
1402	12090	2148	9942
1403	12098	2110	9988
1404	12339	2250	10089
1405	12466	2318	10148
1406	12177	2107	10070
1407	12161	2024	10137
1408	12326	2128	10198
1409	12437	2305	10132
1410	12327	2198	10129
1411	12212	2039	10173
1412	12293	2176	10117
1413	12368	2341	10027
1414	12330	2225	10105
1415	12370	2150	10220
1416	12611	2295	10316
1417	12685	2349	10336
1418	12657	2293	10364
1419	12434	2164	10270
1420	12610	2233	10377
1421	12721	2367	10354
1422	12462	2148	10314
1423	12447	2065	10382
1424	12770	2403	10367
1425	12844	2454	10390
1426	12538	2129	10409
1427	12482	1983	10499
1428	12824	2319	10505
1429	12871	2344	10527
1430	12585	2108	10477
1431	12480	2034	10446
1432	12597	2249	10348
1433	12794	2392	10402
1434	12751	2180	10571
1435	12650	2084	10566
1436	12852	2443	10409
1437	13006	2512	10494
1438	12659	2223	10436
1439	12611	2140	10471
1440	13065	2446	10619
1441	12935	2397	10538
1442	12504	2109	10395
1443	12371	2021	10350
1444	12696	2329	10367
1445	12735	2358	10377
1446	12377	2080	10297
1447	12323	1978	10345
1448	12584	2217	10367
1449	12668	2286	10382
1450	12614	2206	10408
1451	12388	2063	10325
1452	12549	2201	10348
1453	12500	2214	10286
1454	12231	2004	10227
1455	12200	1985	10215
1456	12532	2296	10236
1457	12533	2331	10202
1458	12248	2121	10127
1459	12133	1959	10174
1460	12436	2261	10175
1461	12541	2397	10144
1462	12209	2118	10091
1463	12209	2110	10099
1464	12253	2232	10021
1465	12259	2280	9979
1466	12322	2298	10024
1467	12039	2135	9904
1468	12202	2327	9875
1469	12473	2436	10037
1470	12283	2195	10088
1471	12005	2025	9980
1472	12233	2253	9980
1473	12289	2302	9987
1474	12259	2161	10098
1475	12179	2042	10137
1476	12296	2298	9998
1477	12416	2417	9999
1478	12011	2154	9857
1479	12050	2062	9988
1480	12147	2214	9933
1481	12223	2285	9938
1482	12266	2200	10066
1483	12316	2154	10162
1484	12431	2336	10095
1485	12535	2445	10090
1486	12397	2338	10059
1487	12164	2159	10005
1488	12365	2245	10120
1489	12379	2284	10095
1490	12185	2101	10084
1491	12440	2242	10198
1492	12455	2353	10102
1493	12246	2291	9955
1494	12058	2064	9994
1495	12101	2018	10083
1496	12395	2318	10077
1497	12416	2305	10111
1498	12293	2103	10190
1499	12005	1994	10011
1500	12225	2222	10003
1501	12336	2355	9981
1502	12150	2151	9999
1503	12046	2062	9984
1504	12165	2304	9861
1505	12280	2456	9824
1506	11947	2200	9747
1507	11788	2012	9776
1508	11937	2105	9832
1509	12372	2439	9933
1510	12018	2179	9839
1511	11730	1972	9758
1512	12020	2251	9769
1513	12196	2405	9791
1514	12077	2301	9776
1515	11834	2114	9720
1516	12012	2322	9690
1517	12081	2394	9687
1518	11994	2252	9742
1519	11726	2053	9673
1520	11927	2274	9653
1521	12202	2465	9737
1522	12010	2315	9695
1523	11666	2068	9598
1524	11649	2134	9515
1525	11826	2270	9556
1526	11776	2206	9570
1527	11729	2044	9685
1528	11706	2166	9540
1529	11732	2247	9485
1530	11604	2107	9497
1531	11723	2136	9587
1532	11871	2296	9575
1533	11800	2306	9494
1534	11757	2175	9582
1535	11652	2154	9498
1536	11701	2210	9491
1537	11709	2299	9410
1538	11680	2300	9380
1539	11595	2184	9411
1540	11849	2368	9481
1541	11843	2379	9464
1542	11778	2361	9417
1543	11788	2322	9466
1544	11673	2292	9381
1545	11529	2247	9282
1546	11356	2061	9295
1547	11341	2033	9308
1548	11590	2243	9347
1549	11583	2313	9270
1550	11497	2150	9347
1551	11207	1977	9230
1552	11570	2319	9251
1553	11703	2463	9240
1554	11301	2154	9147
1555	11180	2036	9144
1556	11360	2200	9160
1557	11522	2400	9122
1558	11142	2116	9026
1559	11072	2015	9057
1560	11270	2189	9081
1561	11469	2367	9102
1562	11252	2203	9049
1563	11116	2081	9035
1564	11248	2246	9002
1565	11469	2315	9154
1566	11208	2139	9069
1567	10942	2042	8900
1568	11543	2508	9035
1569	11610	2518	9092
1570	11133	2146	8987
1571	10927	2057	8870
1572	12091	3058	9033
1573	11664	2799	8865
1574	10865	2133	8732
1575	10820	2062	8758
1576	11385	2509	8876
1577	11253	2439	8814
1578	10938	2207	8731
1579	10911	2216	8695
1580	10924	2302	8622
1581	11074	2346	8728
1582	10740	2127	8613
1583	10576	2033	8543
1584	10755	2122	8633
1585	10789	2239	8550
1586	10682	2171	8511
1587	10494	2067	8427
1588	10662	2220	8442
1589	10882	2381	8501
1590	10544	2170	8374
1591	10349	1989	8360
1592	10689	2234	8455
1593	10687	2261	8426
1594	10457	2120	8337
1595	10590	2194	8396
1596	11186	2696	8490
1597	10907	2516	8391
1598	10395	2152	8243
1599	10342	2026	8316
1600	10629	2244	8385
1601	10712	2249	8463
1602	10524	2207	8317
1603	10401	2145	8256
1604	10642	2260	8382
1605	10639	2272	8367
1606	10498	2125	8373
1607	10406	2095	8311
1608	10613	2274	8339
1609	10642	2256	8386
1610	10415	2083	8332
1611	10235	2013	8222
1612	10599	2271	8328
1613	10565	2307	8258
1614	10489	2220	8269
1615	10333	2033	8300
1616	10583	2270	8313
1617	10750	2351	8399
1618	10724	2306	8418
1619	10628	2183	8445
1620	10693	2339	8354
1621	10673	2390	8283
1622	10367	2134	8233
1623	10303	2042	8261
1624	10701	2442	8259
1625	10645	2469	8176
1626	10411	2191	8220
1627	10279	2054	8225
1628	10781	2492	8289
1629	10857	2581	8276
1630	10337	2218	8119
1631	10137	1995	8142
1632	10408	2306	8102
1633	10443	2322	8121
1634	10322	2166	8156
1635	10132	2055	8077
1636	10425	2212	8213
1637	10465	2242	8223
1638	10181	2081	8100
1639	10138	2059	8079
1640	10693	2437	8256
1641	10726	2474	8252
1642	10410	2254	8156
1643	10173	2024	8149
1644	10265	2165	8100
1645	10278	2255	8023
1646	10167	2163	8004
1647	9987	2027	7960
1648	10250	2276	7974
1649	10319	2355	7964
1650	10103	2121	7982
1651	9994	2017	7977
1652	10279	2259	8020
1653	10318	2327	7991
1654	9922	2061	7861
1655	9870	2007	7863
1656	10149	2175	7974
1657	10109	2188	7921
1658	10051	2117	7934
1659	9939	2056	7883
1660	10217	2347	7870
1661	10511	2551	7960
1662	10221	2251	7970
1663	9952	2063	7889
1664	10206	2282	7924
1665	10260	2343	7917
1666	10024	2205	7819
1667	10011	2147	7864
1668	10140	2264	7876
1669	10082	2311	7771
1670	10089	2189	7900
1671	10096	2143	7953
1672	10031	2273	7758
1673	10140	2308	7832
1674	10008	2139	7869
1675	9826	1986	7840
1676	10117	2191	7926
1677	10241	2302	7939
1678	10147	2173	7974
1679	9982	2052	7930
1680	10299	2358	7941
1681	10432	2458	7974
1682	10052	2202	7850
1683	9909	2014	7895
1684	10250	2324	7926
1685	10232	2361	7871
1686	9915	2076	7839
1687	10005	2102	7903
1688	10153	2248	7905
1689	10088	2261	7827
1690	10000	2155	7845
1691	9921	2074	7847
1692	10225	2336	7889
1693	10227	2333	7894
1694	9968	2066	7902
1695	9894	2042	7852
1696	10092	2237	7855
1697	10202	2314	7888
1698	9937	2162	7775
1699	9909	2089	7820
1700	10306	2376	7930
1701	10405	2466	7939
1702	10032	2141	7891
1703	9980	2063	7917
1704	10070	2210	7860
1705	10129	2312	7817
1706	10017	2129	7888
1707	9905	2072	7833
1708	10295	2344	7951
1709	10480	2505	7975
1710	10275	2361	7914
1711	10032	2130	7902
1712	10203	2292	7911
1713	10393	2412	7981
1714	10063	2185	7878
1715	9730	1974	7756
1716	9951	2193	7758
1717	10202	2306	7896
1718	10026	2158	7868
1719	9972	2093	7879
1720	10209	2338	7871
1721	10151	2343	7808
1722	10197	2160	8037
1723	10050	2043	8007
1724	10260	2302	7958
1725	10327	2405	7922
1726	10044	2173	7871
1727	10007	2048	7959
1728	10035	2082	7953
1729	10287	2320	7967
1730	10154	2142	8012
1731	10072	2064	8008
1732	10193	2251	7942
1733	10291	2257	8034
1734	10163	2084	8079
1735	9998	1949	8049
1736	10220	2124	8096
1737	10421	2349	8072
1738	10341	2275	8066
1739	10110	2099	8011
1740	10258	2237	8021
1741	10358	2307	8051
1742	10294	2191	8103
1743	10153	2101	8052
1744	10213	2223	7990
1745	10315	2265	8050
1746	10234	2116	8118
1747	10329	2092	8237
1748	10378	2240	8138
1749	10397	2309	8088
1750	10230	2116	8114
1751	10224	1960	8264
1752	10465	2179	8286
1753	10544	2349	8195
1754	10276	2187	8089
1755	10162	2007	8155
1756	10410	2250	8160
1757	10452	2339	8113
1758	10289	2144	8145
1759	10154	1993	8161
1760	10449	2183	8266
1761	10439	2227	8212
1762	10303	2138	8165
1763	10201	2017	8184
1764	10582	2287	8295
1765	10593	2379	8214
1766	10349	2114	8235
1767	10221	2032	8189
1768	10340	2155	8185
1769	10454	2246	8208
1770	10312	2155	8157
1771	10446	2132	8314
1772	10630	2307	8323
1773	10716	2430	8286
1774	10627	2337	8290
1775	10431	2098	8333
1776	10577	2229	8348
1777	10724	2289	8435
1778	10418	2060	8358
1779	10251	1953	8298
1780	10403	2130	8273
1781	10526	2246	8280
1782	10619	2244	8375
1783	10544	2097	8447
1784	10529	2126	8403
1785	10837	2362	8475
1786	10738	2249	8489
1787	10503	1998	8505
1788	10717	2225	8492
1789	10814	2359	8455
1790	10812	2239	8573
1791	10597	2057	8540
1792	10674	2142	8532
1793	10883	2371	8512
1794	10658	2126	8532
1795	10400	1983	8417
1796	10642	2252	8390
1797	10897	2338	8559
1798	10782	2241	8541
1799	10694	2159	8535
1800	10843	2333	8510
1801	10824	2324	8500
1802	10607	2066	8541
1803	10517	2004	8513
1804	10695	2185	8510
1805	11156	2514	8642
1806	10869	2213	8656
1807	10583	1967	8616
1808	10819	2214	8605
1809	10910	2188	8722
1810	10805	2083	8722
1811	10754	2017	8737
1812	10924	2118	8806
1813	11185	2394	8791
1814	11007	2299	8708
1815	10773	2067	8706
1816	11103	2351	8752
1817	11174	2450	8724
1818	10922	2248	8674
1819	10666	2030	8636
1820	10837	2136	8701
1821	10939	2241	8698
1822	10928	2161	8767
1823	10763	1999	8764
1824	10921	2215	8706
1825	11153	2336	8817
1826	10899	2106	8793
1827	10853	2105	8748
1828	11394	2520	8874
1829	11301	2415	8886
1830	11059	2194	8865
1831	10781	2031	8750
1832	11077	2285	8792
1833	11050	2342	8708
1834	10724	2104	8620
1835	10600	1971	8629
1836	10867	2166	8701
1837	11141	2306	8835
1838	11222	2292	8930
1839	11020	2106	8914
1840	11075	2180	8895
1841	11000	2233	8767
1842	10671	2075	8596
1843	10676	1997	8679
1844	10930	2168	8762
1845	11121	2315	8806
1846	10785	2072	8713
1847	10683	1994	8689
1848	10816	2159	8657
1849	10762	2239	8523
1850	10630	2124	8506
1851	10583	2017	8566
1852	10755	2133	8622
1853	10908	2247	8661
1854	10911	2161	8750
1855	10654	2009	8645
1856	10833	2234	8599
1857	10968	2360	8608
1858	10685	2160	8525
1859	10584	2014	8570
1860	10769	2169	8600
1861	10846	2300	8546
1862	10616	2119	8497
1863	10409	1957	8452
1864	10662	2235	8427
1865	10917	2521	8396
1866	10513	2160	8353
1867	10254	1921	8333
1868	10546	2210	8336
1869	10745	2370	8375
1870	10353	2051	8302
1871	10290	1934	8356
1872	10681	2306	8375
1873	10641	2293	8348
1874	10226	1940	8286
1875	10091	1820	8271
1876	10630	2341	8289
1877	10633	2409	8224
1878	10191	2036	8155
1879	10037	1889	8148
1880	10556	2314	8242
1881	10591	2423	8168
1882	10124	2063	8061
1883	10031	1917	8114
1884	10272	2234	8038
1885	10250	2308	7942
1886	10004	1990	8014
1887	9849	1856	7993
1888	10291	2292	7999
1889	10339	2438	7901
1890	10017	2153	7864
1891	9851	1949	7902
1892	10107	2254	7853
1893	10064	2284	7780
1894	9811	2041	7770
1895	9711	1898	7813
1896	10147	2217	7930
1897	10236	2354	7882
1898	9909	2105	7804
1899	9758	1922	7836
1900	10028	2168	7860
1901	10072	2272	7800
1902	9822	2062	7760
1903	9566	1883	7683
1904	9815	2078	7737
1905	9917	2216	7701
1906	9654	2002	7652
1907	9514	1924	7590
1908	9837	2209	7628
1909	10006	2355	7651
1910	9675	2070	7605
1911	9549	1910	7639
1912	9779	2144	7635
1913	9900	2329	7571
1914	9755	2219	7536
1915	9719	2177	7542
1916	9804	2364	7440
1917	9852	2383	7469
1918	9561	2140	7421
1919	9342	1946	7396
1920	9613	2230	7383
1921	9650	2346	7304
1922	9323	2022	7301
1923	9337	1962	7375
1924	9647	2286	7361
1925	9498	2267	7231
1926	9150	1998	7152
1927	9197	1989	7208
1928	9495	2267	7228
1929	9535	2443	7092
1930	9171	2060	7111
1931	9005	1881	7124
1932	9312	2208	7104
1933	9312	2278	7034
1934	8957	2023	6934
1935	8836	1941	6895
1936	9032	2163	6869
1937	9480	2470	7010
1938	9188	2185	7003
1939	8659	1865	6794
1940	8986	2144	6842
1941	9138	2326	6812
1942	8788	2121	6667
1943	8576	1897	6679
1944	8855	2131	6724
1945	9031	2303	6728
1946	8760	2059	6701
1947	8461	1905	6556
1948	8785	2223	6562
1949	8971	2332	6639
1950	8602	2076	6526
1951	8382	1941	6441
1952	8834	2238	6596
1953	8906	2319	6587
1954	8581	2132	6449
1955	8316	1926	6390
1956	8544	2125	6419
1957	8598	2281	6317
1958	8327	2030	6297
1959	8374	2026	6348
1960	8620	2272	6348
1961	8567	2278	6289
1962	8355	2014	6341
1963	8172	1875	6297
1964	8333	2089	6244
1965	8583	2305	6278
1966	8419	2100	6319
1967	8266	1978	6288
1968	8472	2269	6203
1969	8449	2363	6086
1970	8205	2064	6141
1971	8025	1856	6169
1972	8073	2005	6068
1973	8367	2309	6058
1974	8063	2056	6007
1975	7842	1861	5981
1976	8049	2069	5980
1977	8328	2330	5998
1978	8199	2213	5986
1979	7971	2045	5926
1980	8329	2303	6026
1981	8353	2376	5977
1982	8052	2127	5925
1983	7854	1952	5902
1984	7950	2213	5737
1985	8331	2500	5831
1986	8042	2212	5830
1987	7627	1866	5761
1988	7847	2095	5752
1989	8158	2406	5752
1990	7732	2098	5634
1991	7692	1955	5737
1992	8024	2269	5755
1993	8123	2412	5711
1994	7691	2043	5648
1995	7575	1881	5694
1996	7870	2150	5720
1997	7911	2279	5632
1998	7600	1977	5623
1999	7576	1911	5665
2000	7850	2193	5657
2001	7869	2283	5586
2002	7525	1962	5563
2003	7618	1961	5657
2004	7942	2300	5642
2005	7941	2404	5537
2006	7529	2103	5426
2007	7389	1933	5456
2008	7853	2336	5517
2009	7933	2403	5530
2010	7873	2368	5505
2011	7599	2161	5438
2012	7635	2238	5397
2013	7867	2391	5476
2014	7504	2108	5396
2015	7313	1880	5433
2016	7586	2193	5393
2017	7625	2320	5305
2018	7320	2032	5288
2019	7120	1874	5246
2020	7476	2167	5309
2021	7697	2362	5335
2022	7306	2027	5279
2023	7320	1923	5397
2024	7685	2276	5409
2025	7616	2321	5295
2026	7352	2122	5230
2027	7312	2044	5268
2028	7389	2211	5178
2029	7397	2242	5155
2030	7261	2010	5251
2031	7182	1919	5263
2032	7463	2244	5219
2033	7563	2336	5227
2034	7598	2292	5306
2035	7302	2033	5269
2036	7334	2184	5150
2037	7719	2442	5277
2038	7387	2103	5284
2039	7228	1936	5292
2040	7384	2190	5194
2041	7480	2283	5197
2042	7337	2079	5258
2043	7117	1904	5213
2044	7427	2227	5200
2045	7764	2491	5273
2046	7281	2148	5133
2047	6936	1878	5058
2048	7227	2172	5055
2049	7528	2325	5203
2050	7166	2010	5156
2051	7078	1887	5191
2052	7458	2273	5185
2053	7689	2439	5250
2054	7238	2099	5139
2055	7123	1948	5175
2056	7517	2271	5246
2057	7391	2255	5136
2058	7108	1942	5166
2059	7019	1876	5143
2060	7276	2168	5108
2061	7489	2345	5144
2062	7218	2074	5144
2063	7242	2072	5170
2064	7486	2349	5137
2065	7405	2313	5092
2066	7145	1982	5163
2067	7031	1870	5161
2068	7532	2300	5232
2069	7642	2453	5189
2070	7182	2076	5106
2071	6980	1924	5056
2072	7268	2185	5083
2073	7606	2486	5120
2074	7319	2196	5123
2075	6890	1857	5033
2076	7231	2133	5098
2077	7502	2317	5185
2078	7559	2285	5274
2079	7209	2023	5186
2080	7269	2121	5148
2081	7386	2182	5204
2082	7210	2007	5203
2083	7049	1883	5166
2084	7554	2307	5247
2085	7416	2324	5092
2086	7070	1988	5082
2087	6993	1803	5190
2088	7221	2074	5147
2089	7407	2210	5197
2090	7213	1967	5246
2091	7082	1863	5219
2092	7404	2158	5246
2093	7488	2281	5207
2094	7233	2062	5171
2095	7055	1860	5195
2096	7349	2125	5224
2097	7492	2263	5229
2098	7356	2111	5245
2099	7485	2154	5331
2100	7664	2297	5367
2101	7638	2316	5322
2102	7296	2016	5280
2103	7192	1831	5361
2104	7363	2057	5306
2105	7539	2229	5310
2106	7300	1973	5327
2107	7143	1858	5285
2108	7693	2262	5431
2109	7728	2344	5384
2110	7465	2120	5345
2111	7295	1914	5381
2112	7569	2151	5418
2113	7889	2404	5485
2114	7582	2152	5430
2115	7319	1922	5397
2116	7569	2135	5434
2117	7803	2320	5483
2118	7476	2067	5409
2119	7489	1984	5505
2120	7645	2191	5454
2121	7823	2333	5490
2122	7774	2131	5643
2123	7456	1937	5519
2124	7659	2165	5494
2125	7944	2401	5543
2126	7585	2083	5502
2127	7361	1840	5521
2128	7728	2177	5551
2129	7871	2336	5535
2130	7555	2061	5494
2131	7411	1871	5540
2132	7669	2125	5544
2133	7832	2301	5531
2134	7534	2011	5523
2135	7334	1827	5507
2136	7540	2095	5445
2137	7896	2375	5521
2138	7647	2100	5547
2139	7427	1865	5562
2140	7764	2213	5551
2141	7897	2307	5590
2142	7619	2046	5573
2143	7575	1954	5621
2144	7684	2122	5562
2145	7835	2302	5533
2146	7628	2121	5507
2147	7440	1903	5537
2148	7712	2157	5555
2149	7840	2275	5565
2150	7674	2101	5573
2151	7416	1889	5527
2152	7857	2262	5595
2153	8236	2582	5654
2154	7733	2172	5561
2155	7490	1934	5556
2156	7862	2277	5585
2157	7862	2315	5547
2158	7447	1961	5486
2159	7352	1896	5456
2160	7746	2135	5611
2161	8037	2388	5649
2162	7878	2278	5600
2163	7504	1983	5521
2164	7678	2129	5549
2165	7820	2324	5496
2166	7621	2082	5539
2167	7351	1877	5474
2168	7481	2095	5386
2169	7656	2255	5401
2170	7650	2172	5478
2171	7380	1900	5480
2172	7601	2094	5507
2173	7769	2288	5481
2174	7482	2034	5448
2175	7425	1988	5437
2176	7597	2218	5379
2177	7608	2255	5353
2178	7531	2194	5337
2179	7513	2096	5417
2180	7612	2243	5369
2181	7699	2322	5377
2182	7411	2066	5345
2183	7124	1872	5252
2184	7490	2199	5291
2185	7797	2479	5318
2186	7420	2172	5248
2187	7275	2019	5256
2188	7433	2180	5253
2189	7519	2259	5260
2190	7269	2017	5252
2191	7335	1973	5362
2192	7603	2247	5356
2193	7636	2363	5273
2194	7292	2049	5243
2195	7114	1853	5261
2196	7372	2105	5267
2197	7565	2366	5199
2198	7229	2103	5126
2199	7074	1910	5164
2200	7521	2352	5169
2201	7483	2363	5120
2202	7249	2119	5130
2203	6964	1937	5027
2204	6981	2047	4934
2205	7235	2231	5004
2206	6982	2028	4954
2207	6944	1952	4992
2208	7058	2173	4885
2209	7120	2279	4841
2210	6859	2047	4812
2211	6874	1988	4886
2212	6926	2158	4768
2213	7124	2297	4827
2214	6881	2087	4794
2215	6555	1854	4701
2216	6827	2106	4721
2217	6967	2286	4681
2218	6657	2021	4636
2219	6535	1845	4690
2220	6759	2073	4686
2221	7045	2265	4780
2222	6816	2041	4775
2223	6505	1815	4690
2224	6787	2129	4658
2225	6877	2227	4650
2226	6770	2137	4633
2227	6555	1987	4568
2228	6678	2181	4497
2229	6725	2288	4437
2230	6440	1993	4447
2231	6244	1843	4401
2232	6813	2290	4523
2233	6982	2489	4493
2234	6452	2146	4306
2235	6291	1974	4317
2236	6495	2140	4355
2237	6659	2331	4328
2238	6397	2164	4233
2239	6234	2033	4201
2240	6372	2177	4195
2241	6409	2214	4195
2242	6404	2104	4300
2243	6152	1913	4239
2244	6263	2131	4132
2245	6334	2298	4036
2246	6110	2049	4061
2247	5891	1869	4022
2248	6378	2328	4050
2249	6398	2352	4046
2250	6171	2183	3988
2251	5995	2014	3981
2252	6292	2273	4019
2253	6275	2322	3953
2254	5932	2003	3929
2255	5941	1957	3984
2256	6169	2203	3966
2257	6161	2326	3835
2258	5901	2056	3845
2259	5834	1939	3895
2260	6118	2217	3901
2261	6124	2282	3842
2262	5906	2112	3794
2263	5750	1956	3794
2264	5840	2122	3718
2265	5865	2239	3626
2266	5726	2025	3701
2267	5645	1907	3738
2268	5843	2130	3713
2269	5859	2163	3696
2270	5632	2008	3624
2271	5772	2088	3684
2272	5992	2289	3703
2273	5961	2324	3637
2274	5632	2052	3580
2275	5417	1863	3554
2276	5710	2196	3514
2277	5867	2344	3523
2278	5669	2141	3528
2279	5501	1945	3556
2280	5699	2133	3566
2281	5929	2350	3579
2282	5639	2148	3491
2283	5363	1967	3396
2284	5913	2361	3552
2285	5902	2399	3503
2286	5366	2009	3357
2287	5143	1865	3278
2288	5532	2182	3350
2289	6096	2705	3391
2290	5713	2385	3328
2291	5271	1926	3345
2292	5689	2311	3378
2293	5869	2474	3395
2294	5390	2092	3298
2295	5158	1877	3281
2296	5549	2222	3327
2297	5751	2462	3289
2298	5325	2113	3212
2299	5166	1972	3194
2300	5275	2097	3178
2301	5505	2240	3265
2302	5241	2019	3222
2303	5062	1851	3211
2304	5345	2164	3181
2305	5441	2288	3153
2306	5053	1971	3082
2307	4994	1854	3140
2308	5249	2103	3146
2309	5344	2301	3043
2310	5077	2049	3028
2311	5061	1941	3120
2312	5280	2138	3142
2313	5358	2274	3084
2314	5081	2023	3058
2315	4872	1892	2980
2316	5130	2160	2970
2317	5354	2285	3069
2318	5105	2070	3035
2319	4932	1893	3039
2320	5144	2087	3057
2321	5233	2206	3027
2322	5144	2093	3051
2323	4973	1949	3024
2324	5179	2176	3003
2325	5252	2232	3020
2326	5178	2077	3101
2327	5083	2057	3026
2328	5392	2328	3064
2329	5345	2370	2975
2330	4994	2113	2881
2331	4793	1909	2884
2332	5255	2228	3027
2333	5405	2350	3055
2334	5046	2116	2930
2335	5034	2037	2997
2336	5336	2279	3057
2337	5344	2342	3002
2338	4980	2024	2956
2339	4827	1920	2907
2340	5113	2185	2928
2341	5202	2292	2910
2342	4926	2042	2884
2343	4774	1861	2913
2344	5062	2093	2969
2345	5101	2174	2927
2346	5155	2141	3014
2347	4886	1919	2967
2348	5054	2106	2948
2349	5317	2356	2961
2350	5021	2088	2933
2351	4727	1863	2864
2352	5242	2316	2926
2353	5361	2447	2914
2354	5016	2112	2904
2355	4860	1959	2901
2356	5203	2303	2900
2357	5338	2386	2952
2358	4976	2064	2912
2359	4893	1941	2952
2360	5164	2149	3015
2361	5217	2222	2995
2362	5027	2066	2961
2363	4883	1937	2946
2364	4998	2118	2880
2365	5163	2222	2941
2366	4903	1957	2946
2367	4741	1811	2930
2368	5055	2102	2953
2369	5367	2401	2966
2370	5135	2170	2965
2371	4767	1898	2869
2372	5007	2107	2900
2373	5180	2251	2929
2374	4991	2023	2968
2375	4887	1880	3007
2376	5238	2169	3069
2377	5217	2215	3002
2378	5036	2032	3004
2379	5000	1956	3044
2380	5235	2186	3049
2381	5237	2277	2960
2382	4966	2018	2948
2383	4841	1867	2974
2384	5054	2111	2943
2385	5448	2417	3031
2386	5232	2177	3055
2387	4954	1897	3057
2388	5255	2186	3069
2389	5290	2284	3006
2390	5137	2072	3065
2391	5211	2027	3184
2392	5409	2250	3159
2393	5477	2395	3082
2394	5205	2099	3106
2395	4891	1860	3031
2396	5149	2117	3032
2397	5303	2320	2983
2398	5198	2113	3085
2399	5211	2022	3189
2400	5361	2253	3108
2401	5531	2395	3136
2402	5229	2081	3148
2403	5138	1954	3184
2404	5372	2253	3119
2405	5390	2294	3096
2406	5403	2189	3214
2407	5221	2042	3179
2408	5511	2345	3166
2409	5544	2350	3194
2410	5217	2076	3141
2411	4943	1915	3028
2412	5237	2139	3098
2413	5583	2403	3180
2414	5371	2193	3178
2415	5237	2025	3212
2416	5667	2457	3210
2417	5675	2457	3218
2418	5218	2081	3137
2419	5039	1896	3143
2420	5293	2149	3144
2421	5396	2257	3139
2422	5207	2021	3186
2423	5085	1916	3169
2424	5340	2127	3213
2425	5467	2255	3212
2426	5114	1956	3158
2427	5042	1873	3169
2428	5343	2121	3222
2429	5418	2172	3246
2430	5234	2052	3182
2431	5267	2031	3236
2432	5568	2234	3334
2433	5625	2331	3294
2434	5378	2089	3289
2435	5122	1908	3214
2436	5516	2281	3235
2437	5616	2379	3237
2438	5317	2119	3198
2439	5342	2063	3279
2440	5407	2161	3246
2441	5561	2363	3198
2442	5331	2136	3195
2443	5263	1962	3301
2444	5487	2229	3258
2445	5593	2376	3217
2446	5472	2113	3359
2447	5400	2062	3338
2448	5460	2227	3233
2449	5534	2301	3233
2450	5305	2064	3241
2451	5304	2008	3296
2452	5460	2210	3250
2453	5605	2331	3274
2454	5361	2078	3283
2455	5158	1932	3226
2456	5372	2098	3274
2457	5451	2220	3231
2458	5399	2165	3234
2459	5234	2000	3234
2460	5360	2133	3227
2461	5462	2256	3206
2462	5231	2040	3191
2463	5067	1885	3182
2464	5365	2167	3198
2465	5656	2421	3235
2466	5402	2193	3209
2467	5144	1967	3177
2468	5287	2193	3094
2469	5343	2239	3104
2470	5225	2072	3153
2471	5080	1896	3184
2472	5332	2161	3171
2473	5396	2294	3102
2474	5127	2003	3124
2475	5282	2133	3149
2476	5339	2296	3043
2477	5250	2279	2971
2478	5120	2086	3034
2479	4978	1931	3047
2480	5146	2143	3003
2481	5180	2220	2960
2482	5019	2025	2994
2483	4877	1841	3036
2484	5070	2045	3025
2485	5448	2342	3106
2486	5132	2093	3039
2487	4904	1982	2922
2488	5088	2177	2911
2489	5162	2260	2902
2490	5085	2126	2959
2491	4870	1933	2937
2492	5004	2123	2881
2493	4959	2115	2844
2494	4766	1953	2813
2495	4768	1946	2822
2496	4924	2086	2838
2497	5098	2258	2840
2498	5094	2211	2883
2499	4825	1979	2846
2500	4879	2104	2775
2501	5059	2269	2790
2502	4919	2055	2864
2503	4850	1921	2929
2504	4948	2132	2816
2505	4978	2235	2743
2506	4735	2031	2704
2507	4676	1961	2715
2508	4995	2298	2697
2509	5098	2368	2730
2510	4840	2098	2742
2511	4743	2027	2716
2512	4906	2233	2673
2513	5082	2331	2751
2514	4652	2015	2637
2515	4449	1833	2616
2516	4797	2171	2626
2517	4988	2375	2613
2518	4919	2214	2705
2519	4730	2054	2676
2520	4898	2311	2587
2521	5017	2421	2596
2522	4800	2144	2656
2523	4533	1916	2617
2524	4628	2061	2567
2525	4730	2267	2463
2526	4499	2060	2439
2527	4263	1825	2438
2528	4814	2311	2503
2529	4866	2368	2498
2530	4553	2079	2474
2531	4354	1912	2442
2532	4755	2241	2514
2533	4931	2352	2579
2534	4438	1987	2451
2535	4297	1932	2365
2536	4853	2467	2386
2537	4743	2436	2307
2538	4306	2018	2288
2539	4273	1984	2289
2540	4435	2178	2257
2541	4623	2301	2322
2542	4366	2041	2325
2543	4236	1946	2290
2544	4725	2332	2393
2545	4687	2377	2310
2546	4387	2103	2284
2547	4206	1923	2283
2548	4458	2207	2251
2549	4517	2268	2249
2550	4461	2225	2236
2551	4213	2029	2184
2552	4280	2070	2210
2553	4460	2223	2237
2554	4250	2007	2243
2555	4024	1861	2163
2556	4311	2138	2173
2557	4498	2286	2212
2558	4389	2136	2253
2559	4244	2002	2242
2560	4290	2148	2142
2561	4669	2441	2228
2562	4393	2203	2190
2563	4076	1986	2090
2564	4246	2143	2103
2565	4291	2210	2081
2566	4136	2011	2125
2567	4004	1854	2150
2568	4195	2052	2143
2569	4283	2165	2118
2570	4094	2007	2087
2571	4041	1954	2087
2572	4254	2224	2030
2573	4352	2329	2023
2574	4320	2218	2102
2575	4149	2032	2117
2576	4294	2240	2054
2577	4431	2377	2054
2578	4227	2245	1982
2579	4034	2053	1981
2580	4118	2157	1961
2581	4429	2387	2042
2582	4171	2141	2030
2583	3854	1925	1929
2584	4129	2125	2004
2585	4277	2285	1992
2586	4072	2128	1944
2587	3877	1948	1929
2588	4132	2196	1936
2589	4317	2334	1983
2590	4173	2217	1956
2591	3936	1992	1944
2592	4042	2100	1942
2593	4247	2335	1912
2594	4037	2095	1942
2595	3902	1968	1934
2596	4167	2273	1894
2597	4358	2368	1990
2598	3974	2032	1942
2599	3866	1868	1998
2600	4278	2230	2048
2601	4350	2356	1994
2602	4136	2143	1993
2603	4012	2050	1962
2604	4170	2217	1953
2605	4331	2301	2030
2606	4131	2157	1974
2607	3869	1972	1897
2608	4117	2234	1883
2609	4270	2310	1960
2610	4041	2084	1957
2611	3825	1914	1911
2612	4065	2122	1943
2613	4239	2278	1961
2614	3897	2025	1872
2615	3972	2045	1927
2616	4318	2303	2015
2617	4358	2392	1966
2618	4040	2109	1931
2619	3804	1920	1884
2620	4161	2160	2001
2621	4421	2371	2050
2622	4228	2197	2031
2623	3999	2012	1987
2624	4301	2284	2017
2625	4300	2342	1958
2626	3940	2045	1895
2627	3854	1943	1911
2628	4047	2135	1912
2629	4242	2309	1933
2630	4020	2097	1923
2631	3886	1956	1930
2632	4167	2212	1955
2633	4263	2280	1983
2634	3983	2034	1949
2635	3896	1929	1967
2636	4109	2194	1915
2637	4250	2323	1927
2638	3976	2068	1908
2639	3797	1885	1912
2640	4091	2160	1931
2641	4189	2259	1930
2642	3820	1962	1858
2643	3621	1772	1849
2644	3989	2057	1932
2645	4275	2305	1970
2646	4189	2183	2006
2647	3895	1977	1918
2648	4149	2226	1923
2649	4281	2346	1935
2650	4032	2079	1953
2651	3804	1912	1892
2652	4151	2209	1942
2653	4279	2341	1938
2654	4048	2133	1915
2655	3852	1943	1909
2656	4108	2171	1937
2657	4193	2267	1926
2658	3996	2027	1969
2659	3815	1864	1951
2660	4127	2206	1921
2661	4126	2283	1843
2662	3879	1994	1885
2663	3837	1888	1949
2664	4074	2113	1961
2665	4518	2453	2065
2666	4212	2155	2057
2667	3918	1942	1976
2668	4242	2265	1977
2669	4300	2305	1995
2670	4052	2075	1977
2671	3888	1948	1940
2672	4260	2235	2025
2673	4262	2293	1969
2674	4014	2065	1949
2675	3820	1869	1951
2676	4246	2223	2023
2677	4541	2378	2163
2678	4063	2011	2052
2679	3902	1934	1968
2680	4160	2198	1962
2681	4512	2505	2007
2682	4207	2172	2035
2683	3908	1938	1970
2684	4233	2227	2006
2685	4301	2343	1958
2686	4045	2063	1982
2687	3939	1974	1965
2688	4146	2162	1984
2689	4170	2218	1952
2690	3874	1931	1943
2691	3912	1975	1937
2692	4223	2234	1989
2693	4226	2243	1983
2694	3962	2056	1906
2695	3766	1896	1870
2696	4059	2125	1934
2697	4154	2256	1898
2698	3996	2157	1839
2699	3768	1937	1831
2700	4141	2225	1916
2701	4149	2328	1821
2702	3804	2014	1790
2703	3858	1952	1906
2704	4037	2160	1877
2705	4218	2373	1845
2706	4153	2193	1960
2707	4141	2145	1996
2708	4184	2288	1896
2709	4254	2344	1910
2710	3989	2093	1896
2711	3799	1961	1838
2712	4114	2262	1852
2713	4139	2385	1754
2714	3769	2055	1714
2715	3649	1872	1777
2716	4141	2266	1875
2717	4267	2397	1870
2718	3937	2077	1860
2719	3638	1849	1789
2720	4071	2180	1891
2721	4276	2358	1918
2722	3798	2046	1752
2723	3763	1961	1802
2724	4027	2207	1820
2725	4001	2267	1734
2726	3801	2117	1684
2727	3645	1914	1731
2728	3841	2124	1717
2729	4033	2275	1758
2730	3733	2006	1727
2731	3592	1925	1667
2732	4075	2332	1743
2733	4198	2427	1771
2734	3793	2101	1692
2735	3624	1995	1629
2736	3913	2250	1663
2737	4042	2401	1641
2738	3729	2085	1644
2739	3442	1842	1600
2740	3765	2182	1583
2741	4114	2438	1676
2742	3783	2125	1658
2743	3459	1875	1584
2744	3884	2210	1674
2745	4056	2380	1676
2746	3568	2012	1556
2747	3351	1858	1493
2748	3712	2198	1514
2749	3833	2284	1549
2750	3506	1971	1535
2751	3408	1832	1576
2752	3658	2120	1538
2753	3791	2261	1530
2754	3618	2092	1526
2755	3328	1898	1430
2756	3601	2150	1451
2757	3733	2268	1465
2758	3414	2037	1377
2759	3414	1936	1478
2760	3621	2115	1506
2761	3728	2291	1437
2762	3409	2007	1402
2763	3210	1843	1367
2764	3732	2292	1440
2765	3775	2343	1432
2766	3428	2061	1367
2767	3303	1936	1367
2768	3574	2206	1368
2769	3630	2262	1368
2770	3387	2044	1343
2771	3238	1866	1372
2772	3502	2133	1369
2773	3597	2270	1327
2774	3299	2012	1287
2775	3403	2041	1362
2776	3633	2284	1349
2777	3745	2407	1338
2778	3520	2122	1398
2779	3199	1911	1288
2780	3508	2195	1313
2781	3553	2222	1331
2782	3582	2286	1296
2783	3270	1997	1273
2784	7620	5297	2323
2785	5912	4072	1840
2786	3247	2029	1218
2787	3040	1860	1180
2788	3354	2147	1207
2789	3555	2287	1268
2790	3381	2086	1295
2791	3298	1978	1320
2792	3425	2142	1283
2793	3627	2356	1271
2794	3359	2071	1288
2795	3094	1859	1235
2796	3520	2204	1316
2797	3631	2362	1269
2798	3361	2081	1280
2799	3167	1917	1250
2800	3454	2237	1217
2801	3549	2314	1235
2802	3222	2030	1192
2803	3208	2006	1202
2804	3601	2356	1245
2805	3555	2351	1204
2806	3118	1989	1129
2807	3061	1932	1129
2808	3339	2162	1177
2809	3450	2254	1196
2810	3398	2143	1255
2811	3123	1891	1232
2812	3223	2091	1132
2813	3370	2186	1184
2814	3167	1973	1194
2815	2941	1902	1039
2816	3313	2193	1120
2817	3550	2369	1181
2818	3270	2106	1164
2819	3247	2030	1217
2820	3328	2209	1119
2821	3445	2312	1133
2822	3347	2141	1206
2823	3135	1966	1169
2824	3314	2178	1136
2825	3400	2234	1166
2826	3122	1951	1171
2827	2979	1839	1140
2828	3348	2190	1158
2829	3494	2319	1175
2830	3200	2018	1182
2831	3214	1961	1253
2832	3386	2208	1178
2833	3527	2333	1194
2834	3170	1996	1174
2835	3072	1939	1133
2836	3294	2231	1063
2837	3342	2277	1065
2838	3065	1967	1098
2839	3035	1903	1132
2840	3240	2146	1094
2841	3462	2359	1103
2842	3388	2203	1185
2843	3225	2005	1220
2844	3413	2257	1156
2845	3574	2416	1158
2846	3255	2184	1071
2847	2981	1923	1058
2848	3234	2132	1102
2849	3516	2375	1141
2850	3151	2087	1064
2851	2985	1949	1036
2852	3300	2183	1117
2853	3429	2297	1132
2854	3170	2082	1088
2855	3154	2009	1145
2856	3504	2321	1183
2857	3500	2394	1106
2858	3316	2150	1166
2859	3201	1983	1218
2860	3276	2120	1156
2861	3471	2320	1151
2862	3135	2025	1110
2863	2979	1878	1101
2864	3447	2338	1109
2865	3508	2360	1148
2866	3211	2030	1181
2867	3284	2092	1192
2868	3862	2590	1272
2869	3658	2417	1241
2870	3287	2052	1235
2871	3232	1982	1250
2872	3420	2227	1193
2873	3432	2300	1132
2874	3192	2001	1191
2875	3247	2007	1240
2876	3367	2194	1173
2877	3328	2240	1088
2878	3109	1959	1150
2879	2997	1824	1173
2880	3315	2139	1176
2881	3514	2330	1184
2882	3225	2034	1191
2883	3129	1961	1168
2884	3428	2273	1155
2885	3515	2357	1158
2886	3174	2042	1132
2887	3078	1916	1162
2888	3365	2166	1199
2889	3452	2280	1172
2890	3201	2034	1167
2891	3042	1885	1157
2892	3400	2233	1167
2893	3622	2395	1227
2894	3239	2056	1183
2895	3103	1951	1152
2896	3282	2188	1094
2897	3365	2305	1060
2898	3173	2095	1078
2899	2962	1891	1071
2900	3228	2119	1109
2901	3516	2364	1152
2902	3183	2071	1112
2903	2913	1836	1077
2904	3214	2150	1064
2905	3378	2273	1105
2906	3134	2027	1107
2907	2976	1919	1057
2908	3281	2224	1057
2909	3380	2290	1090
2910	3008	1955	1053
2911	2830	1803	1027
2912	3227	2123	1104
2913	3468	2313	1155
2914	3194	2093	1101
2915	2976	1884	1092
2916	3143	2119	1024
2917	3384	2333	1051
2918	3163	2066	1097
2919	2957	1897	1060
2920	3147	2141	1006
2921	3236	2245	991
2922	3165	2107	1058
2923	3000	1897	1103
2924	3291	2127	1164
2925	3421	2346	1075
2926	3198	2140	1058
2927	2988	1923	1065
2928	3225	2189	1036
2929	3284	2257	1027
2930	3027	1990	1037
2931	2935	1900	1035
2932	3350	2305	1045
2933	3345	2346	999
2934	3031	2052	979
2935	2789	1846	943
2936	3013	2056	957
2937	3399	2432	967
2938	3138	2123	1015
2939	2944	1919	1025
2940	3162	2157	1005
2941	3243	2257	986
2942	3029	2100	929
2943	2781	1901	880
2944	3290	2299	991
2945	3287	2375	912
2946	2859	2010	849
2947	2719	1845	874
2948	3166	2237	929
2949	3191	2301	890
2950	2928	1995	933
2951	2817	1914	903
2952	2958	2117	841
2953	3148	2290	858
2954	2793	1951	842
2955	2715	1872	843
2956	3133	2225	908
2957	3099	2301	798
2958	2851	2078	773
2959	2685	1873	812
2960	2983	2178	805
2961	3145	2332	813
2962	3027	2115	912
2963	2871	1997	874
2964	3057	2227	830
2965	3075	2235	840
2966	2998	2089	909
2967	2779	1908	871
2968	2842	2101	741
2969	3114	2334	780
2970	2824	2012	812
2971	2657	1860	797
2972	2968	2157	811
2973	3005	2243	762
2974	2723	1979	744
2975	2658	1899	759
2976	3096	2280	816
2977	3084	2304	780
2978	2782	2031	751
2979	2650	1898	752
2980	2920	2217	703
2981	2898	2266	632
2982	2960	2180	780
2983	2863	2056	807
2984	2948	2184	764
2985	3180	2386	794
2986	2858	2089	769
2987	2619	1887	732
2988	2916	2179	737
2989	3037	2343	694
2990	2657	2019	638
2991	2515	1831	684
2992	2875	2114	761
2993	2992	2278	714
2994	2647	1978	669
2995	2562	1904	658
2996	2993	2249	744
2997	3166	2379	787
2998	2738	2011	727
2999	2530	1827	703
3000	2865	2178	687
3001	3212	2446	766
3002	2848	2068	780
3003	2570	1871	699
3004	2923	2225	698
3005	3063	2323	740
3006	2805	2077	728
3007	2570	1863	707
3008	2977	2248	729
3009	3163	2441	722
3010	2978	2240	738
3011	2807	2023	784
3012	2864	2121	743
3013	2932	2222	710
3014	2677	1974	703
3015	2561	1852	709
3016	2849	2141	708
3017	3001	2274	727
3018	2741	2036	705
3019	2570	1864	706
3020	2830	2163	667
3021	2975	2301	674
3022	2788	2054	734
3023	2562	1906	656
3024	2914	2214	700
3025	3024	2310	714
3026	2697	2050	647
3027	2494	1808	686
3028	2849	2133	716
3029	3046	2320	726
3030	2823	2086	737
3031	2650	1902	748
3032	2838	2117	721
3033	3024	2310	714
3034	2863	2116	747
3035	2635	1896	739
3036	2968	2227	741
3037	3087	2374	713
3038	2760	2055	705
3039	2583	1872	711
3040	2803	2073	730
3041	3089	2340	749
3042	2847	2105	742
3043	2526	1818	708
3044	2741	2062	679
3045	2953	2300	653
3046	2785	2086	699
3047	2585	1886	699
3048	2708	2029	679
3049	2819	2163	656
3050	2723	2040	683
3051	2610	1913	697
3052	2791	2117	674
3053	2825	2187	638
3054	2784	2049	735
3055	2655	1905	750
3056	2788	2104	684
3057	2914	2223	691
3058	2676	1983	693
3059	2501	1851	650
3060	2887	2202	685
3061	2962	2283	679
3062	2682	2002	680
3063	2453	1821	632
3064	2712	2057	655
3065	2899	2254	645
3066	2658	2035	623
3067	2543	1878	665
3068	2881	2162	719
3069	2969	2285	684
3070	2727	2042	685
3071	2808	2022	786
3072	2869	2135	734
3073	2916	2220	696
3074	2831	2055	776
3075	2582	1888	694
3076	2881	2190	691
3077	2994	2327	667
3078	2647	2013	634
3079	2600	1916	684
3080	2900	2232	668
3081	3177	2480	697
3082	2811	2124	687
3083	2536	1846	690
3084	2861	2188	673
3085	2953	2337	616
3086	2577	1975	602
3087	2477	1825	652
3088	2840	2180	660
3089	3055	2344	711
3090	2919	2178	741
3091	2586	1948	638
3092	2666	2097	569
3093	2973	2272	701
3094	2887	2113	774
3095	2702	1998	704
3096	2797	2179	618
3097	2976	2347	629
3098	2740	2075	665
3099	2508	1872	636
3100	2699	2136	563
3101	2895	2309	586
3102	2662	2084	578
3103	2536	1909	627
3104	2811	2200	611
3105	2917	2272	645
3106	2693	2021	672
3107	2505	1892	613
3108	2779	2145	634
3109	2892	2210	682
3110	2686	2015	671
3111	2600	1935	665
3112	2731	2080	651
3113	2788	2200	588
3114	2762	2193	569
3115	2541	1975	566
3116	2823	2228	595
3117	2958	2338	620
3118	2586	1987	599
3119	2396	1821	575
3120	2683	2099	584
3121	2886	2321	565
3122	2705	2101	604
3123	2585	1922	663
3124	2817	2173	644
3125	2964	2325	639
3126	2754	2133	621
3127	2523	1960	563
3128	2780	2211	569
3129	2865	2309	556
3130	2735	2108	627
3131	2596	1948	648
3132	2781	2177	604
3133	2870	2304	566
3134	2705	2125	580
3135	2526	1940	586
3136	2790	2199	591
3137	2814	2259	555
3138	2611	2050	561
3139	2429	1874	555
3140	2681	2102	579
3141	2698	2156	542
3142	2462	1942	520
3143	2467	1904	563
3144	2656	2113	543
3145	3030	2373	657
3146	2922	2236	686
3147	2653	2045	608
3148	2640	2094	546
3149	2742	2235	507
3150	2490	1992	498
3151	2445	1893	552
3152	2700	2157	543
3153	2922	2379	543
3154	2695	2109	586
3155	2551	1948	603
3156	2944	2372	572
3157	3039	2474	565
3158	2551	2035	516
3159	2373	1859	514
3160	2868	2246	622
3161	2991	2376	615
3162	2617	2061	556
3163	2468	1916	552
3164	2628	2123	505
3165	2739	2240	499
3166	2484	1982	502
3167	2370	1869	501
3168	2772	2219	553
3169	2878	2318	560
3170	2564	2023	541
3171	2390	1848	542
3172	2681	2136	545
3173	2820	2291	529
3174	2538	2025	513
3175	2390	1859	531
3176	2617	2065	552
3177	2751	2225	526
3178	2620	2068	552
3179	2505	1913	592
3180	2659	2151	508
3181	3056	2518	538
3182	2721	2183	538
3183	2425	1888	537
3184	2577	2103	474
3185	2669	2241	428
3186	2570	2050	520
3187	2420	1857	563
3188	2666	2100	566
3189	2771	2226	545
3190	2504	1995	509
3191	2373	1857	516
3192	2800	2255	545
3193	2840	2293	547
3194	2784	2170	614
3195	2470	1956	514
3196	2576	2084	492
3197	2928	2346	582
3198	2642	2048	594
3199	2434	1853	581
3200	2718	2180	538
3201	2844	2347	497
3202	2760	2184	576
3203	2450	1886	564
3204	2669	2122	547
3205	2928	2313	615
3206	2720	2146	574
3207	2500	1932	568
3208	3014	2329	685
3209	2983	2387	596
3210	2458	1935	523
3211	2401	1842	559
3212	2667	2130	537
3213	2732	2271	461
3214	2556	2039	517
3215	2336	1826	510
3216	2547	2030	517
3217	2727	2206	521
3218	2641	2081	560
3219	2521	1964	557
3220	2696	2141	555
3221	2822	2244	578
3222	2568	2025	543
3223	2329	1849	480
3224	2782	2247	535
3225	2900	2361	539
3226	2530	2008	522
3227	2344	1827	517
3228	2626	2116	510
3229	2748	2276	472
3230	2622	2119	503
3231	2465	1915	550
3232	2566	2052	514
3233	2751	2260	491
3234	2817	2236	581
3235	2573	2035	538
3236	2577	2074	503
3237	2826	2276	550
3238	2709	2170	539
3239	2379	1915	464
3240	2585	2124	461
3241	2717	2214	503
3242	2532	2001	531
3243	2488	1956	532
3244	2754	2181	573
3245	2800	2306	494
3246	2518	2041	477
3247	2458	1928	530
3248	2699	2206	493
3249	3026	2490	536
3250	2571	2094	477
3251	2340	1857	483
3252	2652	2129	523
3253	2756	2257	499
3254	2624	2051	573
3255	2437	1857	580
3256	2632	2133	499
3257	2774	2304	470
3258	2603	2119	484
3259	2318	1895	423
3260	2585	2174	411
3261	2690	2267	423
3262	2407	1963	444
3263	2307	1868	439
3264	2651	2204	447
3265	2787	2268	519
3266	2438	1949	489
3267	2259	1813	446
3268	2651	2177	474
3269	2894	2375	519
3270	2651	2113	538
3271	2472	1987	485
3272	2681	2222	459
3273	2707	2292	415
3274	2495	2045	450
3275	2386	1919	467
3276	2894	2391	503
3277	2904	2390	514
3278	2463	2016	447
3279	2277	1905	372
3280	2637	2208	429
3281	2762	2312	450
3282	2545	2039	506
3283	2402	1913	489
3284	2534	2095	439
3285	2739	2242	497
3286	2551	2034	517
3287	2398	1897	501
3288	2697	2230	467
3289	2678	2274	404
3290	3357	2771	586
3291	2977	2407	570
3292	2496	2048	448
3293	2622	2203	419
3294	2397	1998	399
3295	2301	1885	416
3296	2512	2107	405
3297	2598	2185	413
3298	2366	1984	382
3299	2316	1889	427
3300	2488	2063	425
3301	2643	2222	421
3302	2462	2035	427
3303	2230	1817	413
3304	2421	2030	391
3305	2450	2085	365
3306	2364	1974	390
3307	2270	1853	417
3308	2558	2011	547
3309	2521	2074	447
3310	2375	1978	397
3311	2287	1842	445
3312	2460	2034	426
3313	2481	2087	394
3314	2325	1946	379
3315	2317	1888	429
3316	2536	2098	438
3317	2565	2153	412
3318	2323	1934	389
3319	2413	1954	459
3320	2520	2103	417
3321	2469	2074	395
3322	2426	1954	472
3323	2292	1875	417
3324	2352	1952	400
3325	2576	2132	444
3326	2490	2034	456
3327	2348	1901	447
3328	2655	2147	508
3329	2872	2360	512
3330	2512	2050	462
3331	2417	1952	465
3332	2598	2154	444
3333	2530	2137	393
3334	2364	1954	410
3335	2281	1867	414
3336	2499	2102	397
3337	2589	2208	381
3338	2652	2164	488
3339	2448	1940	508
3340	2866	2330	536
3341	2722	2315	407
3342	2429	2028	401
3343	2363	1927	436
3344	2423	2035	388
3345	2720	2244	476
3346	2624	2154	470
3347	2457	2007	450
3348	2572	2105	467
3349	2581	2145	436
3350	2429	2008	421
3351	2267	1858	409
3352	2526	2109	417
3353	2741	2291	450
3354	2500	2060	440
3355	2353	1919	434
3356	2444	2052	392
3357	2441	2077	364
3358	2431	2034	397
3359	2275	1882	393
3360	2531	2084	447
3361	2690	2240	450
3362	2557	2085	472
3363	2341	1919	422
3364	2521	2118	403
3365	2615	2220	395
3366	2531	2062	469
3367	2500	2017	483
3368	2586	2173	413
3369	2671	2293	378
3370	2557	2057	500
3371	2416	1915	501
3372	2565	2136	429
3373	2679	2228	451
3374	2459	2004	455
3375	2358	1929	429
3376	2550	2123	427
3377	2474	2096	378
3378	2304	1941	363
3379	2828	2329	499
3380	2643	2229	414
3381	2479	2095	384
3382	2402	2002	400
3383	2283	1896	387
3384	2588	2180	408
3385	2714	2297	417
3386	2394	1979	415
3387	2207	1807	400
3388	2428	2030	398
3389	2484	2136	348
3390	2476	2106	370
3391	2243	1909	334
3392	2365	1977	388
3393	2639	2171	468
3394	2480	2037	443
3395	2522	2043	479
3396	2600	2148	452
3397	2532	2145	387
3398	2339	1951	388
3399	2226	1858	368
3400	2390	2018	372
3401	2491	2145	346
3402	2364	1993	371
3403	2210	1892	318
3404	2520	2167	353
3405	2594	2193	401
3406	2298	1941	357
3407	2307	1925	382
3408	2590	2174	416
3409	2693	2277	416
3410	2631	2151	480
3411	2303	1861	442
3412	2580	2157	423
3413	2531	2151	380
3414	2396	1983	413
3415	2336	1917	419
3416	2417	2061	356
3417	2453	2089	364
3418	2317	1931	386
3419	2175	1847	328
3420	2374	2033	341
3421	2561	2190	371
3422	2372	1957	415
3423	2143	1787	356
3424	2263	1922	341
3425	2566	2170	396
3426	2497	2073	424
3427	2333	1934	399
3428	2502	2088	414
3429	2616	2196	420
3430	2462	2047	415
3431	2231	1862	369
3432	2418	2017	401
3433	2517	2096	421
3434	2506	2094	412
3435	2358	1953	405
3436	2381	2023	358
3437	2500	2133	367
3438	2409	2010	399
3439	2305	1932	373
3440	2536	2161	375
3441	2425	2116	309
3442	2446	2077	369
3443	2353	1960	393
3444	2443	2055	388
3445	2410	2050	360
3446	2153	1843	310
3447	2193	1835	358
3448	2325	1972	353
3449	2515	2121	394
3450	2538	2092	446
3451	2348	1950	398
3452	2492	2098	394
3453	2502	2126	376
3454	2517	2097	420
3455	2353	1942	411
3456	2626	2176	450
3457	2659	2254	405
3458	2322	2008	314
3459	2194	1870	324
3460	2436	2089	347
3461	2573	2233	340
3462	2390	2025	365
3463	2154	1785	369
3464	2408	2033	375
3465	2530	2171	359
3466	2327	1958	369
3467	2184	1814	370
3468	2436	2053	383
3469	2576	2192	384
3470	2326	2010	316
3471	2256	1912	344
3472	2570	2165	405
3473	2665	2263	402
3474	2320	1973	347
3475	2123	1806	317
3476	2354	1984	370
3477	2481	2109	372
3478	2318	1932	386
3479	2158	1804	354
3480	2379	2007	372
3481	2452	2127	325
3482	2271	1961	310
3483	2197	1824	373
3484	2379	2021	358
3485	2518	2169	349
3486	2323	1957	366
3487	2280	1877	403
3488	2463	2025	438
3489	2568	2144	424
3490	2312	1919	393
3491	2182	1812	370
3492	2440	2047	393
3493	2564	2175	389
3494	2965	2528	437
3495	2625	2196	429
3496	2508	2099	409
3497	2575	2198	377
3498	2448	2068	380
3499	2320	1983	337
3500	2415	2087	328
3501	2525	2216	309
3502	2359	2043	316
3503	2205	1868	337
3504	2413	2044	369
3505	2593	2156	437
3506	2418	2016	402
3507	2373	1982	391
3508	2536	2134	402
3509	2470	2123	347
3510	2390	2000	390
3511	2267	1876	391
3512	2436	2077	359
3513	2491	2162	329
3514	2345	2005	340
3515	2232	1879	353
3516	2388	2034	354
3517	2470	2113	357
3518	2452	2036	416
3519	2372	1997	375
3520	2319	1995	324
3521	2380	2063	317
3522	2496	2062	434
3523	2586	2121	465
3524	2533	2140	393
3525	2544	2165	379
3526	2443	2071	372
3527	2225	1947	278
3528	2464	2129	335
3529	2574	2216	358
3530	2312	2029	283
3531	2186	1924	262
3532	2296	2007	289
3533	2494	2140	354
3534	2281	1977	304
3535	2255	1945	310
3536	2502	2145	357
3537	2519	2173	346
3538	2297	1947	350
3539	2223	1841	382
3540	2413	2051	362
3541	2632	2248	384
3542	2467	2047	420
3543	2320	1952	368
3544	2439	2142	297
3545	2461	2194	267
3546	2377	2062	315
3547	2257	1897	360
3548	2723	2287	436
3549	2640	2276	364
3550	2306	1973	333
3551	2187	1889	298
3552	2491	2099	392
3553	2563	2161	402
3554	2412	2024	388
3555	2295	1924	371
3556	2425	2093	332
3557	2444	2163	281
3558	2258	1995	263
3559	2129	1886	243
3560	2475	2128	347
3561	2698	2288	410
3562	2351	2016	335
3563	2184	1891	293
3564	2465	2133	332
3565	2491	2194	297
3566	2331	2024	307
3567	2250	1953	297
3568	2598	2301	297
3569	2564	2263	301
3570	2447	2123	324
3571	2223	1928	295
3572	2439	2117	322
3573	2689	2339	350
3574	2324	2003	321
3575	2234	1896	338
3576	2315	1981	334
3577	2480	2148	332
3578	2277	1982	295
3579	2261	1896	365
3580	2392	2072	320
3581	2368	2119	249
3582	2418	2035	383
3583	2300	1930	370
3584	2487	2137	350
3585	2600	2259	341
3586	2369	2066	303
3587	2152	1871	281
3588	2485	2175	310
3589	2618	2282	336
3590	2411	2040	371
3591	2220	1864	356
3592	2558	2112	446
3593	2646	2246	400
3594	2515	2107	408
3595	2343	1990	353
3596	2520	2158	362
3597	2695	2303	392
3598	2466	2114	352
3599	2284	1951	333
3600	2491	2168	323
3601	2604	2297	307
3602	2398	2070	328
3603	2176	1908	268
3604	2445	2113	332
3605	2466	2152	314
3606	2466	2085	381
3607	2359	1995	364
3608	2437	2121	316
3609	2421	2126	295
3610	2409	2063	346
3611	2339	2022	317
3612	2594	2261	333
3613	2755	2397	358
3614	2392	2083	309
3615	2257	1945	312
3616	2432	2066	366
3617	2446	2130	316
3618	2298	2007	291
3619	2352	1995	357
3620	2479	2119	360
3621	2662	2323	339
3622	2678	2274	404
3623	2452	2044	408
3624	2468	2115	353
3625	2510	2183	327
3626	2596	2239	357
3627	2333	2023	310
3628	2348	2100	248
3629	2478	2195	283
3630	2389	2095	294
3631	2261	1936	325
3632	2494	2180	314
3633	2614	2328	286
3634	2472	2120	352
3635	2217	1881	336
3636	2358	2059	299
3637	2521	2212	309
3638	2583	2238	345
3639	2437	2100	337
3640	2493	2153	340
3641	2576	2240	336
3642	2363	2054	309
3643	2161	1870	291
3644	2334	2044	290
3645	2551	2229	322
3646	2425	2122	303
3647	2328	2022	306
3648	2539	2246	293
