index	original	background	difference
-----------------------------------------------------
1	3148	2270	878
2	2944	2116	828
3	2810	2044	766
4	2858	2105	753
5	2838	2099	739
6	2986	2188	798
7	3030	2181	849
8	3029	2211	818
9	2924	2187	737
10	2793	2005	788
11	2767	1971	796
12	2911	2099	812
13	3001	2229	772
14	3004	2194	810
15	2881	2039	842
16	3009	2140	869
17	3006	2176	830
18	2931	2107	824
19	2737	1926	811
20	2867	2002	865
21	3095	2159	936
22	2996	2077	919
23	2896	2013	883
24	2913	2131	782
25	2952	2168	784
26	2866	2058	808
27	2709	1903	806
28	2763	1972	791
29	2889	2072	817
30	2963	2063	900
31	2884	1997	887
32	2908	2089	819
33	2907	2100	807
34	2809	2012	797
35	2914	2087	827
36	3026	2155	871
37	3019	2153	866
38	2926	2068	858
39	2774	1954	820
40	2836	2025	811
41	2977	2114	863
42	2828	1998	830
43	2771	1945	826
44	2928	2051	877
45	3115	2199	916
46	3082	2142	940
47	2917	2041	876
48	2927	2047	880
49	3066	2151	915
50	3075	2186	889
51	2999	2143	856
52	3041	2127	914
53	3124	2234	890
54	2925	2052	873
55	2708	1875	833
56	2916	2058	858
57	3208	2280	928
58	2937	2054	883
59	2746	1922	824
60	2994	2063	931
61	3145	2243	902
62	3051	2164	887
63	2928	2021	907
64	3030	2109	921
65	3108	2182	926
66	3003	2090	913
67	2962	1992	970
68	3001	2051	950
69	2961	2063	898
70	2860	1976	884
71	2973	2063	910
72	3281	2306	975
73	3126	2208	918
74	2920	2047	873
75	2789	1906	883
76	2901	2013	888
77	3064	2144	920
78	3028	2082	946
79	3001	2072	929
80	3072	2128	944
81	3110	2190	920
82	2868	2011	857
83	2905	2009	896
84	3044	2097	947
85	3047	2181	866
86	2954	2098	856
87	2963	2044	919
88	3027	2110	917
89	3140	2187	953
90	3080	2098	982
91	3241	2177	1064
92	3316	2279	1037
93	3076	2130	946
94	2935	2024	911
95	2933	1960	973
96	3092	2140	952
97	3213	2264	949
98	3071	2123	948
99	2975	2050	925
100	2975	2087	888
101	3109	2148	961
102	3146	2098	1048
103	3045	2061	984
104	3240	2265	975
105	3321	2350	971
106	3147	2206	941
107	3015	2063	952
108	3087	2158	929
109	3219	2221	998
110	3064	2111	953
111	3188	2180	1008
112	3261	2219	1042
113	3158	2120	1038
114	3135	2096	1039
115	3081	2086	995
116	3081	2138	943
117	3234	2219	1015
118	3041	2070	971
119	2981	1995	986
120	3048	2083	965
121	3065	2129	936
122	3033	2053	980
123	2926	1936	990
124	2966	2038	928
125	3034	2099	935
126	3065	2078	987
127	3124	2113	1011
128	3419	2384	1035
129	3298	2322	976
130	3109	2133	976
131	2978	2017	961
132	3185	2189	996
133	3161	2193	968
134	2932	1992	940
135	2992	2010	982
136	3212	2176	1036
137	3292	2223	1069
138	3111	2091	1020
139	3083	2096	987
140	3085	2061	1024
141	3098	2109	989
142	3179	2162	1017
143	3161	2085	1076
144	3230	2154	1076
145	3197	2139	1058
146	3243	2160	1083
147	3156	2084	1072
148	3154	2075	1079
149	3350	2253	1097
150	3310	2220	1090
151	3099	2036	1063
152	3320	2212	1108
153	3424	2287	1137
154	3356	2212	1144
155	3225	2156	1069
156	3346	2290	1056
157	3245	2200	1045
158	3065	2042	1023
159	3042	2020	1022
160	3303	2178	1125
161	3374	2231	1143
162	3197	2099	1098
163	3173	2099	1074
164	3359	2268	1091
165	3385	2255	1130
166	3310	2151	1159
167	3205	2068	1137
168	3291	2150	1141
169	3345	2214	1131
170	3222	2131	1091
171	3297	2107	1190
172	3372	2198	1174
173	3338	2230	1108
174	3112	2057	1055
175	3164	2050	1114
176	3234	2112	1122
177	3251	2157	1094
178	3145	2075	1070
179	3219	2075	1144
180	3457	2265	1192
181	3423	2267	1156
182	3334	2185	1149
183	3111	1994	1117
184	3194	2102	1092
185	3267	2187	1080
186	3168	2071	1097
187	3125	1982	1143
188	3210	2081	1129
189	3350	2226	1124
190	3347	2222	1125
191	3329	2135	1194
192	3478	2245	1233
193	3479	2227	1252
194	3254	2107	1147
195	3146	2043	1103
196	3357	2188	1169
197	3413	2218	1195
198	3222	2093	1129
199	3411	2185	1226
200	3451	2236	1215
201	3408	2226	1182
202	3375	2182	1193
203	3209	2061	1148
204	3483	2264	1219
205	3496	2271	1225
206	3309	2110	1199
207	3238	2013	1225
208	3270	2062	1208
209	3469	2238	1231
210	3406	2182	1224
211	3232	2050	1182
212	3526	2293	1233
213	3498	2250	1248
214	3340	2096	1244
215	3213	2020	1193
216	3399	2237	1162
217	3537	2308	1229
218	3290	2053	1237
219	3315	2074	1241
220	3550	2330	1220
221	3518	2292	1226
222	3333	2151	1182
223	3264	2054	1210
224	3327	2148	1179
225	3657	2358	1299
226	3403	2141	1262
227	3359	2116	1243
228	3501	2261	1240
229	3592	2321	1271
230	3373	2141	1232
231	3239	2045	1194
232	3465	2205	1260
233	3810	2417	1393
234	3625	2271	1354
235	3456	2104	1352
236	3452	2137	1315
237	3501	2231	1270
238	3420	2143	1277
239	3379	2079	1300
240	3500	2193	1307
241	3732	2361	1371
242	3576	2238	1338
243	3589	2216	1373
244	3556	2226	1330
245	3432	2205	1227
246	3404	2139	1265
247	3393	2074	1319
248	3606	2233	1373
249	3757	2339	1418
250	3570	2195	1375
251	3348	2024	1324
252	3597	2227	1370
253	3546	2252	1294
254	3566	2209	1357
255	3581	2151	1430
256	3585	2214	1371
257	3592	2219	1373
258	3406	2049	1357
259	3372	2031	1341
260	3540	2137	1403
261	3549	2199	1350
262	3623	2243	1380
263	3569	2116	1453
264	3699	2250	1449
265	3569	2173	1396
266	3542	2120	1422
267	3464	2068	1396
268	3733	2285	1448
269	3771	2313	1458
270	3736	2231	1505
271	3805	2311	1494
272	3672	2253	1419
273	3485	2161	1324
274	3513	2123	1390
275	3677	2153	1524
276	3670	2200	1470
277	3617	2155	1462
278	3535	2098	1437
279	3430	2059	1371
280	3504	2124	1380
281	3602	2166	1436
282	3607	2114	1493
283	3571	2120	1451
284	3739	2281	1458
285	3809	2306	1503
286	3551	2075	1476
287	3483	1993	1490
288	3765	2218	1547
289	3948	2354	1594
290	3808	2285	1523
291	3521	2106	1415
292	3603	2144	1459
293	3725	2245	1480
294	3588	2115	1473
295	3577	2044	1533
296	3686	2161	1525
297	3665	2174	1491
298	3624	2122	1502
299	3598	2064	1534
300	3638	2160	1478
301	3654	2216	1438
302	3532	2076	1456
303	3541	2073	1468
304	3667	2175	1492
305	3671	2206	1465
306	3696	2183	1513
307	3605	2109	1496
308	3682	2141	1541
309	3972	2356	1616
310	3697	2144	1553
311	3534	1992	1542
312	3651	2106	1545
313	3770	2237	1533
314	3860	2280	1580
315	3849	2195	1654
316	3807	2240	1567
317	3708	2184	1524
318	3673	2118	1555
319	3668	2118	1550
320	3688	2189	1499
321	3814	2236	1578
322	3853	2205	1648
323	3662	2113	1549
324	3744	2157	1587
325	3835	2204	1631
326	3670	2084	1586
327	3589	2043	1546
328	3861	2243	1618
329	3963	2318	1645
330	3700	2181	1519
331	3531	2031	1500
332	3839	2238	1601
333	4498	2790	1708
334	4026	2433	1593
335	3769	2197	1572
336	3965	2356	1609
337	3931	2323	1608
338	3790	2147	1643
339	3753	2142	1611
340	3827	2240	1587
341	3949	2279	1670
342	3938	2257	1681
343	3803	2169	1634
344	3821	2154	1667
345	3949	2262	1687
346	3964	2242	1722
347	3723	2060	1663
348	3742	2138	1604
349	3826	2195	1631
350	3846	2161	1685
351	3856	2173	1683
352	4026	2417	1609
353	3926	2332	1594
354	3686	2099	1587
355	3676	2095	1581
356	3894	2210	1684
357	3900	2248	1652
358	3829	2193	1636
359	3715	2052	1663
360	3776	2136	1640
361	3859	2230	1629
362	3855	2241	1614
363	3807	2138	1669
364	3764	2126	1638
365	3786	2155	1631
366	3694	2074	1620
367	3636	1984	1652
368	3931	2229	1702
369	4101	2346	1755
370	3973	2246	1727
371	3832	2164	1668
372	3973	2261	1712
373	4024	2278	1746
374	3872	2154	1718
375	3937	2184	1753
376	3975	2259	1716
377	4014	2302	1712
378	3928	2250	1678
379	3783	2097	1686
380	3966	2273	1693
381	3922	2282	1640
382	3935	2205	1730
383	3818	2076	1742
384	4012	2244	1768
385	4111	2311	1800
386	3929	2190	1739
387	3861	2158	1703
388	4090	2340	1750
389	4137	2421	1716
390	3912	2228	1684
391	3799	2169	1630
392	3993	2281	1712
393	3967	2201	1766
394	3974	2274	1700
395	3905	2171	1734
396	3837	2155	1682
397	3890	2205	1685
398	3889	2158	1731
399	3810	2077	1733
400	3995	2225	1770
401	4020	2282	1738
402	3830	2141	1689
403	3845	2110	1735
404	4129	2337	1792
405	4043	2301	1742
406	4146	2399	1747
407	3910	2211	1699
408	4011	2285	1726
409	3952	2216	1736
410	3801	2073	1728
411	3886	2121	1765
412	3967	2209	1758
413	4000	2246	1754
414	3966	2190	1776
415	3853	2111	1742
416	4017	2255	1762
417	4033	2255	1778
418	3869	2093	1776
419	3706	2011	1695
420	3847	2126	1721
421	3883	2151	1732
422	3798	2083	1715
423	4038	2287	1751
424	4046	2313	1733
425	4073	2305	1768
426	3847	2060	1787
427	3713	1955	1758
428	3895	2199	1696
429	4249	2506	1743
430	4006	2261	1745
431	3858	2116	1742
432	4020	2306	1714
433	4256	2413	1843
434	4009	2174	1835
435	3762	2011	1751
436	4040	2298	1742
437	4071	2382	1689
438	3787	2126	1661
439	3726	2036	1690
440	4003	2277	1726
441	4046	2283	1763
442	3750	2021	1729
443	3833	2041	1792
444	4037	2240	1797
445	4187	2400	1787
446	3978	2214	1764
447	3784	2083	1701
448	4154	2331	1823
449	4252	2441	1811
450	4130	2258	1872
451	3917	2040	1877
452	3992	2208	1784
453	4108	2325	1783
454	3987	2178	1809
455	3865	2077	1788
456	4011	2235	1776
457	4222	2393	1829
458	4022	2170	1852
459	3965	2079	1886
460	4148	2340	1808
461	4121	2392	1729
462	4056	2230	1826
463	3755	1990	1765
464	3913	2155	1758
465	4153	2304	1849
466	3878	2071	1807
467	3798	1980	1818
468	4050	2246	1804
469	4267	2450	1817
470	4138	2344	1794
471	3891	2082	1809
472	3983	2211	1772
473	4208	2408	1800
474	4120	2226	1894
475	3828	1984	1844
476	3943	2156	1787
477	4142	2335	1807
478	4033	2212	1821
479	3760	2002	1758
480	4069	2247	1822
481	4223	2410	1813
482	4175	2347	1828
483	3957	2140	1817
484	4041	2247	1794
485	4062	2300	1762
486	3903	2144	1759
487	3752	1942	1810
488	4041	2208	1833
489	4134	2347	1787
490	3907	2082	1825
491	3755	1955	1800
492	4103	2259	1844
493	4218	2397	1821
494	3986	2161	1825
495	3997	2135	1862
496	4210	2339	1871
497	4160	2313	1847
498	3923	2131	1792
499	3732	1967	1765
500	3997	2202	1795
501	4215	2386	1829
502	3909	2139	1770
503	3838	2037	1801
504	4049	2264	1785
505	4170	2324	1846
506	4146	2251	1895
507	3977	2113	1864
508	4269	2380	1889
509	4408	2516	1892
510	4121	2279	1842
511	3980	2036	1944
512	4193	2281	1912
513	4268	2406	1862
514	4146	2275	1871
515	4159	2237	1922
516	4194	2312	1882
517	4132	2282	1850
518	3971	2160	1811
519	4026	2159	1867
520	4248	2387	1861
521	4189	2383	1806
522	4076	2237	1839
523	4110	2199	1911
524	4127	2307	1820
525	4260	2456	1804
526	4044	2197	1847
527	3881	1973	1908
528	4150	2235	1915
529	4259	2369	1890
530	4010	2143	1867
531	3797	1942	1855
532	4026	2162	1864
533	4124	2313	1811
534	4003	2173	1830
535	4815	2828	1987
536	4611	2717	1894
537	4259	2375	1884
538	3884	2168	1716
539	3862	2028	1834
540	4051	2178	1873
541	4248	2370	1878
542	4052	2162	1890
543	3790	1950	1840
544	4119	2234	1885
545	4241	2429	1812
546	4007	2188	1819
547	3902	2073	1829
548	4168	2312	1856
549	4489	2563	1926
550	4099	2222	1877
551	3789	2000	1789
552	4407	2520	1887
553	4435	2522	1913
554	4156	2302	1854
555	3957	2104	1853
556	4098	2268	1830
557	4129	2289	1840
558	3944	2069	1875
559	3868	2025	1843
560	4016	2214	1802
561	4430	2544	1886
562	4168	2238	1930
563	3866	1980	1886
564	4068	2236	1832
565	4328	2398	1930
566	4136	2184	1952
567	3979	2073	1906
568	4170	2285	1885
569	4257	2371	1886
570	4060	2136	1924
571	3796	1980	1816
572	4088	2241	1847
573	4269	2338	1931
574	4008	2131	1877
575	3817	1973	1844
576	4130	2202	1928
577	4228	2354	1874
578	4113	2198	1915
579	4063	2127	1936
580	4275	2321	1954
581	4384	2396	1988
582	4049	2157	1892
583	3836	1947	1889
584	4052	2172	1880
585	4106	2245	1861
586	4062	2208	1854
587	3947	2082	1865
588	4209	2260	1949
589	4359	2363	1996
590	4223	2189	2034
591	3962	2024	1938
592	4018	2151	1867
593	4122	2296	1826
594	3813	2036	1777
595	3751	1940	1811
596	3992	2161	1831
597	4206	2336	1870
598	4219	2267	1952
599	4013	2058	1955
600	4141	2229	1912
601	4227	2317	1910
602	4097	2196	1901
603	3956	2083	1873
604	4078	2193	1885
605	4132	2260	1872
606	3988	2101	1887
607	3915	1994	1921
608	4261	2273	1988
609	4287	2294	1993
610	4067	2141	1926
611	3981	2079	1902
612	4117	2242	1875
613	4223	2313	1910
614	4146	2229	1917
615	3938	2064	1874
616	4178	2240	1938
617	4343	2361	1982
618	4097	2113	1984
619	3972	2028	1944
620	4420	2443	1977
621	4411	2439	1972
622	4097	2189	1908
623	3988	2065	1923
624	4147	2217	1930
625	4226	2315	1911
626	4101	2175	1926
627	4027	2054	1973
628	4276	2311	1965
629	4299	2363	1936
630	4083	2176	1907
631	3993	2014	1979
632	4245	2250	1995
633	4475	2414	2061
634	4472	2380	2092
635	4201	2148	2053
636	4435	2372	2063
637	4383	2359	2024
638	4134	2174	1960
639	4057	2036	2021
640	4285	2214	2071
641	4300	2264	2036
642	4103	2039	2064
643	4137	2004	2133
644	4224	2186	2038
645	4359	2322	2037
646	4433	2373	2060
647	4268	2205	2063
648	4350	2321	2029
649	4381	2368	2013
650	4069	2042	2027
651	4004	1938	2066
652	4391	2300	2091
653	4479	2407	2072
654	4301	2197	2104
655	4130	2037	2093
656	4291	2181	2110
657	4388	2287	2101
658	4285	2169	2116
659	4111	1977	2134
660	4260	2136	2124
661	4491	2392	2099
662	4246	2214	2032
663	3934	1978	1956
664	4164	2122	2042
665	4296	2256	2040
666	4089	2066	2023
667	4144	2019	2125
668	4374	2229	2145
669	4405	2270	2135
670	4232	2097	2135
671	4107	1977	2130
672	4324	2234	2090
673	4448	2385	2063
674	4415	2258	2157
675	4233	2093	2140
676	4292	2204	2088
677	4409	2270	2139
678	4207	2115	2092
679	4219	2087	2132
680	4404	2237	2167
681	4368	2239	2129
682	4288	2148	2140
683	4134	1994	2140
684	4508	2302	2206
685	4634	2456	2178
686	4401	2169	2232
687	4251	2069	2182
688	4394	2219	2175
689	4567	2317	2250
690	4412	2189	2223
691	4309	2089	2220
692	4484	2251	2233
693	4664	2386	2278
694	4341	2103	2238
695	4245	2007	2238
696	4451	2159	2292
697	4505	2215	2290
698	4402	2130	2272
699	4288	2041	2247
700	4805	2502	2303
701	4759	2479	2280
702	4416	2170	2246
703	4252	2041	2211
704	4620	2369	2251
705	4618	2435	2183
706	4553	2281	2272
707	4372	2064	2308
708	4500	2237	2263
709	4655	2378	2277
710	4372	2112	2260
711	4285	1996	2289
712	4614	2353	2261
713	4847	2488	2359
714	4475	2108	2367
715	4335	2022	2313
716	4694	2301	2393
717	4800	2382	2418
718	4604	2246	2358
719	4374	2076	2298
720	4470	2193	2277
721	4672	2297	2375
722	4730	2288	2442
723	4486	2101	2385
724	4665	2248	2417
725	4762	2430	2332
726	4572	2209	2363
727	4426	2034	2392
728	4600	2197	2403
729	4737	2290	2447
730	4600	2152	2448
731	4420	2002	2418
732	4898	2428	2470
733	4941	2472	2469
734	4761	2216	2545
735	4641	2097	2544
736	4820	2303	2517
737	4905	2366	2539
738	4753	2232	2521
739	4605	2096	2509
740	4985	2402	2583
741	4983	2465	2518
742	4676	2136	2540
743	4545	2003	2542
744	4832	2263	2569
745	4872	2346	2526
746	4706	2237	2469
747	4650	2053	2597
748	4869	2230	2639
749	4922	2330	2592
750	4727	2158	2569
751	4641	2079	2562
752	4859	2301	2558
753	4965	2350	2615
754	4678	2113	2565
755	4514	1929	2585
756	4842	2268	2574
757	5099	2462	2637
758	4883	2261	2622
759	4704	2077	2627
760	4932	2230	2702
761	5090	2365	2725
762	4843	2155	2688
763	4816	2057	2759
764	5060	2251	2809
765	5110	2310	2800
766	4908	2110	2798
767	4806	2012	2794
768	5186	2357	2829
769	5312	2476	2836
770	4923	2157	2766
771	4899	2061	2838
772	5084	2235	2849
773	5190	2364	2826
774	5039	2176	2863
775	4876	2017	2859
776	5550	2673	2877
777	5582	2648	2934
778	5078	2183	2895
779	4958	2088	2870
780	5185	2334	2851
781	5392	2479	2913
782	5218	2263	2955
783	5030	2054	2976
784	5173	2209	2964
785	5205	2264	2941
786	5213	2237	2976
787	5078	2095	2983
788	5321	2268	3053
789	5355	2311	3044
790	5032	2060	2972
791	4922	1961	2961
792	5362	2306	3056
793	5685	2531	3154
794	5385	2215	3170
795	5132	1987	3145
796	5385	2278	3107
797	5426	2364	3062
798	5222	2086	3136
799	5269	2136	3133
800	5470	2349	3121
801	5445	2380	3065
802	5199	2158	3041
803	5088	2017	3071
804	5460	2271	3189
805	5566	2389	3177
806	5287	2143	3144
807	5242	2025	3217
808	5646	2376	3270
809	5743	2443	3300
810	5561	2247	3314
811	5563	2228	3335
812	5737	2383	3354
813	5716	2444	3272
814	5624	2350	3274
815	5425	2158	3267
816	5755	2439	3316
817	5808	2442	3366
818	5552	2182	3370
819	5471	2140	3331
820	5641	2294	3347
821	5728	2343	3385
822	5826	2424	3402
823	5663	2264	3399
824	5730	2291	3439
825	5789	2317	3472
826	5585	2179	3406
827	5563	2162	3401
828	5818	2371	3447
829	6001	2492	3509
830	5636	2187	3449
831	5548	2055	3493
832	5764	2231	3533
833	5748	2336	3412
834	5628	2182	3446
835	5547	2062	3485
836	5967	2396	3571
837	6066	2479	3587
838	5768	2170	3598
839	5639	2047	3592
840	5901	2303	3598
841	5899	2346	3553
842	5765	2140	3625
843	5603	1993	3610
844	5906	2269	3637
845	6267	2529	3738
846	6032	2288	3744
847	5827	2114	3713
848	6085	2279	3806
849	6082	2333	3749
850	6018	2247	3771
851	6007	2189	3818
852	6057	2294	3763
853	6258	2402	3856
854	6049	2237	3812
855	5833	2063	3770
856	6114	2313	3801
857	6247	2366	3881
858	6096	2193	3903
859	5872	2015	3857
860	6128	2241	3887
861	6268	2361	3907
862	6044	2174	3870
863	5964	2015	3949
864	6110	2192	3918
865	6333	2400	3933
866	6275	2254	4021
867	6157	2048	4109
868	6289	2213	4076
869	6454	2423	4031
870	6270	2277	3993
871	6040	2055	3985
872	6210	2203	4007
873	6355	2304	4051
874	6221	2158	4063
875	6175	2098	4077
876	6347	2276	4071
877	6485	2378	4107
878	6321	2197	4124
879	6169	2065	4104
880	6325	2272	4053
881	6459	2375	4084
882	6383	2259	4124
883	6223	2057	4166
884	6428	2274	4154
885	6505	2417	4088
886	6339	2185	4154
887	6290	2050	4240
888	6371	2152	4219
889	6491	2246	4245
890	6722	2316	4406
891	6564	2163	4401
892	6712	2285	4427
893	6871	2383	4488
894	6728	2217	4511
895	6555	2105	4450
896	6681	2267	4414
897	6848	2295	4553
898	6927	2244	4683
899	6604	2086	4518
900	6712	2261	4451
901	6850	2308	4542
902	6668	2185	4483
903	6653	2126	4527
904	7008	2394	4614
905	6968	2359	4609
906	6808	2196	4612
907	6525	2045	4480
908	6894	2319	4575
909	7138	2477	4661
910	6803	2189	4614
911	6651	1983	4668
912	6830	2174	4656
913	6945	2309	4636
914	6874	2166	4708
915	6767	2006	4761
916	6961	2232	4729
917	7104	2399	4705
918	6910	2176	4734
919	6836	2078	4758
920	7099	2253	4846
921	7117	2339	4778
922	6826	2146	4680
923	6779	1959	4820
924	6923	2106	4817
925	7183	2306	4877
926	7018	2138	4880
927	6898	2014	4884
928	7141	2251	4890
929	7290	2423	4867
930	7024	2203	4821
931	6855	2053	4802
932	7149	2252	4897
933	7416	2448	4968
934	7155	2220	4935
935	7029	1982	5047
936	7154	2177	4977
937	7239	2313	4926
938	7144	2104	5040
939	7590	2395	5195
940	7602	2479	5123
941	7656	2596	5060
942	7160	2206	4954
943	6845	1908	4937
944	7268	2213	5055
945	7549	2408	5141
946	7301	2194	5107
947	7166	2101	5065
948	7280	2264	5016
949	7390	2379	5011
950	7459	2338	5121
951	7387	2207	5180
952	7294	2303	4991
953	7348	2359	4989
954	7280	2210	5070
955	7293	2140	5153
956	7397	2335	5062
957	7733	2619	5114
958	7316	2238	5078
959	7156	2082	5074
960	7455	2326	5129
961	7582	2406	5176
962	7529	2281	5248
963	7495	2307	5188
964	7823	2615	5208
965	7700	2444	5256
966	7254	2087	5167
967	7172	2036	5136
968	7669	2373	5296
969	7686	2373	5313
970	7337	2167	5170
971	7289	2085	5204
972	7487	2162	5325
973	7644	2327	5317
974	7533	2229	5304
975	7366	2064	5302
976	7569	2278	5291
977	7683	2298	5385
978	7438	2115	5323
979	7458	2122	5336
980	7746	2330	5416
981	7822	2385	5437
982	7539	2166	5373
983	7480	2082	5398
984	7722	2324	5398
985	7764	2351	5413
986	7670	2240	5430
987	7483	2102	5381
988	7705	2282	5423
989	7719	2368	5351
990	7494	2125	5369
991	7411	2029	5382
992	7722	2332	5390
993	7829	2435	5394
994	7579	2174	5405
995	7356	2026	5330
996	7663	2292	5371
997	7773	2364	5409
998	7547	2148	5399
999	7584	2148	5436
1000	7756	2266	5490
1001	7856	2289	5567
1002	7597	2129	5468
1003	7349	2008	5341
1004	7645	2309	5336
1005	7755	2390	5365
1006	7561	2123	5438
1007	7431	2027	5404
1008	7702	2274	5428
1009	7811	2405	5406
1010	7975	2462	5513
1011	7721	2244	5477
1012	7570	2226	5344
1013	7947	2543	5404
1014	7623	2250	5373
1015	7412	2041	5371
1016	7654	2255	5399
1017	7797	2340	5457
1018	7731	2206	5525
1019	7572	2031	5541
1020	7853	2273	5580
1021	7967	2397	5570
1022	7898	2303	5595
1023	7918	2200	5718
1024	7951	2305	5646
1025	7972	2331	5641
1026	7713	2126	5587
1027	7544	2052	5492
1028	7943	2383	5560
1029	8002	2395	5607
1030	7874	2251	5623
1031	7800	2148	5652
1032	7924	2265	5659
1033	7935	2331	5604
1034	7877	2236	5641
1035	7815	2107	5708
1036	7879	2216	5663
1037	8135	2421	5714
1038	7997	2357	5640
1039	7796	2218	5578
1040	7908	2339	5569
1041	8036	2440	5596
1042	7860	2241	5619
1043	7621	2065	5556
1044	7617	2094	5523
1045	7960	2420	5540
1046	7739	2280	5459
1047	7581	2060	5521
1048	7952	2320	5632
1049	8069	2457	5612
1050	7807	2253	5554
1051	7672	2133	5539
1052	8025	2474	5551
1053	8036	2467	5569
1054	8429	2739	5690
1055	7941	2347	5594
1056	7738	2236	5502
1057	7994	2416	5578
1058	7831	2248	5583
1059	7545	2045	5500
1060	7774	2287	5487
1061	7806	2397	5409
1062	7464	2158	5306
1063	7380	2132	5248
1064	7500	2267	5233
1065	7629	2370	5259
1066	7478	2211	5267
1067	7413	2044	5369
1068	7863	2345	5518
1069	7844	2386	5458
1070	7699	2248	5451
1071	7616	2140	5476
1072	7773	2192	5581
1073	8045	2384	5661
1074	8027	2263	5764
1075	7735	2022	5713
1076	7976	2334	5642
1077	8031	2415	5616
1078	7864	2186	5678
1079	7800	2158	5642
1080	8112	2417	5695
1081	8150	2383	5767
1082	8095	2225	5870
1083	7914	2064	5850
1084	7949	2238	5711
1085	7910	2251	5659
1086	7869	2166	5703
1087	7737	2074	5663
1088	7918	2271	5647
1089	8101	2372	5729
1090	7943	2176	5767
1091	7948	2166	5782
1092	8129	2376	5753
1093	8119	2412	5707
1094	7944	2178	5766
1095	7713	2024	5689
1096	7811	2213	5598
1097	7997	2393	5604
1098	7751	2238	5513
1099	7532	2034	5498
1100	7665	2121	5544
1101	8023	2381	5642
1102	7882	2219	5663
1103	7726	2093	5633
1104	7895	2275	5620
1105	8025	2306	5719
1106	7829	2126	5703
1107	7689	2045	5644
1108	7906	2218	5688
1109	8016	2274	5742
1110	7807	2117	5690
1111	7968	2210	5758
1112	8125	2375	5750
1113	8127	2419	5708
1114	7869	2188	5681
1115	7633	2008	5625
1116	7589	2148	5441
1117	7865	2279	5586
1118	7983	2255	5728
1119	7878	2114	5764
1120	7993	2211	5782
1121	8131	2272	5859
1122	8149	2241	5908
1123	8075	2161	5914
1124	8358	2421	5937
1125	8377	2422	5955
1126	7969	2134	5835
1127	7908	2017	5891
1128	8084	2213	5871
1129	8168	2265	5903
1130	7998	2083	5915
1131	8047	2030	6017
1132	8217	2202	6015
1133	8404	2350	6054
1134	8142	2147	5995
1135	7899	2014	5885
1136	8280	2348	5932
1137	8375	2436	5939
1138	8129	2194	5935
1139	8019	2072	5947
1140	8249	2286	5963
1141	8312	2313	5999
1142	8284	2208	6076
1143	8367	2236	6131
1144	8484	2341	6143
1145	8443	2322	6121
1146	8274	2219	6055
1147	8185	2066	6119
1148	8368	2198	6170
1149	8471	2295	6176
1150	8274	2112	6162
1151	8526	2229	6297
1152	8519	2258	6261
1153	8554	2297	6257
1154	8451	2198	6253
1155	8341	2114	6227
1156	8509	2273	6236
1157	8866	2557	6309
1158	8499	2252	6247
1159	8192	2035	6157
1160	8628	2354	6274
1161	8804	2420	6384
1162	8475	2175	6300
1163	8340	2094	6246
1164	8506	2237	6269
1165	8706	2392	6314
1166	8626	2229	6397
1167	8497	2091	6406
1168	8781	2368	6413
1169	8771	2397	6374
1170	8479	2122	6357
1171	8764	2291	6473
1172	8985	2526	6459
1173	8977	2493	6484
1174	8706	2218	6488
1175	8466	2044	6422
1176	8663	2264	6399
1177	8939	2330	6609
1178	8796	2166	6630
1179	8517	1969	6548
1180	8751	2129	6622
1181	9016	2350	6666
1182	8765	2175	6590
1183	8629	2031	6598
1184	8922	2261	6661
1185	8984	2301	6683
1186	8837	2165	6672
1187	8683	2025	6658
1188	8792	2117	6675
1189	9075	2300	6775
1190	8980	2216	6764
1191	8720	2052	6668
1192	9054	2265	6789
1193	9141	2345	6796
1194	8817	2102	6715
1195	8694	1992	6702
1196	8887	2174	6713
1197	9109	2347	6762
1198	8931	2164	6767
1199	8953	2134	6819
1200	9264	2452	6812
1201	9431	2518	6913
1202	9088	2153	6935
1203	8994	2086	6908
1204	9239	2336	6903
1205	9567	2526	7041
1206	9255	2241	7014
1207	9131	2053	7078
1208	9179	2160	7019
1209	9269	2290	6979
1210	9193	2208	6985
1211	9170	2122	7048
1212	9331	2253	7078
1213	9398	2360	7038
1214	9216	2188	7028
1215	9062	2069	6993
1216	9254	2219	7035
1217	9500	2355	7145
1218	9285	2218	7067
1219	9118	2091	7027
1220	9417	2283	7134
1221	9574	2369	7205
1222	9390	2212	7178
1223	9237	2069	7168
1224	9476	2226	7250
1225	9506	2297	7209
1226	9318	2102	7216
1227	9202	1948	7254
1228	9733	2346	7387
1229	9810	2439	7371
1230	9495	2197	7298
1231	9394	2083	7311
1232	9557	2292	7265
1233	9577	2317	7260
1234	9456	2155	7301
1235	9423	2086	7337
1236	9756	2326	7430
1237	9980	2387	7593
1238	9779	2157	7622
1239	9554	1943	7611
1240	9891	2227	7664
1241	10082	2458	7624
1242	9798	2173	7625
1243	9672	2019	7653
1244	9911	2252	7659
1245	10127	2406	7721
1246	9878	2162	7716
1247	9878	2099	7779
1248	10130	2310	7820
1249	10116	2346	7770
1250	9935	2137	7798
1251	9892	2105	7787
1252	10063	2246	7817
1253	10098	2259	7839
1254	10054	2157	7897
1255	10041	2107	7934
1256	10230	2345	7885
1257	10230	2346	7884
1258	10080	2107	7973
1259	9864	2002	7862
1260	10123	2209	7914
1261	10303	2279	8024
1262	10358	2356	8002
1263	10119	2140	7979
1264	10289	2270	8019
1265	10333	2306	8027
1266	10187	2172	8015
1267	10165	2077	8088
1268	10393	2265	8128
1269	10545	2360	8185
1270	10273	2090	8183
1271	10266	2018	8248
1272	11196	2800	8396
1273	10942	2613	8329
1274	10605	2199	8406
1275	10444	2020	8424
1276	10576	2170	8406
1277	10777	2318	8459
1278	10618	2147	8471
1279	10522	2074	8448
1280	10827	2336	8491
1281	10877	2322	8555
1282	10788	2231	8557
1283	10642	2074	8568
1284	10875	2231	8644
1285	10975	2338	8637
1286	10713	2148	8565
1287	10627	2081	8546
1288	10889	2294	8595
1289	11054	2413	8641
1290	10892	2223	8669
1291	10735	2090	8645
1292	11093	2336	8757
1293	11083	2376	8707
1294	10829	2080	8749
1295	10828	1955	8873
1296	11599	2609	8990
1297	11672	2672	9000
1298	11148	2230	8918
1299	11152	2150	9002
1300	11303	2297	9006
1301	11423	2380	9043
1302	11232	2168	9064
1303	11144	2037	9107
1304	11469	2322	9147
1305	11665	2461	9204
1306	11421	2209	9212
1307	11371	2127	9244
1308	11568	2318	9250
1309	11805	2473	9332
1310	11605	2231	9374
1311	11351	2073	9278
1312	11740	2328	9412
1313	11718	2314	9404
1314	11676	2227	9449
1315	11711	2166	9545
1316	12007	2337	9670
1317	12012	2354	9658
1318	11714	2142	9572
1319	11575	2012	9563
1320	11896	2251	9645
1321	12248	2486	9762
1322	11912	2199	9713
1323	11676	1991	9685
1324	11959	2188	9771
1325	12071	2234	9837
1326	12066	2101	9965
1327	11792	1996	9796
1328	12068	2259	9809
1329	12404	2421	9983
1330	12159	2224	9935
1331	11903	2001	9902
1332	12048	2165	9883
1333	12348	2371	9977
1334	12236	2163	10073
1335	12082	2014	10068
1336	12385	2263	10122
1337	12436	2353	10083
1338	12272	2162	10110
1339	12104	2013	10091
1340	12453	2250	10203
1341	12599	2383	10216
1342	12275	2153	10122
1343	12235	2021	10214
1344	12439	2208	10231
1345	12512	2338	10174
1346	12557	2301	10256
1347	12433	2147	10286
1348	12536	2204	10332
1349	12629	2270	10359
1350	12433	2116	10317
1351	12269	1973	10296
1352	12869	2397	10472
1353	12815	2408	10407
1354	12567	2075	10492
1355	12622	2037	10585
1356	12837	2233	10604
1357	12863	2295	10568
1358	12856	2268	10588
1359	12809	2216	10593
1360	12824	2270	10554
1361	12938	2333	10605
1362	12774	2169	10605
1363	12542	2027	10515
1364	12879	2304	10575
1365	12985	2417	10568
1366	12995	2244	10751
1367	12776	2075	10701
1368	13011	2308	10703
1369	13119	2392	10727
1370	12956	2208	10748
1371	12701	2066	10635
1372	12937	2287	10650
1373	13231	2466	10765
1374	12909	2257	10652
1375	12864	2075	10789
1376	12961	2257	10704
1377	13014	2282	10732
1378	12967	2197	10770
1379	12931	2113	10818
1380	13030	2228	10802
1381	13104	2299	10805
1382	12878	2154	10724
1383	12870	2024	10846
1384	13072	2215	10857
1385	13096	2341	10755
1386	12914	2127	10787
1387	12814	2015	10799
1388	13399	2460	10939
1389	13409	2541	10868
1390	13011	2249	10762
1391	13010	2153	10857
1392	13179	2308	10871
1393	13216	2376	10840
1394	12981	2120	10861
1395	12910	1952	10958
1396	13227	2215	11012
1397	13407	2396	11011
1398	13250	2165	11085
1399	13154	2139	11015
1400	13198	2307	10891
1401	13400	2360	11040
1402	13222	2148	11074
1403	13228	2110	11118
1404	13439	2250	11189
1405	13443	2318	11125
1406	13152	2107	11045
1407	13068	2024	11044
1408	13313	2128	11185
1409	13543	2305	11238
1410	13380	2198	11182
1411	13230	2039	11191
1412	13293	2176	11117
1413	13428	2341	11087
1414	13461	2225	11236
1415	13489	2150	11339
1416	13719	2295	11424
1417	13718	2349	11369
1418	13773	2293	11480
1419	13618	2164	11454
1420	13559	2233	11326
1421	13763	2367	11396
1422	13675	2148	11527
1423	13556	2065	11491
1424	13905	2403	11502
1425	13985	2454	11531
1426	13665	2129	11536
1427	13601	1983	11618
1428	14030	2319	11711
1429	13970	2344	11626
1430	13640	2108	11532
1431	13583	2034	11549
1432	13841	2249	11592
1433	13912	2392	11520
1434	13807	2180	11627
1435	13730	2084	11646
1436	14058	2443	11615
1437	14186	2512	11674
1438	13742	2223	11519
1439	13645	2140	11505
1440	13933	2446	11487
1441	13885	2397	11488
1442	13592	2109	11483
1443	13507	2021	11486
1444	13878	2329	11549
1445	13766	2358	11408
1446	13430	2080	11350
1447	13382	1978	11404
1448	13639	2217	11422
1449	13647	2286	11361
1450	13680	2206	11474
1451	13382	2063	11319
1452	13520	2201	11319
1453	13595	2214	11381
1454	13308	2004	11304
1455	13385	1985	11400
1456	13548	2296	11252
1457	13495	2331	11164
1458	13228	2121	11107
1459	13092	1959	11133
1460	13476	2261	11215
1461	13529	2397	11132
1462	13196	2118	11078
1463	13216	2110	11106
1464	13275	2232	11043
1465	13313	2280	11033
1466	13400	2298	11102
1467	13217	2135	11082
1468	13442	2327	11115
1469	13552	2436	11116
1470	13207	2195	11012
1471	13139	2025	11114
1472	13312	2253	11059
1473	13366	2302	11064
1474	13216	2161	11055
1475	13006	2042	10964
1476	13296	2298	10998
1477	13471	2417	11054
1478	13183	2154	11029
1479	13104	2062	11042
1480	13356	2214	11142
1481	13317	2285	11032
1482	13339	2200	11139
1483	13292	2154	11138
1484	13505	2336	11169
1485	13720	2445	11275
1486	13578	2338	11240
1487	13236	2159	11077
1488	13288	2245	11043
1489	13406	2284	11122
1490	13188	2101	11087
1491	13414	2242	11172
1492	13510	2353	11157
1493	13364	2291	11073
1494	13159	2064	11095
1495	13114	2018	11096
1496	13473	2318	11155
1497	13368	2305	11063
1498	13108	2103	11005
1499	12981	1994	10987
1500	13220	2222	10998
1501	13372	2355	11017
1502	13089	2151	10938
1503	12987	2062	10925
1504	13217	2304	10913
1505	13463	2456	11007
1506	13113	2200	10913
1507	12882	2012	10870
1508	12994	2105	10889
1509	13301	2439	10862
1510	13011	2179	10832
1511	12870	1972	10898
1512	13096	2251	10845
1513	13190	2405	10785
1514	13129	2301	10828
1515	12813	2114	10699
1516	12948	2322	10626
1517	13106	2394	10712
1518	12934	2252	10682
1519	12698	2053	10645
1520	12856	2274	10582
1521	13106	2465	10641
1522	12984	2315	10669
1523	12592	2068	10524
1524	12625	2134	10491
1525	12742	2270	10472
1526	12700	2206	10494
1527	12691	2044	10647
1528	12780	2166	10614
1529	12801	2247	10554
1530	12674	2107	10567
1531	12714	2136	10578
1532	12769	2296	10473
1533	12660	2306	10354
1534	12696	2175	10521
1535	12725	2154	10571
1536	12707	2210	10497
1537	12709	2299	10410
1538	12755	2300	10455
1539	12568	2184	10384
1540	12771	2368	10403
1541	12708	2379	10329
1542	12705	2361	10344
1543	12736	2322	10414
1544	12607	2292	10315
1545	12569	2247	10322
1546	12280	2061	10219
1547	12309	2033	10276
1548	12539	2243	10296
1549	12509	2313	10196
1550	12305	2150	10155
1551	12066	1977	10089
1552	12442	2319	10123
1553	12628	2463	10165
1554	12268	2154	10114
1555	12128	2036	10092
1556	12323	2200	10123
1557	12496	2400	10096
1558	12150	2116	10034
1559	12027	2015	10012
1560	12176	2189	9987
1561	12448	2367	10081
1562	12154	2203	9951
1563	12121	2081	10040
1564	12307	2246	10061
1565	12284	2315	9969
1566	12023	2139	9884
1567	11943	2042	9901
1568	12579	2508	10071
1569	12501	2518	9983
1570	11945	2146	9799
1571	11839	2057	9782
1572	13075	3058	10017
1573	12623	2799	9824
1574	11818	2133	9685
1575	11737	2062	9675
1576	12269	2509	9760
1577	12102	2439	9663
1578	11667	2207	9460
1579	11788	2216	9572
1580	11805	2302	9503
1581	11844	2346	9498
1582	11652	2127	9525
1583	11417	2033	9384
1584	11473	2122	9351
1585	11465	2239	9226
1586	11463	2171	9292
1587	11358	2067	9291
1588	11564	2220	9344
1589	11769	2381	9388
1590	11390	2170	9220
1591	11126	1989	9137
1592	11491	2234	9257
1593	11400	2261	9139
1594	11257	2120	9137
1595	11366	2194	9172
1596	11870	2696	9174
1597	11674	2516	9158
1598	11261	2152	9109
1599	11202	2026	9176
1600	11484	2244	9240
1601	11435	2249	9186
1602	11309	2207	9102
1603	11281	2145	9136
1604	11295	2260	9035
1605	11277	2272	9005
1606	11238	2125	9113
1607	11208	2095	9113
1608	11375	2274	9101
1609	11340	2256	9084
1610	11176	2083	9093
1611	11242	2013	9229
1612	11365	2271	9094
1613	11404	2307	9097
1614	11333	2220	9113
1615	11081	2033	9048
1616	11378	2270	9108
1617	11565	2351	9214
1618	11453	2306	9147
1619	11349	2183	9166
1620	11486	2339	9147
1621	11491	2390	9101
1622	11174	2134	9040
1623	11060	2042	9018
1624	11604	2442	9162
1625	11509	2469	9040
1626	11042	2191	8851
1627	10981	2054	8927
1628	11587	2492	9095
1629	11652	2581	9071
1630	11223	2218	9005
1631	10884	1995	8889
1632	11232	2306	8926
1633	11273	2322	8951
1634	11082	2166	8916
1635	10976	2055	8921
1636	11173	2212	8961
1637	11259	2242	9017
1638	10944	2081	8863
1639	10796	2059	8737
1640	11179	2437	8742
1641	11342	2474	8868
1642	11147	2254	8893
1643	10810	2024	8786
1644	10940	2165	8775
1645	10987	2255	8732
1646	10886	2163	8723
1647	10711	2027	8684
1648	11001	2276	8725
1649	11071	2355	8716
1650	10820	2121	8699
1651	10751	2017	8734
1652	11030	2259	8771
1653	11003	2327	8676
1654	10719	2061	8658
1655	10696	2007	8689
1656	10805	2175	8630
1657	10817	2188	8629
1658	10819	2117	8702
1659	10735	2056	8679
1660	10890	2347	8543
1661	11170	2551	8619
1662	10825	2251	8574
1663	10695	2063	8632
1664	10958	2282	8676
1665	10924	2343	8581
1666	10734	2205	8529
1667	10708	2147	8561
1668	10880	2264	8616
1669	10794	2311	8483
1670	10768	2189	8579
1671	10805	2143	8662
1672	10803	2273	8530
1673	10846	2308	8538
1674	10745	2139	8606
1675	10584	1986	8598
1676	10847	2191	8656
1677	11000	2302	8698
1678	10869	2173	8696
1679	10613	2052	8561
1680	10878	2358	8520
1681	11108	2458	8650
1682	10795	2202	8593
1683	10566	2014	8552
1684	10914	2324	8590
1685	10928	2361	8567
1686	10467	2076	8391
1687	10613	2102	8511
1688	10807	2248	8559
1689	10802	2261	8541
1690	10689	2155	8534
1691	10593	2074	8519
1692	10840	2336	8504
1693	10844	2333	8511
1694	10572	2066	8506
1695	10451	2042	8409
1696	10706	2237	8469
1697	10780	2314	8466
1698	10611	2162	8449
1699	10521	2089	8432
1700	10848	2376	8472
1701	10911	2466	8445
1702	10591	2141	8450
1703	10504	2063	8441
1704	10605	2210	8395
1705	10821	2312	8509
1706	10661	2129	8532
1707	10525	2072	8453
1708	10859	2344	8515
1709	10944	2505	8439
1710	10839	2361	8478
1711	10602	2130	8472
1712	10763	2292	8471
1713	10899	2412	8487
1714	10689	2185	8504
1715	10471	1974	8497
1716	10724	2193	8531
1717	10860	2306	8554
1718	10689	2158	8531
1719	10650	2093	8557
1720	10851	2338	8513
1721	10908	2343	8565
1722	10763	2160	8603
1723	10586	2043	8543
1724	10889	2302	8587
1725	10965	2405	8560
1726	10707	2173	8534
1727	10605	2048	8557
1728	10573	2082	8491
1729	10862	2320	8542
1730	10768	2142	8626
1731	10656	2064	8592
1732	10817	2251	8566
1733	10935	2257	8678
1734	10801	2084	8717
1735	10655	1949	8706
1736	10828	2124	8704
1737	10975	2349	8626
1738	10822	2275	8547
1739	10664	2099	8565
1740	10925	2237	8688
1741	11036	2307	8729
1742	10950	2191	8759
1743	10812	2101	8711
1744	10874	2223	8651
1745	10892	2265	8627
1746	10758	2116	8642
1747	10826	2092	8734
1748	10927	2240	8687
1749	11023	2309	8714
1750	10815	2116	8699
1751	10660	1960	8700
1752	10849	2179	8670
1753	11104	2349	8755
1754	10873	2187	8686
1755	10717	2007	8710
1756	10995	2250	8745
1757	11151	2339	8812
1758	10974	2144	8830
1759	10775	1993	8782
1760	10953	2183	8770
1761	11013	2227	8786
1762	10893	2138	8755
1763	10766	2017	8749
1764	11175	2287	8888
1765	11288	2379	8909
1766	10892	2114	8778
1767	10739	2032	8707
1768	10984	2155	8829
1769	11057	2246	8811
1770	10945	2155	8790
1771	11066	2132	8934
1772	11228	2307	8921
1773	11337	2430	8907
1774	11242	2337	8905
1775	11038	2098	8940
1776	11162	2229	8933
1777	11210	2289	8921
1778	10964	2060	8904
1779	10743	1953	8790
1780	10929	2130	8799
1781	11175	2246	8929
1782	11141	2244	8897
1783	10852	2097	8755
1784	10845	2126	8719
1785	11236	2362	8874
1786	11198	2249	8949
1787	10894	1998	8896
1788	11099	2225	8874
1789	11302	2359	8943
1790	11258	2239	9019
1791	11092	2057	9035
1792	11157	2142	9015
1793	11420	2371	9049
1794	11168	2126	9042
1795	10945	1983	8962
1796	11243	2252	8991
1797	11399	2338	9061
1798	11369	2241	9128
1799	11251	2159	9092
1800	11275	2333	8942
1801	11320	2324	8996
1802	11108	2066	9042
1803	11129	2004	9125
1804	11338	2185	9153
1805	11599	2514	9085
1806	11239	2213	9026
1807	11103	1967	9136
1808	11333	2214	9119
1809	11305	2188	9117
1810	11262	2083	9179
1811	11225	2017	9208
1812	11269	2118	9151
1813	11640	2394	9246
1814	11582	2299	9283
1815	11248	2067	9181
1816	11561	2351	9210
1817	11613	2450	9163
1818	11383	2248	9135
1819	11152	2030	9122
1820	11281	2136	9145
1821	11478	2241	9237
1822	11515	2161	9354
1823	11249	1999	9250
1824	11470	2215	9255
1825	11546	2336	9210
1826	11223	2106	9117
1827	11348	2105	9243
1828	11882	2520	9362
1829	11729	2415	9314
1830	11551	2194	9357
1831	11326	2031	9295
1832	11520	2285	9235
1833	11541	2342	9199
1834	11333	2104	9229
1835	11259	1971	9288
1836	11414	2166	9248
1837	11454	2306	9148
1838	11564	2292	9272
1839	11326	2106	9220
1840	11383	2180	9203
1841	11428	2233	9195
1842	11228	2075	9153
1843	11106	1997	9109
1844	11303	2168	9135
1845	11493	2315	9178
1846	11219	2072	9147
1847	11177	1994	9183
1848	11276	2159	9117
1849	11327	2239	9088
1850	11149	2124	9025
1851	11118	2017	9101
1852	11217	2133	9084
1853	11207	2247	8960
1854	11185	2161	9024
1855	10992	2009	8983
1856	11269	2234	9035
1857	11420	2360	9060
1858	11075	2160	8915
1859	10833	2014	8819
1860	11015	2169	8846
1861	11128	2300	8828
1862	10956	2119	8837
1863	10806	1957	8849
1864	11009	2235	8774
1865	11266	2521	8745
1866	10797	2160	8637
1867	10453	1921	8532
1868	10829	2210	8619
1869	11015	2370	8645
1870	10679	2051	8628
1871	10559	1934	8625
1872	10947	2306	8641
1873	10895	2293	8602
1874	10435	1940	8495
1875	10338	1820	8518
1876	10851	2341	8510
1877	10792	2409	8383
1878	10388	2036	8352
1879	10197	1889	8308
1880	10685	2314	8371
1881	10821	2423	8398
1882	10358	2063	8295
1883	10137	1917	8220
1884	10438	2234	8204
1885	10441	2308	8133
1886	10121	1990	8131
1887	10042	1856	8186
1888	10492	2292	8200
1889	10523	2438	8085
1890	10274	2153	8121
1891	10060	1949	8111
1892	10324	2254	8070
1893	10283	2284	7999
1894	10007	2041	7966
1895	9889	1898	7991
1896	10320	2217	8103
1897	10426	2354	8072
1898	10024	2105	7919
1899	9802	1922	7880
1900	9941	2168	7773
1901	10100	2272	7828
1902	9986	2062	7924
1903	9784	1883	7901
1904	9896	2078	7818
1905	10058	2216	7842
1906	9798	2002	7796
1907	9604	1924	7680
1908	9936	2209	7727
1909	10136	2355	7781
1910	9715	2070	7645
1911	9492	1910	7582
1912	9725	2144	7581
1913	9889	2329	7560
1914	9763	2219	7544
1915	9706	2177	7529
1916	9934	2364	7570
1917	9902	2383	7519
1918	9542	2140	7402
1919	9234	1946	7288
1920	9586	2230	7356
1921	9683	2346	7337
1922	9244	2022	7222
1923	9184	1962	7222
1924	9519	2286	7233
1925	9387	2267	7120
1926	9051	1998	7053
1927	9087	1989	7098
1928	9449	2267	7182
1929	9500	2443	7057
1930	9076	2060	7016
1931	8862	1881	6981
1932	9154	2208	6946
1933	9123	2278	6845
1934	8772	2023	6749
1935	8677	1941	6736
1936	8881	2163	6718
1937	9247	2470	6777
1938	8879	2185	6694
1939	8486	1865	6621
1940	8834	2144	6690
1941	8935	2326	6609
1942	8732	2121	6611
1943	8486	1897	6589
1944	8593	2131	6462
1945	8722	2303	6419
1946	8479	2059	6420
1947	8181	1905	6276
1948	8496	2223	6273
1949	8600	2332	6268
1950	8296	2076	6220
1951	8108	1941	6167
1952	8433	2238	6195
1953	8582	2319	6263
1954	8299	2132	6167
1955	7912	1926	5986
1956	8160	2125	6035
1957	8278	2281	5997
1958	7955	2030	5925
1959	8034	2026	6008
1960	8208	2272	5936
1961	8188	2278	5910
1962	7843	2014	5829
1963	7691	1875	5816
1964	7974	2089	5885
1965	8228	2305	5923
1966	7921	2100	5821
1967	7735	1978	5757
1968	7912	2269	5643
1969	8029	2363	5666
1970	7730	2064	5666
1971	7427	1856	5571
1972	7532	2005	5527
1973	7831	2309	5522
1974	7495	2056	5439
1975	7290	1861	5429
1976	7530	2069	5461
1977	7796	2330	5466
1978	7621	2213	5408
1979	7414	2045	5369
1980	7724	2303	5421
1981	7754	2376	5378
1982	7368	2127	5241
1983	7208	1952	5256
1984	7294	2213	5081
1985	7685	2500	5185
1986	7395	2212	5183
1987	6884	1866	5018
1988	7170	2095	5075
1989	7518	2406	5112
1990	7166	2098	5068
1991	6979	1955	5024
1992	7287	2269	5018
1993	7325	2412	4913
1994	6945	2043	4902
1995	6846	1881	4965
1996	7032	2150	4882
1997	7111	2279	4832
1998	6735	1977	4758
1999	6687	1911	4776
2000	7033	2193	4840
2001	7073	2283	4790
2002	6636	1962	4674
2003	6587	1961	4626
2004	6947	2300	4647
2005	7064	2404	4660
2006	6612	2103	4509
2007	6418	1933	4485
2008	6862	2336	4526
2009	6809	2403	4406
2010	6814	2368	4446
2011	6555	2161	4394
2012	6618	2238	4380
2013	6798	2391	4407
2014	6447	2108	4339
2015	6162	1880	4282
2016	6431	2193	4238
2017	6503	2320	4183
2018	6170	2032	4138
2019	6017	1874	4143
2020	6348	2167	4181
2021	6630	2362	4268
2022	6156	2027	4129
2023	6033	1923	4110
2024	6292	2276	4016
2025	6371	2321	4050
2026	6125	2122	4003
2027	5990	2044	3946
2028	6132	2211	3921
2029	6196	2242	3954
2030	5997	2010	3987
2031	5865	1919	3946
2032	6191	2244	3947
2033	6217	2336	3881
2034	6162	2292	3870
2035	5820	2033	3787
2036	5922	2184	3738
2037	6241	2442	3799
2038	5859	2103	3756
2039	5688	1936	3752
2040	5811	2190	3621
2041	5963	2283	3680
2042	5777	2079	3698
2043	5572	1904	3668
2044	5808	2227	3581
2045	6131	2491	3640
2046	5730	2148	3582
2047	5370	1878	3492
2048	5721	2172	3549
2049	5902	2325	3577
2050	5474	2010	3464
2051	5379	1887	3492
2052	5760	2273	3487
2053	5824	2439	3385
2054	5435	2099	3336
2055	5335	1948	3387
2056	5595	2271	3324
2057	5525	2255	3270
2058	5207	1942	3265
2059	5077	1876	3201
2060	5440	2168	3272
2061	5652	2345	3307
2062	5321	2074	3247
2063	5321	2072	3249
2064	5566	2349	3217
2065	5491	2313	3178
2066	5182	1982	3200
2067	5069	1870	3199
2068	5484	2300	3184
2069	5584	2453	3131
2070	5121	2076	3045
2071	5001	1924	3077
2072	5259	2185	3074
2073	5551	2486	3065
2074	5262	2196	3066
2075	4801	1857	2944
2076	5052	2133	2919
2077	5240	2317	2923
2078	5266	2285	2981
2079	4940	2023	2917
2080	4968	2121	2847
2081	5057	2182	2875
2082	4885	2007	2878
2083	4795	1883	2912
2084	5221	2307	2914
2085	5088	2324	2764
2086	4759	1988	2771
2087	4617	1803	2814
2088	4807	2074	2733
2089	5005	2210	2795
2090	4692	1967	2725
2091	4582	1863	2719
2092	4871	2158	2713
2093	4937	2281	2656
2094	4743	2062	2681
2095	4485	1860	2625
2096	4720	2125	2595
2097	4851	2263	2588
2098	4689	2111	2578
2099	4813	2154	2659
2100	4945	2297	2648
2101	4913	2316	2597
2102	4674	2016	2658
2103	4509	1831	2678
2104	4594	2057	2537
2105	4766	2229	2537
2106	4514	1973	2541
2107	4378	1858	2520
2108	4819	2262	2557
2109	4830	2344	2486
2110	4593	2120	2473
2111	4377	1914	2463
2112	4610	2151	2459
2113	4905	2404	2501
2114	4617	2152	2465
2115	4327	1922	2405
2116	4528	2135	2393
2117	4756	2320	2436
2118	4535	2067	2468
2119	4440	1984	2456
2120	4534	2191	2343
2121	4724	2333	2391
2122	4562	2131	2431
2123	4251	1937	2314
2124	4444	2165	2279
2125	4707	2401	2306
2126	4446	2083	2363
2127	4138	1840	2298
2128	4414	2177	2237
2129	4576	2336	2240
2130	4317	2061	2256
2131	4074	1871	2203
2132	4351	2125	2226
2133	4531	2301	2230
2134	4258	2011	2247
2135	4027	1827	2200
2136	4174	2095	2079
2137	4544	2375	2169
2138	4253	2100	2153
2139	3944	1865	2079
2140	4312	2213	2099
2141	4453	2307	2146
2142	4169	2046	2123
2143	4147	1954	2193
2144	4183	2122	2061
2145	4313	2302	2011
2146	4165	2121	2044
2147	3916	1903	2013
2148	4203	2157	2046
2149	4292	2275	2017
2150	4094	2101	1993
2151	3868	1889	1979
2152	4288	2262	2026
2153	4600	2582	2018
2154	4184	2172	2012
2155	3972	1934	2038
2156	4259	2277	1982
2157	4291	2315	1976
2158	3893	1961	1932
2159	3752	1896	1856
2160	4082	2135	1947
2161	4436	2388	2048
2162	4307	2278	2029
2163	3874	1983	1891
2164	3985	2129	1856
2165	4239	2324	1915
2166	3937	2082	1855
2167	3668	1877	1791
2168	3915	2095	1820
2169	4050	2255	1795
2170	4021	2172	1849
2171	3771	1900	1871
2172	3936	2094	1842
2173	4063	2288	1775
2174	3852	2034	1818
2175	3765	1988	1777
2176	3927	2218	1709
2177	3957	2255	1702
2178	3952	2194	1758
2179	3860	2096	1764
2180	4010	2243	1767
2181	4083	2322	1761
2182	3731	2066	1665
2183	3553	1872	1681
2184	3973	2199	1774
2185	4244	2479	1765
2186	3878	2172	1706
2187	3746	2019	1727
2188	3877	2180	1697
2189	3913	2259	1654
2190	3640	2017	1623
2191	3687	1973	1714
2192	3946	2247	1699
2193	4049	2363	1686
2194	3757	2049	1708
2195	3539	1853	1686
2196	3714	2105	1609
2197	3952	2366	1586
2198	3678	2103	1575
2199	3525	1910	1615
2200	4028	2352	1676
2201	4007	2363	1644
2202	3738	2119	1619
2203	3571	1937	1634
2204	3581	2047	1534
2205	3732	2231	1501
2206	3509	2028	1481
2207	3573	1952	1621
2208	3716	2173	1543
2209	3758	2279	1479
2210	3587	2047	1540
2211	3630	1988	1642
2212	3727	2158	1569
2213	3843	2297	1546
2214	3561	2087	1474
2215	3293	1854	1439
2216	3591	2106	1485
2217	3719	2286	1433
2218	3477	2021	1456
2219	3349	1845	1504
2220	3578	2073	1505
2221	3789	2265	1524
2222	3535	2041	1494
2223	3289	1815	1474
2224	3609	2129	1480
2225	3638	2227	1411
2226	3579	2137	1442
2227	3470	1987	1483
2228	3615	2181	1434
2229	3703	2288	1415
2230	3410	1993	1417
2231	3210	1843	1367
2232	3741	2290	1451
2233	3957	2489	1468
2234	3504	2146	1358
2235	3357	1974	1383
2236	3523	2140	1383
2237	3745	2331	1414
2238	3516	2164	1352
2239	3358	2033	1325
2240	3506	2177	1329
2241	3558	2214	1344
2242	3454	2104	1350
2243	3244	1913	1331
2244	3509	2131	1378
2245	3612	2298	1314
2246	3389	2049	1340
2247	3226	1869	1357
2248	3720	2328	1392
2249	3724	2352	1372
2250	3444	2183	1261
2251	3311	2014	1297
2252	3649	2273	1376
2253	3628	2322	1306
2254	3269	2003	1266
2255	3266	1957	1309
2256	3506	2203	1303
2257	3603	2326	1277
2258	3285	2056	1229
2259	3207	1939	1268
2260	3526	2217	1309
2261	3541	2282	1259
2262	3368	2112	1256
2263	3223	1956	1267
2264	3355	2122	1233
2265	3451	2239	1212
2266	3286	2025	1261
2267	3170	1907	1263
2268	3374	2130	1244
2269	3364	2163	1201
2270	3172	2008	1164
2271	3355	2088	1267
2272	3549	2289	1260
2273	3586	2324	1262
2274	3277	2052	1225
2275	3019	1863	1156
2276	3338	2196	1142
2277	3560	2344	1216
2278	3385	2141	1244
2279	3151	1945	1206
2280	3284	2133	1151
2281	3578	2350	1228
2282	3386	2148	1238
2283	3203	1967	1236
2284	3648	2361	1287
2285	3639	2399	1240
2286	3187	2009	1178
2287	2985	1865	1120
2288	3352	2182	1170
2289	3901	2705	1196
2290	3596	2385	1211
2291	3081	1926	1155
2292	3513	2311	1202
2293	3657	2474	1183
2294	3238	2092	1146
2295	2992	1877	1115
2296	3342	2222	1120
2297	3601	2462	1139
2298	3194	2113	1081
2299	3058	1972	1086
2300	3185	2097	1088
2301	3333	2240	1093
2302	3143	2019	1124
2303	2959	1851	1108
2304	3260	2164	1096
2305	3341	2288	1053
2306	3024	1971	1053
2307	2948	1854	1094
2308	3132	2103	1029
2309	3343	2301	1042
2310	3067	2049	1018
2311	2984	1941	1043
2312	3222	2138	1084
2313	3321	2274	1047
2314	3072	2023	1049
2315	2912	1892	1020
2316	3164	2160	1004
2317	3335	2285	1050
2318	3096	2070	1026
2319	2904	1893	1011
2320	3139	2087	1052
2321	3215	2206	1009
2322	3135	2093	1042
2323	2993	1949	1044
2324	3130	2176	954
2325	3185	2232	953
2326	3124	2077	1047
2327	3101	2057	1044
2328	3394	2328	1066
2329	3385	2370	1015
2330	3134	2113	1021
2331	2923	1909	1014
2332	3332	2228	1104
2333	3378	2350	1028
2334	3070	2116	954
2335	3071	2037	1034
2336	3350	2279	1071
2337	3402	2342	1060
2338	3066	2024	1042
2339	2952	1920	1032
2340	3153	2185	968
2341	3252	2292	960
2342	2970	2042	928
2343	2835	1861	974
2344	3085	2093	992
2345	3138	2174	964
2346	3179	2141	1038
2347	2924	1919	1005
2348	3134	2106	1028
2349	3409	2356	1053
2350	3084	2088	996
2351	2793	1863	930
2352	3298	2316	982
2353	3413	2447	966
2354	3029	2112	917
2355	2876	1959	917
2356	3261	2303	958
2357	3379	2386	993
2358	2971	2064	907
2359	2870	1941	929
2360	3121	2149	972
2361	3173	2222	951
2362	3001	2066	935
2363	2916	1937	979
2364	3094	2118	976
2365	3217	2222	995
2366	2897	1957	940
2367	2766	1811	955
2368	3026	2102	924
2369	3353	2401	952
2370	3140	2170	970
2371	2824	1898	926
2372	3049	2107	942
2373	3187	2251	936
2374	2952	2023	929
2375	2810	1880	930
2376	3152	2169	983
2377	3166	2215	951
2378	2973	2032	941
2379	2931	1956	975
2380	3152	2186	966
2381	3194	2277	917
2382	2940	2018	922
2383	2783	1867	916
2384	3038	2111	927
2385	3493	2417	1076
2386	3197	2177	1020
2387	2844	1897	947
2388	3098	2186	912
2389	3181	2284	897
2390	3011	2072	939
2391	2994	2027	967
2392	3226	2250	976
2393	3313	2395	918
2394	3075	2099	976
2395	2777	1860	917
2396	2993	2117	876
2397	3206	2320	886
2398	3068	2113	955
2399	3040	2022	1018
2400	3173	2253	920
2401	3367	2395	972
2402	3091	2081	1010
2403	2966	1954	1012
2404	3177	2253	924
2405	3180	2294	886
2406	3187	2189	998
2407	2986	2042	944
2408	3349	2345	1004
2409	3385	2350	1035
2410	3030	2076	954
2411	2806	1915	891
2412	3063	2139	924
2413	3388	2403	985
2414	3234	2193	1041
2415	3032	2025	1007
2416	3439	2457	982
2417	3426	2457	969
2418	2966	2081	885
2419	2844	1896	948
2420	3090	2149	941
2421	3197	2257	940
2422	3044	2021	1023
2423	2861	1916	945
2424	3069	2127	942
2425	3203	2255	948
2426	2865	1956	909
2427	2820	1873	947
2428	3092	2121	971
2429	3096	2172	924
2430	2990	2052	938
2431	3010	2031	979
2432	3208	2234	974
2433	3336	2331	1005
2434	3065	2089	976
2435	2858	1908	950
2436	3298	2281	1017
2437	3395	2379	1016
2438	3033	2119	914
2439	3015	2063	952
2440	3080	2161	919
2441	3350	2363	987
2442	3148	2136	1012
2443	2993	1962	1031
2444	3172	2229	943
2445	3328	2376	952
2446	3152	2113	1039
2447	3128	2062	1066
2448	3236	2227	1009
2449	3255	2301	954
2450	3028	2064	964
2451	3029	2008	1021
2452	3245	2210	1035
2453	3369	2331	1038
2454	3082	2078	1004
2455	2928	1932	996
2456	3115	2098	1017
2457	3210	2220	990
2458	3144	2165	979
2459	3021	2000	1021
2460	3191	2133	1058
2461	3246	2256	990
2462	3002	2040	962
2463	2838	1885	953
2464	3211	2167	1044
2465	3495	2421	1074
2466	3233	2193	1040
2467	2967	1967	1000
2468	3174	2193	981
2469	3198	2239	959
2470	3087	2072	1015
2471	2888	1896	992
2472	3088	2161	927
2473	3252	2294	958
2474	3074	2003	1071
2475	3203	2133	1070
2476	3274	2296	978
2477	3293	2279	1014
2478	3067	2086	981
2479	2906	1931	975
2480	3136	2143	993
2481	3188	2220	968
2482	2963	2025	938
2483	2797	1841	956
2484	3035	2045	990
2485	3366	2342	1024
2486	3127	2093	1034
2487	2953	1982	971
2488	3170	2177	993
2489	3243	2260	983
2490	3141	2126	1015
2491	2927	1933	994
2492	3042	2123	919
2493	3062	2115	947
2494	2977	1953	1024
2495	2919	1946	973
2496	3050	2086	964
2497	3236	2258	978
2498	3196	2211	985
2499	2930	1979	951
2500	3062	2104	958
2501	3210	2269	941
2502	3066	2055	1011
2503	2973	1921	1052
2504	3100	2132	968
2505	3185	2235	950
2506	2942	2031	911
2507	2861	1961	900
2508	3245	2298	947
2509	3316	2368	948
2510	3042	2098	944
2511	3010	2027	983
2512	3215	2233	982
2513	3342	2331	1011
2514	2991	2015	976
2515	2812	1833	979
2516	3144	2171	973
2517	3344	2375	969
2518	3261	2214	1047
2519	3112	2054	1058
2520	3336	2311	1025
2521	3499	2421	1078
2522	3228	2144	1084
2523	2956	1916	1040
2524	3038	2061	977
2525	3182	2267	915
2526	2978	2060	918
2527	2795	1825	970
2528	3331	2311	1020
2529	3361	2368	993
2530	3055	2079	976
2531	2799	1912	887
2532	3155	2241	914
2533	3408	2352	1056
2534	2993	1987	1006
2535	2879	1932	947
2536	3433	2467	966
2537	3368	2436	932
2538	2953	2018	935
2539	2874	1984	890
2540	3061	2178	883
2541	3229	2301	928
2542	3017	2041	976
2543	2887	1946	941
2544	3325	2332	993
2545	3341	2377	964
2546	3057	2103	954
2547	2850	1923	927
2548	3124	2207	917
2549	3174	2268	906
2550	3177	2225	952
2551	2996	2029	967
2552	2991	2070	921
2553	3182	2223	959
2554	2950	2007	943
2555	2709	1861	848
2556	2978	2138	840
2557	3211	2286	925
2558	3143	2136	1007
2559	2975	2002	973
2560	3026	2148	878
2561	3379	2441	938
2562	3206	2203	1003
2563	2901	1986	915
2564	3001	2143	858
2565	3078	2210	868
2566	2968	2011	957
2567	2808	1854	954
2568	2941	2052	889
2569	3031	2165	866
2570	2901	2007	894
2571	2825	1954	871
2572	3101	2224	877
2573	3190	2329	861
2574	3148	2218	930
2575	3011	2032	979
2576	3163	2240	923
2577	3268	2377	891
2578	3129	2245	884
2579	2951	2053	898
2580	3024	2157	867
2581	3356	2387	969
2582	3059	2141	918
2583	2758	1925	833
2584	2928	2125	803
2585	3062	2285	777
2586	2927	2128	799
2587	2791	1948	843
2588	3089	2196	893
2589	3229	2334	895
2590	3185	2217	968
2591	2903	1992	911
2592	2978	2100	878
2593	3186	2335	851
2594	2944	2095	849
2595	2879	1968	911
2596	3187	2273	914
2597	3251	2368	883
2598	2874	2032	842
2599	2768	1868	900
2600	3129	2230	899
2601	3273	2356	917
2602	3077	2143	934
2603	2939	2050	889
2604	3105	2217	888
2605	3237	2301	936
2606	3099	2157	942
2607	2839	1972	867
2608	3073	2234	839
2609	3181	2310	871
2610	2906	2084	822
2611	2743	1914	829
2612	3014	2122	892
2613	3174	2278	896
2614	2876	2025	851
2615	2919	2045	874
2616	3048	2303	745
2617	3217	2392	825
2618	2995	2109	886
2619	2795	1920	875
2620	3086	2160	926
2621	3322	2371	951
2622	3185	2197	988
2623	2967	2012	955
2624	3273	2284	989
2625	3242	2342	900
2626	2880	2045	835
2627	2797	1943	854
2628	2996	2135	861
2629	3193	2309	884
2630	3013	2097	916
2631	2861	1956	905
2632	3113	2212	901
2633	3192	2280	912
2634	3003	2034	969
2635	2867	1929	938
2636	3104	2194	910
2637	3248	2323	925
2638	2962	2068	894
2639	2787	1885	902
2640	3079	2160	919
2641	3199	2259	940
2642	2852	1962	890
2643	2706	1772	934
2644	3029	2057	972
2645	3258	2305	953
2646	3150	2183	967
2647	2856	1977	879
2648	3134	2226	908
2649	3257	2346	911
2650	3011	2079	932
2651	2874	1912	962
2652	3140	2209	931
2653	3271	2341	930
2654	3053	2133	920
2655	2877	1943	934
2656	3167	2171	996
2657	3179	2267	912
2658	2940	2027	913
2659	2810	1864	946
2660	3164	2206	958
2661	3206	2283	923
2662	2977	1994	983
2663	2888	1888	1000
2664	3089	2113	976
2665	3481	2453	1028
2666	3190	2155	1035
2667	2948	1942	1006
2668	3254	2265	989
2669	3307	2305	1002
2670	3104	2075	1029
2671	2923	1948	975
2672	3217	2235	982
2673	3239	2293	946
2674	3047	2065	982
2675	2847	1869	978
2676	3258	2223	1035
2677	3494	2378	1116
2678	3080	2011	1069
2679	2916	1934	982
2680	3166	2198	968
2681	3508	2505	1003
2682	3233	2172	1061
2683	3012	1938	1074
2684	3246	2227	1019
2685	3331	2343	988
2686	3060	2063	997
2687	3032	1974	1058
2688	3247	2162	1085
2689	3337	2218	1119
2690	2964	1931	1033
2691	2933	1975	958
2692	3261	2234	1027
2693	3301	2243	1058
2694	3101	2056	1045
2695	2889	1896	993
2696	3116	2125	991
2697	3285	2256	1029
2698	3235	2157	1078
2699	2989	1937	1052
2700	3221	2225	996
2701	3278	2328	950
2702	2960	2014	946
2703	3025	1952	1073
2704	3185	2160	1025
2705	3354	2373	981
2706	3330	2193	1137
2707	3323	2145	1178
2708	3378	2288	1090
2709	3445	2344	1101
2710	3162	2093	1069
2711	2977	1961	1016
2712	3268	2262	1006
2713	3345	2385	960
2714	3043	2055	988
2715	2860	1872	988
2716	3368	2266	1102
2717	3421	2397	1024
2718	3114	2077	1037
2719	2865	1849	1016
2720	3238	2180	1058
2721	3444	2358	1086
2722	3008	2046	962
2723	2980	1961	1019
2724	3269	2207	1062
2725	3282	2267	1015
2726	3121	2117	1004
2727	2908	1914	994
2728	3111	2124	987
2729	3328	2275	1053
2730	3020	2006	1014
2731	2923	1925	998
2732	3378	2332	1046
2733	3459	2427	1032
2734	3094	2101	993
2735	3007	1995	1012
2736	3227	2250	977
2737	3342	2401	941
2738	3063	2085	978
2739	2820	1842	978
2740	3178	2182	996
2741	3437	2438	999
2742	3136	2125	1011
2743	2888	1875	1013
2744	3247	2210	1037
2745	3425	2380	1045
2746	3004	2012	992
2747	2803	1858	945
2748	3161	2198	963
2749	3305	2284	1021
2750	2937	1971	966
2751	2827	1832	995
2752	3110	2120	990
2753	3191	2261	930
2754	3051	2092	959
2755	2867	1898	969
2756	3081	2150	931
2757	3176	2268	908
2758	2930	2037	893
2759	2884	1936	948
2760	3083	2115	968
2761	3183	2291	892
2762	2914	2007	907
2763	2728	1843	885
2764	3255	2292	963
2765	3292	2343	949
2766	2959	2061	898
2767	2859	1936	923
2768	3161	2206	955
2769	3149	2262	887
2770	2935	2044	891
2771	2787	1866	921
2772	3017	2133	884
2773	3145	2270	875
2774	2928	2012	916
2775	3019	2041	978
2776	3205	2284	921
2777	3305	2407	898
2778	3093	2122	971
2779	2816	1911	905
2780	3100	2195	905
2781	3127	2222	905
2782	3247	2286	961
2783	2918	1997	921
2784	6213	5297	916
2785	4919	4072	847
2786	2878	2029	849
2787	2707	1860	847
2788	3059	2147	912
2789	3187	2287	900
2790	2928	2086	842
2791	2866	1978	888
2792	3036	2142	894
2793	3285	2356	929
2794	3001	2071	930
2795	2706	1859	847
2796	3070	2204	866
2797	3293	2362	931
2798	3058	2081	977
2799	2864	1917	947
2800	3176	2237	939
2801	3244	2314	930
2802	2926	2030	896
2803	2924	2006	918
2804	3312	2356	956
2805	3260	2351	909
2806	2829	1989	840
2807	2751	1932	819
2808	3023	2162	861
2809	3139	2254	885
2810	3058	2143	915
2811	2817	1891	926
2812	2956	2091	865
2813	3093	2186	907
2814	2882	1973	909
2815	2674	1902	772
2816	3080	2193	887
2817	3274	2369	905
2818	3010	2106	904
2819	2945	2030	915
2820	3059	2209	850
2821	3215	2312	903
2822	3105	2141	964
2823	2894	1966	928
2824	3062	2178	884
2825	3131	2234	897
2826	2848	1951	897
2827	2742	1839	903
2828	3047	2190	857
2829	3191	2319	872
2830	2914	2018	896
2831	2914	1961	953
2832	3105	2208	897
2833	3215	2333	882
2834	2878	1996	882
2835	2818	1939	879
2836	3090	2231	859
2837	3147	2277	870
2838	2862	1967	895
2839	2822	1903	919
2840	3032	2146	886
2841	3221	2359	862
2842	3114	2203	911
2843	2947	2005	942
2844	3116	2257	859
2845	3272	2416	856
2846	3062	2184	878
2847	2771	1923	848
2848	3071	2132	939
2849	3293	2375	918
2850	2910	2087	823
2851	2759	1949	810
2852	3065	2183	882
2853	3208	2297	911
2854	2982	2082	900
2855	2942	2009	933
2856	3230	2321	909
2857	3261	2394	867
2858	3112	2150	962
2859	2968	1983	985
2860	3058	2120	938
2861	3253	2320	933
2862	2925	2025	900
2863	2796	1878	918
2864	3235	2338	897
2865	3275	2360	915
2866	2964	2030	934
2867	3083	2092	991
2868	3674	2590	1084
2869	3416	2417	999
2870	2967	2052	915
2871	2954	1982	972
2872	3188	2227	961
2873	3175	2300	875
2874	2951	2001	950
2875	2997	2007	990
2876	3146	2194	952
2877	3159	2240	919
2878	2936	1959	977
2879	2770	1824	946
2880	3037	2139	898
2881	3244	2330	914
2882	2961	2034	927
2883	2963	1961	1002
2884	3281	2273	1008
2885	3354	2357	997
2886	3033	2042	991
2887	2878	1916	962
2888	3145	2166	979
2889	3324	2280	1044
2890	3020	2034	986
2891	2816	1885	931
2892	3197	2233	964
2893	3403	2395	1008
2894	3024	2056	968
2895	2863	1951	912
2896	3101	2188	913
2897	3222	2305	917
2898	3022	2095	927
2899	2785	1891	894
2900	3029	2119	910
2901	3315	2364	951
2902	3021	2071	950
2903	2764	1836	928
2904	3081	2150	931
2905	3251	2273	978
2906	2970	2027	943
2907	2826	1919	907
2908	3154	2224	930
2909	3218	2290	928
2910	2823	1955	868
2911	2691	1803	888
2912	3060	2123	937
2913	3311	2313	998
2914	2991	2093	898
2915	2837	1884	953
2916	3035	2119	916
2917	3251	2333	918
2918	3010	2066	944
2919	2773	1897	876
2920	2968	2141	827
2921	3104	2245	859
2922	2986	2107	879
2923	2828	1897	931
2924	3097	2127	970
2925	3245	2346	899
2926	3072	2140	932
2927	2847	1923	924
2928	3099	2189	910
2929	3130	2257	873
2930	2905	1990	915
2931	2821	1900	921
2932	3253	2305	948
2933	3233	2346	887
2934	2920	2052	868
2935	2686	1846	840
2936	2885	2056	829
2937	3248	2432	816
2938	2978	2123	855
2939	2784	1919	865
2940	3054	2157	897
2941	3178	2257	921
2942	3017	2100	917
2943	2710	1901	809
2944	3158	2299	859
2945	3228	2375	853
2946	2817	2010	807
2947	2721	1845	876
2948	3145	2237	908
2949	3125	2301	824
2950	2839	1995	844
2951	2749	1914	835
2952	2914	2117	797
2953	3120	2290	830
2954	2737	1951	786
2955	2666	1872	794
2956	3064	2225	839
2957	3052	2301	751
2958	2817	2078	739
2959	2623	1873	750
2960	2986	2178	808
2961	3135	2332	803
2962	2972	2115	857
2963	2844	1997	847
2964	3069	2227	842
2965	3036	2235	801
2966	2913	2089	824
2967	2678	1908	770
2968	2810	2101	709
2969	3102	2334	768
2970	2781	2012	769
2971	2674	1860	814
2972	2981	2157	824
2973	3019	2243	776
2974	2686	1979	707
2975	2632	1899	733
2976	3060	2280	780
2977	3058	2304	754
2978	2775	2031	744
2979	2618	1898	720
2980	2921	2217	704
2981	2971	2266	705
2982	2942	2180	762
2983	2812	2056	756
2984	2893	2184	709
2985	3101	2386	715
2986	2786	2089	697
2987	2625	1887	738
2988	2938	2179	759
2989	3029	2343	686
2990	2654	2019	635
2991	2513	1831	682
2992	2854	2114	740
2993	2977	2278	699
2994	2642	1978	664
2995	2541	1904	637
2996	2962	2249	713
2997	3142	2379	763
2998	2769	2011	758
2999	2569	1827	742
3000	2882	2178	704
3001	3240	2446	794
3002	2838	2068	770
3003	2545	1871	674
3004	2945	2225	720
3005	3044	2323	721
3006	2808	2077	731
3007	2584	1863	721
3008	2995	2248	747
3009	3184	2441	743
3010	3008	2240	768
3011	2849	2023	826
3012	2857	2121	736
3013	2919	2222	697
3014	2658	1974	684
3015	2522	1852	670
3016	2809	2141	668
3017	2993	2274	719
3018	2726	2036	690
3019	2556	1864	692
3020	2877	2163	714
3021	3068	2301	767
3022	2848	2054	794
3023	2597	1906	691
3024	2904	2214	690
3025	3017	2310	707
3026	2740	2050	690
3027	2537	1808	729
3028	2840	2133	707
3029	3044	2320	724
3030	2824	2086	738
3031	2638	1902	736
3032	2830	2117	713
3033	3014	2310	704
3034	2880	2116	764
3035	2659	1896	763
3036	2985	2227	758
3037	3135	2374	761
3038	2762	2055	707
3039	2603	1872	731
3040	2834	2073	761
3041	3122	2340	782
3042	2843	2105	738
3043	2533	1818	715
3044	2759	2062	697
3045	3010	2300	710
3046	2856	2086	770
3047	2603	1886	717
3048	2748	2029	719
3049	2856	2163	693
3050	2756	2040	716
3051	2681	1913	768
3052	2840	2117	723
3053	2889	2187	702
3054	2790	2049	741
3055	2608	1905	703
3056	2830	2104	726
3057	2970	2223	747
3058	2688	1983	705
3059	2512	1851	661
3060	2914	2202	712
3061	3008	2283	725
3062	2733	2002	731
3063	2514	1821	693
3064	2787	2057	730
3065	2949	2254	695
3066	2675	2035	640
3067	2536	1878	658
3068	2897	2162	735
3069	3017	2285	732
3070	2787	2042	745
3071	2844	2022	822
3072	2965	2135	830
3073	2986	2220	766
3074	2792	2055	737
3075	2579	1888	691
3076	2899	2190	709
3077	3004	2327	677
3078	2631	2013	618
3079	2627	1916	711
3080	2916	2232	684
3081	3247	2480	767
3082	2912	2124	788
3083	2575	1846	729
3084	2875	2188	687
3085	2977	2337	640
3086	2639	1975	664
3087	2554	1825	729
3088	2918	2180	738
3089	3007	2344	663
3090	2960	2178	782
3091	2729	1948	781
3092	2782	2097	685
3093	2972	2272	700
3094	2874	2113	761
3095	2708	1998	710
3096	2809	2179	630
3097	2981	2347	634
3098	2743	2075	668
3099	2525	1872	653
3100	2751	2136	615
3101	2965	2309	656
3102	2725	2084	641
3103	2565	1909	656
3104	2852	2200	652
3105	3019	2272	747
3106	2751	2021	730
3107	2549	1892	657
3108	2793	2145	648
3109	2880	2210	670
3110	2709	2015	694
3111	2600	1935	665
3112	2747	2080	667
3113	2834	2200	634
3114	2819	2193	626
3115	2588	1975	613
3116	2837	2228	609
3117	2986	2338	648
3118	2671	1987	684
3119	2401	1821	580
3120	2701	2099	602
3121	2928	2321	607
3122	2713	2101	612
3123	2552	1922	630
3124	2829	2173	656
3125	3001	2325	676
3126	2792	2133	659
3127	2551	1960	591
3128	2821	2211	610
3129	2946	2309	637
3130	2753	2108	645
3131	2629	1948	681
3132	2853	2177	676
3133	2940	2304	636
3134	2798	2125	673
3135	2598	1940	658
3136	2826	2199	627
3137	2857	2259	598
3138	2684	2050	634
3139	2469	1874	595
3140	2722	2102	620
3141	2734	2156	578
3142	2551	1942	609
3143	2516	1904	612
3144	2687	2113	574
3145	3064	2373	691
3146	2944	2236	708
3147	2737	2045	692
3148	2718	2094	624
3149	2815	2235	580
3150	2611	1992	619
3151	2506	1893	613
3152	2774	2157	617
3153	2999	2379	620
3154	2757	2109	648
3155	2623	1948	675
3156	3019	2372	647
3157	3102	2474	628
3158	2623	2035	588
3159	2419	1859	560
3160	2896	2246	650
3161	3037	2376	661
3162	2697	2061	636
3163	2544	1916	628
3164	2678	2123	555
3165	2776	2240	536
3166	2523	1982	541
3167	2442	1869	573
3168	2812	2219	593
3169	2872	2318	554
3170	2580	2023	557
3171	2407	1848	559
3172	2727	2136	591
3173	2866	2291	575
3174	2575	2025	550
3175	2432	1859	573
3176	2614	2065	549
3177	2810	2225	585
3178	2736	2068	668
3179	2585	1913	672
3180	2757	2151	606
3181	3186	2518	668
3182	2847	2183	664
3183	2497	1888	609
3184	2689	2103	586
3185	2810	2241	569
3186	2590	2050	540
3187	2395	1857	538
3188	2665	2100	565
3189	2769	2226	543
3190	2541	1995	546
3191	2444	1857	587
3192	2860	2255	605
3193	2912	2293	619
3194	2883	2170	713
3195	2581	1956	625
3196	2672	2084	588
3197	3010	2346	664
3198	2671	2048	623
3199	2442	1853	589
3200	2725	2180	545
3201	2926	2347	579
3202	2871	2184	687
3203	2479	1886	593
3204	2731	2122	609
3205	2938	2313	625
3206	2726	2146	580
3207	2528	1932	596
3208	3053	2329	724
3209	3047	2387	660
3210	2537	1935	602
3211	2444	1842	602
3212	2717	2130	587
3213	2831	2271	560
3214	2623	2039	584
3215	2372	1826	546
3216	2579	2030	549
3217	2775	2206	569
3218	2698	2081	617
3219	2531	1964	567
3220	2708	2141	567
3221	2864	2244	620
3222	2625	2025	600
3223	2418	1849	569
3224	2815	2247	568
3225	2942	2361	581
3226	2559	2008	551
3227	2370	1827	543
3228	2663	2116	547
3229	2842	2276	566
3230	2721	2119	602
3231	2552	1915	637
3232	2641	2052	589
3233	2801	2260	541
3234	2882	2236	646
3235	2662	2035	627
3236	2649	2074	575
3237	2871	2276	595
3238	2744	2170	574
3239	2408	1915	493
3240	2611	2124	487
3241	2741	2214	527
3242	2587	2001	586
3243	2569	1956	613
3244	2827	2181	646
3245	2867	2306	561
3246	2579	2041	538
3247	2508	1928	580
3248	2765	2206	559
3249	3083	2490	593
3250	2650	2094	556
3251	2440	1857	583
3252	2728	2129	599
3253	2790	2257	533
3254	2695	2051	644
3255	2547	1857	690
3256	2733	2133	600
3257	2842	2304	538
3258	2710	2119	591
3259	2384	1895	489
3260	2634	2174	460
3261	2749	2267	482
3262	2478	1963	515
3263	2406	1868	538
3264	2756	2204	552
3265	2850	2268	582
3266	2513	1949	564
3267	2353	1813	540
3268	2738	2177	561
3269	2959	2375	584
3270	2693	2113	580
3271	2523	1987	536
3272	2749	2222	527
3273	2743	2292	451
3274	2539	2045	494
3275	2445	1919	526
3276	2959	2391	568
3277	2966	2390	576
3278	2535	2016	519
3279	2380	1905	475
3280	2715	2208	507
3281	2793	2312	481
3282	2617	2039	578
3283	2514	1913	601
3284	2655	2095	560
3285	2828	2242	586
3286	2602	2034	568
3287	2444	1897	547
3288	2745	2230	515
3289	2764	2274	490
3290	3474	2771	703
3291	3055	2407	648
3292	2536	2048	488
3293	2643	2203	440
3294	2454	1998	456
3295	2369	1885	484
3296	2621	2107	514
3297	2724	2185	539
3298	2473	1984	489
3299	2408	1889	519
3300	2574	2063	511
3301	2682	2222	460
3302	2544	2035	509
3303	2376	1817	559
3304	2561	2030	531
3305	2589	2085	504
3306	2456	1974	482
3307	2342	1853	489
3308	2625	2011	614
3309	2629	2074	555
3310	2503	1978	525
3311	2394	1842	552
3312	2558	2034	524
3313	2558	2087	471
3314	2400	1946	454
3315	2414	1888	526
3316	2661	2098	563
3317	2641	2153	488
3318	2450	1934	516
3319	2548	1954	594
3320	2610	2103	507
3321	2502	2074	428
3322	2473	1954	519
3323	2362	1875	487
3324	2425	1952	473
3325	2631	2132	499
3326	2592	2034	558
3327	2395	1901	494
3328	2691	2147	544
3329	2950	2360	590
3330	2592	2050	542
3331	2514	1952	562
3332	2698	2154	544
3333	2612	2137	475
3334	2426	1954	472
3335	2341	1867	474
3336	2582	2102	480
3337	2710	2208	502
3338	2732	2164	568
3339	2527	1940	587
3340	2898	2330	568
3341	2762	2315	447
3342	2495	2028	467
3343	2448	1927	521
3344	2517	2035	482
3345	2806	2244	562
3346	2729	2154	575
3347	2558	2007	551
3348	2581	2105	476
3349	2606	2145	461
3350	2508	2008	500
3351	2356	1858	498
3352	2607	2109	498
3353	2851	2291	560
3354	2591	2060	531
3355	2423	1919	504
3356	2555	2052	503
3357	2548	2077	471
3358	2504	2034	470
3359	2353	1882	471
3360	2601	2084	517
3361	2772	2240	532
3362	2667	2085	582
3363	2428	1919	509
3364	2620	2118	502
3365	2703	2220	483
3366	2586	2062	524
3367	2639	2017	622
3368	2736	2173	563
3369	2800	2293	507
3370	2687	2057	630
3371	2482	1915	567
3372	2654	2136	518
3373	2780	2228	552
3374	2561	2004	557
3375	2439	1929	510
3376	2621	2123	498
3377	2531	2096	435
3378	2407	1941	466
3379	2932	2329	603
3380	2784	2229	555
3381	2589	2095	494
3382	2481	2002	479
3383	2377	1896	481
3384	2718	2180	538
3385	2820	2297	523
3386	2527	1979	548
3387	2326	1807	519
3388	2502	2030	472
3389	2580	2136	444
3390	2613	2106	507
3391	2332	1909	423
3392	2445	1977	468
3393	2704	2171	533
3394	2530	2037	493
3395	2575	2043	532
3396	2677	2148	529
3397	2610	2145	465
3398	2435	1951	484
3399	2310	1858	452
3400	2441	2018	423
3401	2585	2145	440
3402	2471	1993	478
3403	2365	1892	473
3404	2684	2167	517
3405	2733	2193	540
3406	2425	1941	484
3407	2416	1925	491
3408	2679	2174	505
3409	2743	2277	466
3410	2708	2151	557
3411	2395	1861	534
3412	2686	2157	529
3413	2675	2151	524
3414	2510	1983	527
3415	2399	1917	482
3416	2480	2061	419
3417	2506	2089	417
3418	2390	1931	459
3419	2280	1847	433
3420	2512	2033	479
3421	2672	2190	482
3422	2449	1957	492
3423	2237	1787	450
3424	2373	1922	451
3425	2643	2170	473
3426	2598	2073	525
3427	2421	1934	487
3428	2656	2088	568
3429	2690	2196	494
3430	2509	2047	462
3431	2281	1862	419
3432	2482	2017	465
3433	2570	2096	474
3434	2548	2094	454
3435	2429	1953	476
3436	2509	2023	486
3437	2574	2133	441
3438	2502	2010	492
3439	2460	1932	528
3440	2671	2161	510
3441	2557	2116	441
3442	2537	2077	460
3443	2440	1960	480
3444	2560	2055	505
3445	2539	2050	489
3446	2278	1843	435
3447	2285	1835	450
3448	2462	1972	490
3449	2652	2121	531
3450	2671	2092	579
3451	2493	1950	543
3452	2580	2098	482
3453	2525	2126	399
3454	2609	2097	512
3455	2455	1942	513
3456	2736	2176	560
3457	2749	2254	495
3458	2377	2008	369
3459	2268	1870	398
3460	2518	2089	429
3461	2715	2233	482
3462	2479	2025	454
3463	2225	1785	440
3464	2517	2033	484
3465	2651	2171	480
3466	2454	1958	496
3467	2243	1814	429
3468	2485	2053	432
3469	2648	2192	456
3470	2454	2010	444
3471	2380	1912	468
3472	2663	2165	498
3473	2738	2263	475
3474	2397	1973	424
3475	2193	1806	387
3476	2422	1984	438
3477	2545	2109	436
3478	2422	1932	490
3479	2263	1804	459
3480	2473	2007	466
3481	2548	2127	421
3482	2361	1961	400
3483	2257	1824	433
3484	2444	2021	423
3485	2597	2169	428
3486	2448	1957	491
3487	2447	1877	570
3488	2579	2025	554
3489	2643	2144	499
3490	2340	1919	421
3491	2243	1812	431
3492	2518	2047	471
3493	2691	2175	516
3494	3101	2528	573
3495	2736	2196	540
3496	2577	2099	478
3497	2641	2198	443
3498	2531	2068	463
3499	2444	1983	461
3500	2553	2087	466
3501	2610	2216	394
3502	2435	2043	392
3503	2324	1868	456
3504	2461	2044	417
3505	2632	2156	476
3506	2488	2016	472
3507	2468	1982	486
3508	2644	2134	510
3509	2558	2123	435
3510	2448	2000	448
3511	2355	1876	479
3512	2554	2077	477
3513	2597	2162	435
3514	2440	2005	435
3515	2272	1879	393
3516	2442	2034	408
3517	2551	2113	438
3518	2542	2036	506
3519	2510	1997	513
3520	2446	1995	451
3521	2473	2063	410
3522	2536	2062	474
3523	2661	2121	540
3524	2688	2140	548
3525	2684	2165	519
3526	2565	2071	494
3527	2325	1947	378
3528	2570	2129	441
3529	2665	2216	449
3530	2415	2029	386
3531	2323	1924	399
3532	2430	2007	423
3533	2573	2140	433
3534	2374	1977	397
3535	2350	1945	405
3536	2590	2145	445
3537	2593	2173	420
3538	2404	1947	457
3539	2340	1841	499
3540	2536	2051	485
3541	2725	2248	477
3542	2524	2047	477
3543	2416	1952	464
3544	2583	2142	441
3545	2569	2194	375
3546	2486	2062	424
3547	2348	1897	451
3548	2844	2287	557
3549	2755	2276	479
3550	2355	1973	382
3551	2265	1889	376
3552	2568	2099	469
3553	2669	2161	508
3554	2521	2024	497
3555	2401	1924	477
3556	2514	2093	421
3557	2592	2163	429
3558	2397	1995	402
3559	2223	1886	337
3560	2573	2128	445
3561	2776	2288	488
3562	2465	2016	449
3563	2304	1891	413
3564	2568	2133	435
3565	2610	2194	416
3566	2429	2024	405
3567	2364	1953	411
3568	2780	2301	479
3569	2681	2263	418
3570	2542	2123	419
3571	2374	1928	446
3572	2578	2117	461
3573	2797	2339	458
3574	2419	2003	416
3575	2364	1896	468
3576	2408	1981	427
3577	2568	2148	420
3578	2374	1982	392
3579	2365	1896	469
3580	2468	2072	396
3581	2462	2119	343
3582	2563	2035	528
3583	2449	1930	519
3584	2650	2137	513
3585	2745	2259	486
3586	2479	2066	413
3587	2245	1871	374
3588	2608	2175	433
3589	2743	2282	461
3590	2527	2040	487
3591	2337	1864	473
3592	2532	2112	420
3593	2642	2246	396
3594	2567	2107	460
3595	2440	1990	450
3596	2616	2158	458
3597	2784	2303	481
3598	2553	2114	439
3599	2355	1951	404
3600	2636	2168	468
3601	2777	2297	480
3602	2492	2070	422
3603	2261	1908	353
3604	2502	2113	389
3605	2551	2152	399
3606	2567	2085	482
3607	2468	1995	473
3608	2544	2121	423
3609	2506	2126	380
3610	2486	2063	423
3611	2420	2022	398
3612	2690	2261	429
3613	2878	2397	481
3614	2546	2083	463
3615	2376	1945	431
3616	2493	2066	427
3617	2516	2130	386
3618	2370	2007	363
3619	2471	1995	476
3620	2579	2119	460
3621	2773	2323	450
3622	2784	2274	510
3623	2568	2044	524
3624	2576	2115	461
3625	2610	2183	427
3626	2717	2239	478
3627	2476	2023	453
3628	2505	2100	405
3629	2599	2195	404
3630	2530	2095	435
3631	2384	1936	448
3632	2550	2180	370
3633	2669	2328	341
3634	2550	2120	430
3635	2336	1881	455
3636	2442	2059	383
3637	2585	2212	373
3638	2678	2238	440
3639	2544	2100	444
3640	2555	2153	402
3641	2610	2240	370
3642	2425	2054	371
3643	2238	1870	368
3644	2431	2044	387
3645	2638	2229	409
3646	2555	2122	433
3647	2443	2022	421
3648	2615	2246	369
