index	original	background	difference
-----------------------------------------------------
1	3134	2270	864
2	2911	2116	795
3	2806	2044	762
4	2897	2105	792
5	2833	2099	734
6	2977	2188	789
7	3069	2181	888
8	3072	2211	861
9	2971	2187	784
10	2789	2005	784
11	2782	1971	811
12	2900	2099	801
13	2963	2229	734
14	2983	2194	789
15	2881	2039	842
16	3000	2140	860
17	3015	2176	839
18	2902	2107	795
19	2703	1926	777
20	2786	2002	784
21	3033	2159	874
22	2948	2077	871
23	2856	2013	843
24	2914	2131	783
25	2966	2168	798
26	2914	2058	856
27	2716	1903	813
28	2784	1972	812
29	2897	2072	825
30	2921	2063	858
31	2877	1997	880
32	2949	2089	860
33	2934	2100	834
34	2854	2012	842
35	2979	2087	892
36	3057	2155	902
37	3025	2153	872
38	2889	2068	821
39	2745	1954	791
40	2819	2025	794
41	2942	2114	828
42	2821	1998	823
43	2771	1945	826
44	2963	2051	912
45	3110	2199	911
46	3025	2142	883
47	2889	2041	848
48	2888	2047	841
49	3052	2151	901
50	3098	2186	912
51	2999	2143	856
52	3012	2127	885
53	3171	2234	937
54	2969	2052	917
55	2703	1875	828
56	2945	2058	887
57	3246	2280	966
58	2994	2054	940
59	2777	1922	855
60	2995	2063	932
61	3186	2243	943
62	3110	2164	946
63	2907	2021	886
64	2971	2109	862
65	3107	2182	925
66	3026	2090	936
67	2972	1992	980
68	3016	2051	965
69	2962	2063	899
70	2871	1976	895
71	2977	2063	914
72	3308	2306	1002
73	3184	2208	976
74	2971	2047	924
75	2796	1906	890
76	2927	2013	914
77	3066	2144	922
78	2979	2082	897
79	2955	2072	883
80	3009	2128	881
81	3079	2190	889
82	2966	2011	955
83	2976	2009	967
84	3036	2097	939
85	3067	2181	886
86	2982	2098	884
87	2976	2044	932
88	3072	2110	962
89	3182	2187	995
90	3100	2098	1002
91	3223	2177	1046
92	3313	2279	1034
93	3080	2130	950
94	2979	2024	955
95	2913	1960	953
96	3053	2140	913
97	3201	2264	937
98	3089	2123	966
99	2971	2050	921
100	2982	2087	895
101	3070	2148	922
102	3157	2098	1059
103	3093	2061	1032
104	3263	2265	998
105	3339	2350	989
106	3215	2206	1009
107	3027	2063	964
108	3118	2158	960
109	3230	2221	1009
110	3110	2111	999
111	3194	2180	1014
112	3170	2219	951
113	3098	2120	978
114	3132	2096	1036
115	3026	2086	940
116	3077	2138	939
117	3239	2219	1020
118	3026	2070	956
119	2975	1995	980
120	3102	2083	1019
121	3115	2129	986
122	3043	2053	990
123	2902	1936	966
124	2988	2038	950
125	3083	2099	984
126	3078	2078	1000
127	3101	2113	988
128	3404	2384	1020
129	3365	2322	1043
130	3121	2133	988
131	3039	2017	1022
132	3276	2189	1087
133	3245	2193	1052
134	3078	1992	1086
135	3053	2010	1043
136	3204	2176	1028
137	3248	2223	1025
138	3159	2091	1068
139	3179	2096	1083
140	3083	2061	1022
141	3150	2109	1041
142	3242	2162	1080
143	3162	2085	1077
144	3261	2154	1107
145	3203	2139	1064
146	3296	2160	1136
147	3181	2084	1097
148	3120	2075	1045
149	3322	2253	1069
150	3284	2220	1064
151	3069	2036	1033
152	3278	2212	1066
153	3409	2287	1122
154	3373	2212	1161
155	3292	2156	1136
156	3364	2290	1074
157	3284	2200	1084
158	3087	2042	1045
159	3042	2020	1022
160	3298	2178	1120
161	3364	2231	1133
162	3214	2099	1115
163	3226	2099	1127
164	3449	2268	1181
165	3361	2255	1106
166	3258	2151	1107
167	3163	2068	1095
168	3287	2150	1137
169	3334	2214	1120
170	3237	2131	1106
171	3292	2107	1185
172	3370	2198	1172
173	3347	2230	1117
174	3100	2057	1043
175	3141	2050	1091
176	3226	2112	1114
177	3241	2157	1084
178	3155	2075	1080
179	3166	2075	1091
180	3417	2265	1152
181	3448	2267	1181
182	3405	2185	1220
183	3109	1994	1115
184	3125	2102	1023
185	3228	2187	1041
186	3179	2071	1108
187	3110	1982	1128
188	3253	2081	1172
189	3409	2226	1183
190	3415	2222	1193
191	3376	2135	1241
192	3512	2245	1267
193	3483	2227	1256
194	3256	2107	1149
195	3200	2043	1157
196	3365	2188	1177
197	3383	2218	1165
198	3284	2093	1191
199	3479	2185	1294
200	3492	2236	1256
201	3395	2226	1169
202	3386	2182	1204
203	3219	2061	1158
204	3429	2264	1165
205	3460	2271	1189
206	3303	2110	1193
207	3222	2013	1209
208	3286	2062	1224
209	3422	2238	1184
210	3398	2182	1216
211	3245	2050	1195
212	3513	2293	1220
213	3462	2250	1212
214	3310	2096	1214
215	3198	2020	1178
216	3427	2237	1190
217	3490	2308	1182
218	3248	2053	1195
219	3327	2074	1253
220	3554	2330	1224
221	3552	2292	1260
222	3379	2151	1228
223	3314	2054	1260
224	3388	2148	1240
225	3673	2358	1315
226	3405	2141	1264
227	3381	2116	1265
228	3546	2261	1285
229	3625	2321	1304
230	3385	2141	1244
231	3237	2045	1192
232	3416	2205	1211
233	3773	2417	1356
234	3646	2271	1375
235	3388	2104	1284
236	3377	2137	1240
237	3456	2231	1225
238	3391	2143	1248
239	3366	2079	1287
240	3504	2193	1311
241	3741	2361	1380
242	3620	2238	1382
243	3616	2216	1400
244	3553	2226	1327
245	3470	2205	1265
246	3482	2139	1343
247	3394	2074	1320
248	3559	2233	1326
249	3728	2339	1389
250	3605	2195	1410
251	3394	2024	1370
252	3595	2227	1368
253	3515	2252	1263
254	3474	2209	1265
255	3528	2151	1377
256	3597	2214	1383
257	3611	2219	1392
258	3404	2049	1355
259	3390	2031	1359
260	3475	2137	1338
261	3531	2199	1332
262	3617	2243	1374
263	3478	2116	1362
264	3625	2250	1375
265	3558	2173	1385
266	3505	2120	1385
267	3465	2068	1397
268	3652	2285	1367
269	3721	2313	1408
270	3698	2231	1467
271	3773	2311	1462
272	3701	2253	1448
273	3548	2161	1387
274	3491	2123	1368
275	3595	2153	1442
276	3653	2200	1453
277	3602	2155	1447
278	3495	2098	1397
279	3462	2059	1403
280	3500	2124	1376
281	3525	2166	1359
282	3549	2114	1435
283	3539	2120	1419
284	3745	2281	1464
285	3839	2306	1533
286	3569	2075	1494
287	3455	1993	1462
288	3698	2218	1480
289	3866	2354	1512
290	3858	2285	1573
291	3572	2106	1466
292	3571	2144	1427
293	3712	2245	1467
294	3563	2115	1448
295	3548	2044	1504
296	3673	2161	1512
297	3684	2174	1510
298	3638	2122	1516
299	3581	2064	1517
300	3605	2160	1445
301	3662	2216	1446
302	3611	2076	1535
303	3636	2073	1563
304	3712	2175	1537
305	3674	2206	1468
306	3659	2183	1476
307	3594	2109	1485
308	3692	2141	1551
309	3931	2356	1575
310	3703	2144	1559
311	3500	1992	1508
312	3638	2106	1532
313	3775	2237	1538
314	3872	2280	1592
315	3830	2195	1635
316	3793	2240	1553
317	3650	2184	1466
318	3653	2118	1535
319	3729	2118	1611
320	3784	2189	1595
321	3789	2236	1553
322	3802	2205	1597
323	3613	2113	1500
324	3671	2157	1514
325	3790	2204	1586
326	3664	2084	1580
327	3550	2043	1507
328	3880	2243	1637
329	3948	2318	1630
330	3689	2181	1508
331	3551	2031	1520
332	3819	2238	1581
333	4449	2790	1659
334	4043	2433	1610
335	3754	2197	1557
336	3959	2356	1603
337	3935	2323	1612
338	3791	2147	1644
339	3761	2142	1619
340	3818	2240	1578
341	3885	2279	1606
342	3915	2257	1658
343	3785	2169	1616
344	3786	2154	1632
345	3899	2262	1637
346	3935	2242	1693
347	3728	2060	1668
348	3776	2138	1638
349	3834	2195	1639
350	3794	2161	1633
351	3815	2173	1642
352	4055	2417	1638
353	3911	2332	1579
354	3716	2099	1617
355	3709	2095	1614
356	3874	2210	1664
357	3885	2248	1637
358	3839	2193	1646
359	3709	2052	1657
360	3765	2136	1629
361	3847	2230	1617
362	3839	2241	1598
363	3804	2138	1666
364	3787	2126	1661
365	3805	2155	1650
366	3745	2074	1671
367	3594	1984	1610
368	3882	2229	1653
369	3998	2346	1652
370	3870	2246	1624
371	3797	2164	1633
372	3973	2261	1712
373	4015	2278	1737
374	3848	2154	1694
375	3879	2184	1695
376	3967	2259	1708
377	3933	2302	1631
378	3836	2250	1586
379	3777	2097	1680
380	4031	2273	1758
381	4001	2282	1719
382	3972	2205	1767
383	3817	2076	1741
384	3962	2244	1718
385	4029	2311	1718
386	3904	2190	1714
387	3914	2158	1756
388	4078	2340	1738
389	4087	2421	1666
390	3907	2228	1679
391	3860	2169	1691
392	4060	2281	1779
393	3921	2201	1720
394	3865	2274	1591
395	3816	2171	1645
396	3843	2155	1688
397	3925	2205	1720
398	3885	2158	1727
399	3782	2077	1705
400	4018	2225	1793
401	3997	2282	1715
402	3794	2141	1653
403	3849	2110	1739
404	4188	2337	1851
405	4027	2301	1726
406	4167	2399	1768
407	4015	2211	1804
408	4049	2285	1764
409	3916	2216	1700
410	3776	2073	1703
411	3842	2121	1721
412	3892	2209	1683
413	3940	2246	1694
414	3973	2190	1783
415	3907	2111	1796
416	3967	2255	1712
417	3943	2255	1688
418	3799	2093	1706
419	3706	2011	1695
420	3855	2126	1729
421	3894	2151	1743
422	3815	2083	1732
423	4077	2287	1790
424	4047	2313	1734
425	4023	2305	1718
426	3850	2060	1790
427	3729	1955	1774
428	3956	2199	1757
429	4282	2506	1776
430	3994	2261	1733
431	3856	2116	1740
432	4040	2306	1734
433	4207	2413	1794
434	3973	2174	1799
435	3793	2011	1782
436	4041	2298	1743
437	4055	2382	1673
438	3779	2126	1653
439	3711	2036	1675
440	3999	2277	1722
441	4011	2283	1728
442	3780	2021	1759
443	3846	2041	1805
444	4049	2240	1809
445	4224	2400	1824
446	4049	2214	1835
447	3819	2083	1736
448	4137	2331	1806
449	4229	2441	1788
450	4124	2258	1866
451	3946	2040	1906
452	4073	2208	1865
453	4154	2325	1829
454	3959	2178	1781
455	3842	2077	1765
456	3990	2235	1755
457	4212	2393	1819
458	4055	2170	1885
459	3955	2079	1876
460	4127	2340	1787
461	4137	2392	1745
462	4027	2230	1797
463	3823	1990	1833
464	3994	2155	1839
465	4113	2304	1809
466	3797	2071	1726
467	3786	1980	1806
468	4044	2246	1798
469	4250	2450	1800
470	4179	2344	1835
471	3851	2082	1769
472	3956	2211	1745
473	4184	2408	1776
474	4023	2226	1797
475	3757	1984	1773
476	3946	2156	1790
477	4133	2335	1798
478	4021	2212	1809
479	3750	2002	1748
480	4041	2247	1794
481	4226	2410	1816
482	4208	2347	1861
483	4034	2140	1894
484	4061	2247	1814
485	4043	2300	1743
486	3924	2144	1780
487	3734	1942	1792
488	4017	2208	1809
489	4130	2347	1783
490	3900	2082	1818
491	3771	1955	1816
492	4078	2259	1819
493	4181	2397	1784
494	3964	2161	1803
495	4002	2135	1867
496	4167	2339	1828
497	4129	2313	1816
498	3927	2131	1796
499	3735	1967	1768
500	4001	2202	1799
501	4206	2386	1820
502	3923	2139	1784
503	3844	2037	1807
504	4078	2264	1814
505	4143	2324	1819
506	4114	2251	1863
507	3899	2113	1786
508	4198	2380	1818
509	4397	2516	1881
510	4129	2279	1850
511	3933	2036	1897
512	4154	2281	1873
513	4309	2406	1903
514	4168	2275	1893
515	4156	2237	1919
516	4242	2312	1930
517	4175	2282	1893
518	4061	2160	1901
519	4064	2159	1905
520	4300	2387	1913
521	4316	2383	1933
522	4193	2237	1956
523	4112	2199	1913
524	4114	2307	1807
525	4246	2456	1790
526	4026	2197	1829
527	3877	1973	1904
528	4162	2235	1927
529	4233	2369	1864
530	4093	2143	1950
531	3852	1942	1910
532	3993	2162	1831
533	4140	2313	1827
534	3952	2173	1779
535	4777	2828	1949
536	4722	2717	2005
537	4285	2375	1910
538	3955	2168	1787
539	3828	2028	1800
540	4029	2178	1851
541	4244	2370	1874
542	4027	2162	1865
543	3849	1950	1899
544	4121	2234	1887
545	4222	2429	1793
546	4004	2188	1816
547	3894	2073	1821
548	4158	2312	1846
549	4442	2563	1879
550	4106	2222	1884
551	3879	2000	1879
552	4506	2520	1986
553	4405	2522	1883
554	4149	2302	1847
555	3977	2104	1873
556	4136	2268	1868
557	4159	2289	1870
558	3928	2069	1859
559	3831	2025	1806
560	4058	2214	1844
561	4479	2544	1935
562	4169	2238	1931
563	3870	1980	1890
564	4154	2236	1918
565	4307	2398	1909
566	4109	2184	1925
567	3961	2073	1888
568	4123	2285	1838
569	4211	2371	1840
570	4021	2136	1885
571	3806	1980	1826
572	4064	2241	1823
573	4264	2338	1926
574	4057	2131	1926
575	3861	1973	1888
576	4135	2202	1933
577	4213	2354	1859
578	4109	2198	1911
579	4047	2127	1920
580	4188	2321	1867
581	4286	2396	1890
582	4022	2157	1865
583	3838	1947	1891
584	4089	2172	1917
585	4126	2245	1881
586	4054	2208	1846
587	3921	2082	1839
588	4138	2260	1878
589	4326	2363	1963
590	4179	2189	1990
591	3946	2024	1922
592	4031	2151	1880
593	4188	2296	1892
594	3898	2036	1862
595	3826	1940	1886
596	4022	2161	1861
597	4248	2336	1912
598	4222	2267	1955
599	3990	2058	1932
600	4210	2229	1981
601	4271	2317	1954
602	4097	2196	1901
603	3994	2083	1911
604	4117	2193	1924
605	4147	2260	1887
606	3984	2101	1883
607	3906	1994	1912
608	4171	2273	1898
609	4251	2294	1957
610	4153	2141	2012
611	4029	2079	1950
612	4114	2242	1872
613	4295	2313	1982
614	4199	2229	1970
615	3950	2064	1886
616	4196	2240	1956
617	4350	2361	1989
618	4087	2113	1974
619	3973	2028	1945
620	4431	2443	1988
621	4423	2439	1984
622	4118	2189	1929
623	4035	2065	1970
624	4203	2217	1986
625	4315	2315	2000
626	4150	2175	1975
627	4062	2054	2008
628	4276	2311	1965
629	4357	2363	1994
630	4181	2176	2005
631	4003	2014	1989
632	4230	2250	1980
633	4433	2414	2019
634	4432	2380	2052
635	4190	2148	2042
636	4418	2372	2046
637	4398	2359	2039
638	4223	2174	2049
639	4071	2036	2035
640	4255	2214	2041
641	4326	2264	2062
642	4119	2039	2080
643	4062	2004	2058
644	4213	2186	2027
645	4349	2322	2027
646	4528	2373	2155
647	4400	2205	2195
648	4479	2321	2158
649	4482	2368	2114
650	4090	2042	2048
651	4002	1938	2064
652	4429	2300	2129
653	4526	2407	2119
654	4336	2197	2139
655	4123	2037	2086
656	4320	2181	2139
657	4409	2287	2122
658	4269	2169	2100
659	4113	1977	2136
660	4276	2136	2140
661	4554	2392	2162
662	4324	2214	2110
663	3932	1978	1954
664	4137	2122	2015
665	4293	2256	2037
666	4090	2066	2024
667	4081	2019	2062
668	4315	2229	2086
669	4427	2270	2157
670	4229	2097	2132
671	4098	1977	2121
672	4381	2234	2147
673	4583	2385	2198
674	4479	2258	2221
675	4319	2093	2226
676	4463	2204	2259
677	4479	2270	2209
678	4291	2115	2176
679	4274	2087	2187
680	4458	2237	2221
681	4399	2239	2160
682	4393	2148	2245
683	4237	1994	2243
684	4612	2302	2310
685	4732	2456	2276
686	4468	2169	2299
687	4358	2069	2289
688	4342	2219	2123
689	4541	2317	2224
690	4444	2189	2255
691	4339	2089	2250
692	4500	2251	2249
693	4675	2386	2289
694	4417	2103	2314
695	4333	2007	2326
696	4542	2159	2383
697	4552	2215	2337
698	4434	2130	2304
699	4287	2041	2246
700	4874	2502	2372
701	4835	2479	2356
702	4429	2170	2259
703	4295	2041	2254
704	4689	2369	2320
705	4741	2435	2306
706	4567	2281	2286
707	4387	2064	2323
708	4507	2237	2270
709	4625	2378	2247
710	4402	2112	2290
711	4306	1996	2310
712	4759	2353	2406
713	4925	2488	2437
714	4507	2108	2399
715	4385	2022	2363
716	4645	2301	2344
717	4819	2382	2437
718	4701	2246	2455
719	4472	2076	2396
720	4532	2193	2339
721	4638	2297	2341
722	4719	2288	2431
723	4560	2101	2459
724	4690	2248	2442
725	4878	2430	2448
726	4707	2209	2498
727	4534	2034	2500
728	4633	2197	2436
729	4706	2290	2416
730	4598	2152	2446
731	4451	2002	2449
732	4945	2428	2517
733	4985	2472	2513
734	4765	2216	2549
735	4645	2097	2548
736	4840	2303	2537
737	4938	2366	2572
738	4875	2232	2643
739	4676	2096	2580
740	4996	2402	2594
741	5020	2465	2555
742	4667	2136	2531
743	4588	2003	2585
744	4878	2263	2615
745	5012	2346	2666
746	4867	2237	2630
747	4641	2053	2588
748	4853	2230	2623
749	4953	2330	2623
750	4757	2158	2599
751	4647	2079	2568
752	4884	2301	2583
753	4976	2350	2626
754	4701	2113	2588
755	4530	1929	2601
756	4871	2268	2603
757	5179	2462	2717
758	5003	2261	2742
759	4763	2077	2686
760	4967	2230	2737
761	5095	2365	2730
762	4936	2155	2781
763	4850	2057	2793
764	5076	2251	2825
765	5116	2310	2806
766	4907	2110	2797
767	4830	2012	2818
768	5215	2357	2858
769	5314	2476	2838
770	5045	2157	2888
771	4976	2061	2915
772	5029	2235	2794
773	5225	2364	2861
774	5072	2176	2896
775	4860	2017	2843
776	5569	2673	2896
777	5660	2648	3012
778	5074	2183	2891
779	4965	2088	2877
780	5278	2334	2944
781	5487	2479	3008
782	5283	2263	3020
783	5059	2054	3005
784	5162	2209	2953
785	5228	2264	2964
786	5312	2237	3075
787	5127	2095	3032
788	5273	2268	3005
789	5345	2311	3034
790	5172	2060	3112
791	5049	1961	3088
792	5464	2306	3158
793	5761	2531	3230
794	5371	2215	3156
795	5174	1987	3187
796	5436	2278	3158
797	5468	2364	3104
798	5260	2086	3174
799	5398	2136	3262
800	5539	2349	3190
801	5426	2380	3046
802	5295	2158	3137
803	5220	2017	3203
804	5463	2271	3192
805	5550	2389	3161
806	5383	2143	3240
807	5291	2025	3266
808	5678	2376	3302
809	5791	2443	3348
810	5598	2247	3351
811	5622	2228	3394
812	5711	2383	3328
813	5743	2444	3299
814	5629	2350	3279
815	5474	2158	3316
816	5818	2439	3379
817	5811	2442	3369
818	5532	2182	3350
819	5496	2140	3356
820	5701	2294	3407
821	5796	2343	3453
822	5972	2424	3548
823	5743	2264	3479
824	5685	2291	3394
825	5825	2317	3508
826	5675	2179	3496
827	5673	2162	3511
828	5918	2371	3547
829	6079	2492	3587
830	5762	2187	3575
831	5635	2055	3580
832	5953	2231	3722
833	5935	2336	3599
834	5729	2182	3547
835	5707	2062	3645
836	6035	2396	3639
837	6082	2479	3603
838	5851	2170	3681
839	5622	2047	3575
840	5942	2303	3639
841	6022	2346	3676
842	5778	2140	3638
843	5632	1993	3639
844	6040	2269	3771
845	6346	2529	3817
846	6027	2288	3739
847	5841	2114	3727
848	6122	2279	3843
849	6171	2333	3838
850	6115	2247	3868
851	6027	2189	3838
852	6153	2294	3859
853	6353	2402	3951
854	6156	2237	3919
855	6016	2063	3953
856	6204	2313	3891
857	6242	2366	3876
858	6119	2193	3926
859	5986	2015	3971
860	6244	2241	4003
861	6399	2361	4038
862	6221	2174	4047
863	6028	2015	4013
864	6099	2192	3907
865	6307	2400	3907
866	6283	2254	4029
867	6127	2048	4079
868	6370	2213	4157
869	6623	2423	4200
870	6355	2277	4078
871	6168	2055	4113
872	6401	2203	4198
873	6494	2304	4190
874	6284	2158	4126
875	6211	2098	4113
876	6423	2276	4147
877	6539	2378	4161
878	6367	2197	4170
879	6236	2065	4171
880	6404	2272	4132
881	6536	2375	4161
882	6514	2259	4255
883	6308	2057	4251
884	6457	2274	4183
885	6599	2417	4182
886	6401	2185	4216
887	6345	2050	4295
888	6425	2152	4273
889	6566	2246	4320
890	6770	2316	4454
891	6548	2163	4385
892	6618	2285	4333
893	6872	2383	4489
894	6781	2217	4564
895	6663	2105	4558
896	6863	2267	4596
897	6924	2295	4629
898	6912	2244	4668
899	6679	2086	4593
900	6804	2261	4543
901	6936	2308	4628
902	6802	2185	4617
903	6732	2126	4606
904	7026	2394	4632
905	7020	2359	4661
906	6797	2196	4601
907	6644	2045	4599
908	7047	2319	4728
909	7282	2477	4805
910	6889	2189	4700
911	6669	1983	4686
912	6921	2174	4747
913	7041	2309	4732
914	6889	2166	4723
915	6750	2006	4744
916	7045	2232	4813
917	7253	2399	4854
918	7042	2176	4866
919	6916	2078	4838
920	7116	2253	4863
921	7130	2339	4791
922	6926	2146	4780
923	6858	1959	4899
924	6949	2106	4843
925	7144	2306	4838
926	6976	2138	4838
927	6864	2014	4850
928	7202	2251	4951
929	7439	2423	5016
930	7196	2203	4993
931	7079	2053	5026
932	7181	2252	4929
933	7432	2448	4984
934	7260	2220	5040
935	6975	1982	4993
936	7138	2177	4961
937	7337	2313	5024
938	7104	2104	5000
939	7474	2395	5079
940	7490	2479	5011
941	7769	2596	5173
942	7422	2206	5216
943	7028	1908	5120
944	7400	2213	5187
945	7611	2408	5203
946	7278	2194	5084
947	7222	2101	5121
948	7393	2264	5129
949	7422	2379	5043
950	7444	2338	5106
951	7360	2207	5153
952	7439	2303	5136
953	7511	2359	5152
954	7434	2210	5224
955	7402	2140	5262
956	7552	2335	5217
957	7865	2619	5246
958	7445	2238	5207
959	7271	2082	5189
960	7548	2326	5222
961	7644	2406	5238
962	7490	2281	5209
963	7510	2307	5203
964	7915	2615	5300
965	7715	2444	5271
966	7264	2087	5177
967	7181	2036	5145
968	7641	2373	5268
969	7676	2373	5303
970	7396	2167	5229
971	7379	2085	5294
972	7397	2162	5235
973	7582	2327	5255
974	7587	2229	5358
975	7485	2064	5421
976	7647	2278	5369
977	7695	2298	5397
978	7488	2115	5373
979	7470	2122	5348
980	7729	2330	5399
981	7842	2385	5457
982	7564	2166	5398
983	7582	2082	5500
984	7786	2324	5462
985	7813	2351	5462
986	7705	2240	5465
987	7570	2102	5468
988	7750	2282	5468
989	7740	2368	5372
990	7545	2125	5420
991	7439	2029	5410
992	7738	2332	5406
993	7865	2435	5430
994	7587	2174	5413
995	7336	2026	5310
996	7525	2292	5233
997	7715	2364	5351
998	7536	2148	5388
999	7532	2148	5384
1000	7684	2266	5418
1001	7720	2289	5431
1002	7593	2129	5464
1003	7414	2008	5406
1004	7741	2309	5432
1005	7821	2390	5431
1006	7553	2123	5430
1007	7320	2027	5293
1008	7674	2274	5400
1009	7830	2405	5425
1010	7990	2462	5528
1011	7601	2244	5357
1012	7539	2226	5313
1013	8035	2543	5492
1014	7694	2250	5444
1015	7447	2041	5406
1016	7706	2255	5451
1017	7769	2340	5429
1018	7653	2206	5447
1019	7547	2031	5516
1020	7850	2273	5577
1021	7975	2397	5578
1022	7940	2303	5637
1023	7998	2200	5798
1024	7998	2305	5693
1025	7899	2331	5568
1026	7643	2126	5517
1027	7515	2052	5463
1028	7870	2383	5487
1029	7948	2395	5553
1030	7795	2251	5544
1031	7713	2148	5565
1032	7908	2265	5643
1033	7900	2331	5569
1034	7827	2236	5591
1035	7739	2107	5632
1036	7908	2216	5692
1037	8089	2421	5668
1038	7907	2357	5550
1039	7842	2218	5624
1040	7923	2339	5584
1041	7953	2440	5513
1042	7753	2241	5512
1043	7548	2065	5483
1044	7569	2094	5475
1045	7905	2420	5485
1046	7772	2280	5492
1047	7548	2060	5488
1048	7793	2320	5473
1049	7967	2457	5510
1050	7821	2253	5568
1051	7670	2133	5537
1052	8005	2474	5531
1053	7974	2467	5507
1054	8303	2739	5564
1055	7795	2347	5448
1056	7651	2236	5415
1057	7889	2416	5473
1058	7716	2248	5468
1059	7444	2045	5399
1060	7685	2287	5398
1061	7773	2397	5376
1062	7511	2158	5353
1063	7399	2132	5267
1064	7513	2267	5246
1065	7625	2370	5255
1066	7404	2211	5193
1067	7278	2044	5234
1068	7707	2345	5362
1069	7774	2386	5388
1070	7690	2248	5442
1071	7604	2140	5464
1072	7685	2192	5493
1073	7932	2384	5548
1074	7946	2263	5683
1075	7732	2022	5710
1076	7927	2334	5593
1077	7990	2415	5575
1078	7788	2186	5602
1079	7738	2158	5580
1080	8002	2417	5585
1081	7972	2383	5589
1082	7813	2225	5588
1083	7697	2064	5633
1084	7841	2238	5603
1085	7828	2251	5577
1086	7644	2166	5478
1087	7531	2074	5457
1088	7715	2271	5444
1089	7863	2372	5491
1090	7770	2176	5594
1091	7750	2166	5584
1092	8024	2376	5648
1093	8045	2412	5633
1094	7824	2178	5646
1095	7626	2024	5602
1096	7766	2213	5553
1097	7913	2393	5520
1098	7654	2238	5416
1099	7380	2034	5346
1100	7541	2121	5420
1101	7883	2381	5502
1102	7690	2219	5471
1103	7528	2093	5435
1104	7833	2275	5558
1105	7761	2306	5455
1106	7596	2126	5470
1107	7599	2045	5554
1108	7767	2218	5549
1109	7911	2274	5637
1110	7787	2117	5670
1111	7858	2210	5648
1112	7945	2375	5570
1113	8002	2419	5583
1114	7735	2188	5547
1115	7477	2008	5469
1116	7534	2148	5386
1117	7763	2279	5484
1118	7854	2255	5599
1119	7660	2114	5546
1120	7757	2211	5546
1121	7876	2272	5604
1122	7903	2241	5662
1123	7886	2161	5725
1124	8262	2421	5841
1125	8311	2422	5889
1126	7878	2134	5744
1127	7753	2017	5736
1128	8020	2213	5807
1129	8033	2265	5768
1130	7851	2083	5768
1131	7839	2030	5809
1132	8022	2202	5820
1133	8196	2350	5846
1134	7945	2147	5798
1135	7621	2014	5607
1136	8061	2348	5713
1137	8226	2436	5790
1138	8010	2194	5816
1139	7919	2072	5847
1140	8074	2286	5788
1141	8089	2313	5776
1142	7957	2208	5749
1143	8082	2236	5846
1144	8161	2341	5820
1145	8255	2322	5933
1146	8162	2219	5943
1147	7980	2066	5914
1148	8121	2198	5923
1149	8234	2295	5939
1150	8051	2112	5939
1151	8257	2229	6028
1152	8324	2258	6066
1153	8407	2297	6110
1154	8284	2198	6086
1155	8084	2114	5970
1156	8228	2273	5955
1157	8490	2557	5933
1158	8247	2252	5995
1159	8010	2035	5975
1160	8370	2354	6016
1161	8434	2420	6014
1162	8253	2175	6078
1163	8125	2094	6031
1164	8283	2237	6046
1165	8407	2392	6015
1166	8398	2229	6169
1167	8390	2091	6299
1168	8697	2368	6329
1169	8656	2397	6259
1170	8279	2122	6157
1171	8492	2291	6201
1172	8794	2526	6268
1173	8703	2493	6210
1174	8386	2218	6168
1175	8179	2044	6135
1176	8421	2264	6157
1177	8529	2330	6199
1178	8319	2166	6153
1179	8253	1969	6284
1180	8461	2129	6332
1181	8619	2350	6269
1182	8501	2175	6326
1183	8429	2031	6398
1184	8666	2261	6405
1185	8698	2301	6397
1186	8500	2165	6335
1187	8359	2025	6334
1188	8535	2117	6418
1189	8670	2300	6370
1190	8644	2216	6428
1191	8534	2052	6482
1192	8793	2265	6528
1193	8865	2345	6520
1194	8631	2102	6529
1195	8490	1992	6498
1196	8662	2174	6488
1197	8864	2347	6517
1198	8700	2164	6536
1199	8696	2134	6562
1200	9020	2452	6568
1201	9131	2518	6613
1202	8767	2153	6614
1203	8571	2086	6485
1204	8896	2336	6560
1205	9172	2526	6646
1206	8948	2241	6707
1207	8806	2053	6753
1208	8885	2160	6725
1209	9021	2290	6731
1210	8858	2208	6650
1211	8815	2122	6693
1212	8945	2253	6692
1213	9093	2360	6733
1214	8931	2188	6743
1215	8736	2069	6667
1216	8896	2219	6677
1217	9123	2355	6768
1218	8980	2218	6762
1219	8852	2091	6761
1220	9153	2283	6870
1221	9247	2369	6878
1222	9024	2212	6812
1223	8832	2069	6763
1224	9199	2226	6973
1225	9359	2297	7062
1226	9138	2102	7036
1227	8889	1948	6941
1228	9337	2346	6991
1229	9461	2439	7022
1230	9264	2197	7067
1231	9117	2083	7034
1232	9376	2292	7084
1233	9353	2317	7036
1234	9131	2155	6976
1235	9091	2086	7005
1236	9466	2326	7140
1237	9581	2387	7194
1238	9271	2157	7114
1239	9094	1943	7151
1240	9472	2227	7245
1241	9761	2458	7303
1242	9492	2173	7319
1243	9355	2019	7336
1244	9601	2252	7349
1245	9751	2406	7345
1246	9510	2162	7348
1247	9609	2099	7510
1248	9797	2310	7487
1249	9713	2346	7367
1250	9526	2137	7389
1251	9467	2105	7362
1252	9764	2246	7518
1253	9735	2259	7476
1254	9685	2157	7528
1255	9674	2107	7567
1256	9834	2345	7489
1257	9885	2346	7539
1258	9709	2107	7602
1259	9511	2002	7509
1260	9738	2209	7529
1261	9890	2279	7611
1262	10048	2356	7692
1263	9747	2140	7607
1264	9946	2270	7676
1265	10083	2306	7777
1266	9939	2172	7767
1267	9852	2077	7775
1268	10062	2265	7797
1269	10123	2360	7763
1270	9781	2090	7691
1271	9822	2018	7804
1272	10767	2800	7967
1273	10554	2613	7941
1274	10143	2199	7944
1275	9991	2020	7971
1276	10217	2170	8047
1277	10445	2318	8127
1278	10239	2147	8092
1279	9985	2074	7911
1280	10404	2336	8068
1281	10510	2322	8188
1282	10463	2231	8232
1283	10252	2074	8178
1284	10428	2231	8197
1285	10535	2338	8197
1286	10333	2148	8185
1287	10302	2081	8221
1288	10487	2294	8193
1289	10709	2413	8296
1290	10550	2223	8327
1291	10352	2090	8262
1292	10731	2336	8395
1293	10839	2376	8463
1294	10493	2080	8413
1295	10372	1955	8417
1296	11068	2609	8459
1297	11160	2672	8488
1298	10765	2230	8535
1299	10738	2150	8588
1300	10854	2297	8557
1301	11063	2380	8683
1302	10924	2168	8756
1303	10801	2037	8764
1304	11150	2322	8828
1305	11339	2461	8878
1306	11074	2209	8865
1307	10947	2127	8820
1308	11132	2318	8814
1309	11356	2473	8883
1310	11157	2231	8926
1311	11065	2073	8992
1312	11385	2328	9057
1313	11357	2314	9043
1314	11265	2227	9038
1315	11335	2166	9169
1316	11553	2337	9216
1317	11480	2354	9126
1318	11289	2142	9147
1319	11253	2012	9241
1320	11551	2251	9300
1321	11834	2486	9348
1322	11458	2199	9259
1323	11240	1991	9249
1324	11491	2188	9303
1325	11587	2234	9353
1326	11590	2101	9489
1327	11510	1996	9514
1328	11712	2259	9453
1329	11945	2421	9524
1330	11708	2224	9484
1331	11438	2001	9437
1332	11652	2165	9487
1333	11908	2371	9537
1334	11704	2163	9541
1335	11646	2014	9632
1336	11875	2263	9612
1337	11925	2353	9572
1338	11791	2162	9629
1339	11709	2013	9696
1340	12025	2250	9775
1341	12300	2383	9917
1342	11956	2153	9803
1343	11776	2021	9755
1344	11951	2208	9743
1345	12127	2338	9789
1346	12202	2301	9901
1347	11959	2147	9812
1348	11957	2204	9753
1349	12121	2270	9851
1350	12079	2116	9963
1351	11861	1973	9888
1352	12325	2397	9928
1353	12394	2408	9986
1354	12058	2075	9983
1355	12067	2037	10030
1356	12332	2233	10099
1357	12372	2295	10077
1358	12375	2268	10107
1359	12438	2216	10222
1360	12583	2270	10313
1361	12520	2333	10187
1362	12341	2169	10172
1363	12356	2027	10329
1364	12595	2304	10291
1365	12722	2417	10305
1366	12499	2244	10255
1367	12327	2075	10252
1368	12597	2308	10289
1369	12744	2392	10352
1370	12596	2208	10388
1371	12346	2066	10280
1372	12655	2287	10368
1373	12827	2466	10361
1374	12591	2257	10334
1375	12471	2075	10396
1376	12675	2257	10418
1377	12756	2282	10474
1378	12677	2197	10480
1379	12612	2113	10499
1380	12618	2228	10390
1381	12712	2299	10413
1382	12580	2154	10426
1383	12368	2024	10344
1384	12624	2215	10409
1385	12884	2341	10543
1386	12690	2127	10563
1387	12577	2015	10562
1388	13033	2460	10573
1389	13066	2541	10525
1390	12668	2249	10419
1391	12648	2153	10495
1392	12871	2308	10563
1393	12955	2376	10579
1394	12659	2120	10539
1395	12488	1952	10536
1396	12735	2215	10520
1397	12854	2396	10458
1398	12780	2165	10615
1399	12808	2139	10669
1400	12918	2307	10611
1401	12880	2360	10520
1402	12747	2148	10599
1403	12841	2110	10731
1404	12996	2250	10746
1405	13085	2318	10767
1406	12876	2107	10769
1407	12793	2024	10769
1408	12982	2128	10854
1409	13185	2305	10880
1410	13053	2198	10855
1411	12836	2039	10797
1412	12937	2176	10761
1413	13092	2341	10751
1414	13123	2225	10898
1415	13149	2150	10999
1416	13327	2295	11032
1417	13562	2349	11213
1418	13499	2293	11206
1419	13192	2164	11028
1420	13233	2233	11000
1421	13372	2367	11005
1422	13252	2148	11104
1423	13152	2065	11087
1424	13515	2403	11112
1425	13666	2454	11212
1426	13274	2129	11145
1427	13098	1983	11115
1428	13456	2319	11137
1429	13545	2344	11201
1430	13378	2108	11270
1431	13293	2034	11259
1432	13427	2249	11178
1433	13630	2392	11238
1434	13432	2180	11252
1435	13297	2084	11213
1436	13654	2443	11211
1437	13774	2512	11262
1438	13365	2223	11142
1439	13336	2140	11196
1440	13682	2446	11236
1441	13607	2397	11210
1442	13232	2109	11123
1443	13155	2021	11134
1444	13542	2329	11213
1445	13465	2358	11107
1446	13145	2080	11065
1447	13180	1978	11202
1448	13436	2217	11219
1449	13459	2286	11173
1450	13328	2206	11122
1451	13099	2063	11036
1452	13360	2201	11159
1453	13291	2214	11077
1454	12971	2004	10967
1455	12978	1985	10993
1456	13277	2296	10981
1457	13206	2331	10875
1458	12918	2121	10797
1459	12763	1959	10804
1460	13089	2261	10828
1461	13168	2397	10771
1462	12877	2118	10759
1463	12956	2110	10846
1464	12937	2232	10705
1465	12909	2280	10629
1466	12997	2298	10699
1467	12835	2135	10700
1468	13012	2327	10685
1469	13173	2436	10737
1470	12978	2195	10783
1471	12788	2025	10763
1472	13090	2253	10837
1473	13092	2302	10790
1474	12970	2161	10809
1475	12758	2042	10716
1476	13018	2298	10720
1477	13179	2417	10762
1478	12869	2154	10715
1479	12779	2062	10717
1480	12867	2214	10653
1481	12997	2285	10712
1482	12839	2200	10639
1483	12809	2154	10655
1484	13076	2336	10740
1485	13232	2445	10787
1486	13186	2338	10848
1487	12910	2159	10751
1488	12965	2245	10720
1489	12965	2284	10681
1490	12848	2101	10747
1491	13051	2242	10809
1492	13178	2353	10825
1493	13170	2291	10879
1494	12841	2064	10777
1495	12799	2018	10781
1496	13125	2318	10807
1497	12996	2305	10691
1498	12776	2103	10673
1499	12702	1994	10708
1500	13018	2222	10796
1501	13042	2355	10687
1502	12698	2151	10547
1503	12598	2062	10536
1504	12866	2304	10562
1505	13079	2456	10623
1506	12797	2200	10597
1507	12519	2012	10507
1508	12567	2105	10462
1509	12981	2439	10542
1510	12716	2179	10537
1511	12495	1972	10523
1512	12661	2251	10410
1513	12767	2405	10362
1514	12847	2301	10546
1515	12536	2114	10422
1516	12634	2322	10312
1517	12799	2394	10405
1518	12642	2252	10390
1519	12431	2053	10378
1520	12675	2274	10401
1521	12823	2465	10358
1522	12623	2315	10308
1523	12290	2068	10222
1524	12440	2134	10306
1525	12603	2270	10333
1526	12572	2206	10366
1527	12344	2044	10300
1528	12397	2166	10231
1529	12471	2247	10224
1530	12333	2107	10226
1531	12316	2136	10180
1532	12371	2296	10075
1533	12462	2306	10156
1534	12382	2175	10207
1535	12377	2154	10223
1536	12303	2210	10093
1537	12370	2299	10071
1538	12500	2300	10200
1539	12263	2184	10079
1540	12474	2368	10106
1541	12463	2379	10084
1542	12364	2361	10003
1543	12390	2322	10068
1544	12285	2292	9993
1545	12164	2247	9917
1546	11974	2061	9913
1547	11922	2033	9889
1548	12065	2243	9822
1549	12171	2313	9858
1550	12052	2150	9902
1551	11831	1977	9854
1552	12163	2319	9844
1553	12178	2463	9715
1554	11788	2154	9634
1555	11701	2036	9665
1556	12008	2200	9808
1557	12266	2400	9866
1558	11879	2116	9763
1559	11731	2015	9716
1560	11829	2189	9640
1561	12031	2367	9664
1562	11901	2203	9698
1563	11788	2081	9707
1564	11905	2246	9659
1565	11963	2315	9648
1566	11686	2139	9547
1567	11565	2042	9523
1568	12101	2508	9593
1569	12140	2518	9622
1570	11566	2146	9420
1571	11395	2057	9338
1572	12600	3058	9542
1573	12233	2799	9434
1574	11422	2133	9289
1575	11408	2062	9346
1576	11781	2509	9272
1577	11720	2439	9281
1578	11458	2207	9251
1579	11426	2216	9210
1580	11462	2302	9160
1581	11470	2346	9124
1582	11219	2127	9092
1583	11179	2033	9146
1584	11207	2122	9085
1585	11239	2239	9000
1586	11216	2171	9045
1587	11023	2067	8956
1588	11184	2220	8964
1589	11482	2381	9101
1590	11171	2170	9001
1591	10894	1989	8905
1592	11210	2234	8976
1593	11234	2261	8973
1594	11100	2120	8980
1595	11196	2194	9002
1596	11622	2696	8926
1597	11448	2516	8932
1598	11025	2152	8873
1599	11015	2026	8989
1600	11289	2244	9045
1601	11109	2249	8860
1602	11044	2207	8837
1603	11013	2145	8868
1604	11061	2260	8801
1605	11076	2272	8804
1606	10972	2125	8847
1607	10994	2095	8899
1608	11152	2274	8878
1609	11136	2256	8880
1610	10926	2083	8843
1611	10878	2013	8865
1612	11153	2271	8882
1613	11089	2307	8782
1614	10993	2220	8773
1615	10726	2033	8693
1616	11115	2270	8845
1617	11334	2351	8983
1618	11165	2306	8859
1619	10967	2183	8784
1620	11196	2339	8857
1621	11205	2390	8815
1622	10896	2134	8762
1623	10909	2042	8867
1624	11271	2442	8829
1625	11138	2469	8669
1626	10824	2191	8633
1627	10656	2054	8602
1628	11255	2492	8763
1629	11406	2581	8825
1630	10848	2218	8630
1631	10581	1995	8586
1632	10924	2306	8618
1633	10993	2322	8671
1634	10822	2166	8656
1635	10664	2055	8609
1636	10993	2212	8781
1637	10952	2242	8710
1638	10652	2081	8571
1639	10596	2059	8537
1640	11040	2437	8603
1641	11107	2474	8633
1642	10824	2254	8570
1643	10605	2024	8581
1644	10757	2165	8592
1645	10754	2255	8499
1646	10673	2163	8510
1647	10530	2027	8503
1648	10820	2276	8544
1649	10887	2355	8532
1650	10669	2121	8548
1651	10533	2017	8516
1652	10790	2259	8531
1653	10827	2327	8500
1654	10542	2061	8481
1655	10462	2007	8455
1656	10601	2175	8426
1657	10632	2188	8444
1658	10636	2117	8519
1659	10548	2056	8492
1660	10720	2347	8373
1661	10975	2551	8424
1662	10639	2251	8388
1663	10339	2063	8276
1664	10634	2282	8352
1665	10843	2343	8500
1666	10702	2205	8497
1667	10587	2147	8440
1668	10680	2264	8416
1669	10689	2311	8378
1670	10566	2189	8377
1671	10514	2143	8371
1672	10544	2273	8271
1673	10647	2308	8339
1674	10433	2139	8294
1675	10292	1986	8306
1676	10550	2191	8359
1677	10690	2302	8388
1678	10573	2173	8400
1679	10398	2052	8346
1680	10722	2358	8364
1681	10858	2458	8400
1682	10532	2202	8330
1683	10382	2014	8368
1684	10770	2324	8446
1685	10839	2361	8478
1686	10461	2076	8385
1687	10438	2102	8336
1688	10601	2248	8353
1689	10518	2261	8257
1690	10489	2155	8334
1691	10403	2074	8329
1692	10573	2336	8237
1693	10575	2333	8242
1694	10423	2066	8357
1695	10396	2042	8354
1696	10647	2237	8410
1697	10701	2314	8387
1698	10421	2162	8259
1699	10487	2089	8398
1700	10827	2376	8451
1701	10855	2466	8389
1702	10515	2141	8374
1703	10367	2063	8304
1704	10559	2210	8349
1705	10588	2312	8276
1706	10515	2129	8386
1707	10366	2072	8294
1708	10546	2344	8202
1709	10795	2505	8290
1710	10761	2361	8400
1711	10478	2130	8348
1712	10660	2292	8368
1713	10917	2412	8505
1714	10627	2185	8442
1715	10386	1974	8412
1716	10674	2193	8481
1717	10805	2306	8499
1718	10575	2158	8417
1719	10511	2093	8418
1720	10702	2338	8364
1721	10661	2343	8318
1722	10546	2160	8386
1723	10459	2043	8416
1724	10784	2302	8482
1725	10915	2405	8510
1726	10655	2173	8482
1727	10531	2048	8483
1728	10521	2082	8439
1729	10813	2320	8493
1730	10693	2142	8551
1731	10619	2064	8555
1732	10745	2251	8494
1733	10705	2257	8448
1734	10595	2084	8511
1735	10462	1949	8513
1736	10658	2124	8534
1737	10934	2349	8585
1738	10860	2275	8585
1739	10638	2099	8539
1740	10793	2237	8556
1741	10946	2307	8639
1742	10818	2191	8627
1743	10657	2101	8556
1744	10654	2223	8431
1745	10776	2265	8511
1746	10738	2116	8622
1747	10807	2092	8715
1748	10923	2240	8683
1749	10965	2309	8656
1750	10776	2116	8660
1751	10644	1960	8684
1752	10825	2179	8646
1753	10893	2349	8544
1754	10791	2187	8604
1755	10661	2007	8654
1756	10862	2250	8612
1757	10974	2339	8635
1758	10774	2144	8630
1759	10583	1993	8590
1760	10862	2183	8679
1761	10992	2227	8765
1762	10840	2138	8702
1763	10652	2017	8635
1764	10887	2287	8600
1765	11114	2379	8735
1766	10878	2114	8764
1767	10820	2032	8788
1768	10896	2155	8741
1769	10988	2246	8742
1770	10913	2155	8758
1771	11001	2132	8869
1772	11197	2307	8890
1773	11205	2430	8775
1774	11092	2337	8755
1775	10929	2098	8831
1776	11070	2229	8841
1777	11218	2289	8929
1778	10924	2060	8864
1779	10728	1953	8775
1780	10936	2130	8806
1781	11113	2246	8867
1782	11101	2244	8857
1783	10861	2097	8764
1784	10998	2126	8872
1785	11216	2362	8854
1786	11133	2249	8884
1787	10926	1998	8928
1788	11244	2225	9019
1789	11335	2359	8976
1790	11278	2239	9039
1791	11113	2057	9056
1792	11222	2142	9080
1793	11345	2371	8974
1794	11134	2126	9008
1795	10910	1983	8927
1796	11238	2252	8986
1797	11379	2338	9041
1798	11354	2241	9113
1799	11284	2159	9125
1800	11368	2333	9035
1801	11340	2324	9016
1802	11031	2066	8965
1803	11102	2004	9098
1804	11332	2185	9147
1805	11696	2514	9182
1806	11439	2213	9226
1807	11061	1967	9094
1808	11388	2214	9174
1809	11411	2188	9223
1810	11345	2083	9262
1811	11282	2017	9265
1812	11343	2118	9225
1813	11684	2394	9290
1814	11737	2299	9438
1815	11467	2067	9400
1816	11603	2351	9252
1817	11599	2450	9149
1818	11479	2248	9231
1819	11272	2030	9242
1820	11376	2136	9240
1821	11500	2241	9259
1822	11467	2161	9306
1823	11235	1999	9236
1824	11391	2215	9176
1825	11624	2336	9288
1826	11389	2106	9283
1827	11385	2105	9280
1828	11893	2520	9373
1829	11823	2415	9408
1830	11586	2194	9392
1831	11297	2031	9266
1832	11546	2285	9261
1833	11719	2342	9377
1834	11482	2104	9378
1835	11263	1971	9292
1836	11409	2166	9243
1837	11683	2306	9377
1838	11690	2292	9398
1839	11375	2106	9269
1840	11439	2180	9259
1841	11494	2233	9261
1842	11286	2075	9211
1843	11174	1997	9177
1844	11319	2168	9151
1845	11442	2315	9127
1846	11210	2072	9138
1847	11111	1994	9117
1848	11279	2159	9120
1849	11390	2239	9151
1850	11291	2124	9167
1851	11116	2017	9099
1852	11293	2133	9160
1853	11391	2247	9144
1854	11343	2161	9182
1855	11155	2009	9146
1856	11373	2234	9139
1857	11538	2360	9178
1858	11158	2160	8998
1859	10926	2014	8912
1860	11183	2169	9014
1861	11363	2300	9063
1862	11202	2119	9083
1863	10995	1957	9038
1864	11174	2235	8939
1865	11404	2521	8883
1866	10994	2160	8834
1867	10722	1921	8801
1868	10992	2210	8782
1869	11200	2370	8830
1870	10875	2051	8824
1871	10793	1934	8859
1872	11141	2306	8835
1873	11038	2293	8745
1874	10526	1940	8586
1875	10421	1820	8601
1876	11098	2341	8757
1877	11129	2409	8720
1878	10666	2036	8630
1879	10396	1889	8507
1880	10926	2314	8612
1881	11155	2423	8732
1882	10643	2063	8580
1883	10359	1917	8442
1884	10697	2234	8463
1885	10741	2308	8433
1886	10373	1990	8383
1887	10189	1856	8333
1888	10580	2292	8288
1889	10761	2438	8323
1890	10561	2153	8408
1891	10417	1949	8468
1892	10562	2254	8308
1893	10517	2284	8233
1894	10309	2041	8268
1895	10220	1898	8322
1896	10572	2217	8355
1897	10729	2354	8375
1898	10412	2105	8307
1899	10199	1922	8277
1900	10424	2168	8256
1901	10458	2272	8186
1902	10249	2062	8187
1903	10025	1883	8142
1904	10154	2078	8076
1905	10287	2216	8071
1906	10153	2002	8151
1907	10020	1924	8096
1908	10198	2209	7989
1909	10432	2355	8077
1910	10177	2070	8107
1911	9984	1910	8074
1912	10211	2144	8067
1913	10329	2329	8000
1914	10163	2219	7944
1915	10127	2177	7950
1916	10308	2364	7944
1917	10258	2383	7875
1918	9981	2140	7841
1919	9699	1946	7753
1920	9926	2230	7696
1921	10151	2346	7805
1922	9745	2022	7723
1923	9631	1962	7669
1924	9939	2286	7653
1925	9910	2267	7643
1926	9614	1998	7616
1927	9602	1989	7613
1928	9930	2267	7663
1929	9993	2443	7550
1930	9554	2060	7494
1931	9333	1881	7452
1932	9622	2208	7414
1933	9579	2278	7301
1934	9242	2023	7219
1935	9219	1941	7278
1936	9352	2163	7189
1937	9769	2470	7299
1938	9524	2185	7339
1939	9135	1865	7270
1940	9351	2144	7207
1941	9439	2326	7113
1942	9169	2121	7048
1943	8987	1897	7090
1944	9165	2131	7034
1945	9286	2303	6983
1946	9035	2059	6976
1947	8777	1905	6872
1948	9090	2223	6867
1949	9304	2332	6972
1950	9055	2076	6979
1951	8892	1941	6951
1952	9254	2238	7016
1953	9283	2319	6964
1954	8965	2132	6833
1955	8689	1926	6763
1956	8996	2125	6871
1957	9115	2281	6834
1958	8794	2030	6764
1959	8773	2026	6747
1960	8972	2272	6700
1961	8968	2278	6690
1962	8657	2014	6643
1963	8511	1875	6636
1964	8749	2089	6660
1965	8914	2305	6609
1966	8556	2100	6456
1967	8530	1978	6552
1968	8794	2269	6525
1969	8781	2363	6418
1970	8555	2064	6491
1971	8307	1856	6451
1972	8464	2005	6459
1973	8745	2309	6436
1974	8400	2056	6344
1975	8244	1861	6383
1976	8482	2069	6413
1977	8741	2330	6411
1978	8642	2213	6429
1979	8513	2045	6468
1980	8714	2303	6411
1981	8614	2376	6238
1982	8355	2127	6228
1983	8191	1952	6239
1984	8300	2213	6087
1985	8658	2500	6158
1986	8425	2212	6213
1987	7989	1866	6123
1988	8259	2095	6164
1989	8545	2406	6139
1990	8193	2098	6095
1991	7942	1955	5987
1992	8394	2269	6125
1993	8549	2412	6137
1994	8113	2043	6070
1995	7940	1881	6059
1996	8123	2150	5973
1997	8301	2279	6022
1998	7968	1977	5991
1999	7833	1911	5922
2000	8083	2193	5890
2001	8200	2283	5917
2002	7865	1962	5903
2003	7892	1961	5931
2004	8274	2300	5974
2005	8228	2404	5824
2006	7805	2103	5702
2007	7715	1933	5782
2008	8223	2336	5887
2009	8181	2403	5778
2010	8232	2368	5864
2011	8045	2161	5884
2012	8087	2238	5849
2013	8286	2391	5895
2014	7941	2108	5833
2015	7639	1880	5759
2016	7910	2193	5717
2017	8029	2320	5709
2018	7715	2032	5683
2019	7438	1874	5564
2020	7767	2167	5600
2021	8059	2362	5697
2022	7708	2027	5681
2023	7621	1923	5698
2024	7922	2276	5646
2025	7977	2321	5656
2026	7780	2122	5658
2027	7675	2044	5631
2028	7796	2211	5585
2029	7822	2242	5580
2030	7639	2010	5629
2031	7561	1919	5642
2032	7866	2244	5622
2033	7881	2336	5545
2034	7940	2292	5648
2035	7683	2033	5650
2036	7785	2184	5601
2037	8076	2442	5634
2038	7729	2103	5626
2039	7466	1936	5530
2040	7651	2190	5461
2041	7819	2283	5536
2042	7657	2079	5578
2043	7461	1904	5557
2044	7720	2227	5493
2045	8057	2491	5566
2046	7621	2148	5473
2047	7330	1878	5452
2048	7666	2172	5494
2049	7929	2325	5604
2050	7535	2010	5525
2051	7357	1887	5470
2052	7715	2273	5442
2053	7892	2439	5453
2054	7517	2099	5418
2055	7333	1948	5385
2056	7708	2271	5437
2057	7693	2255	5438
2058	7367	1942	5425
2059	7255	1876	5379
2060	7594	2168	5426
2061	7817	2345	5472
2062	7563	2074	5489
2063	7673	2072	5601
2064	7925	2349	5576
2065	7807	2313	5494
2066	7537	1982	5555
2067	7432	1870	5562
2068	7821	2300	5521
2069	7992	2453	5539
2070	7512	2076	5436
2071	7332	1924	5408
2072	7623	2185	5438
2073	7950	2486	5464
2074	7724	2196	5528
2075	7342	1857	5485
2076	7547	2133	5414
2077	7774	2317	5457
2078	7819	2285	5534
2079	7477	2023	5454
2080	7588	2121	5467
2081	7720	2182	5538
2082	7535	2007	5528
2083	7397	1883	5514
2084	7864	2307	5557
2085	7844	2324	5520
2086	7491	1988	5503
2087	7317	1803	5514
2088	7563	2074	5489
2089	7759	2210	5549
2090	7533	1967	5566
2091	7414	1863	5551
2092	7743	2158	5585
2093	7827	2281	5546
2094	7638	2062	5576
2095	7371	1860	5511
2096	7626	2125	5501
2097	7799	2263	5536
2098	7725	2111	5614
2099	7901	2154	5747
2100	8028	2297	5731
2101	8045	2316	5729
2102	7739	2016	5723
2103	7557	1831	5726
2104	7737	2057	5680
2105	7856	2229	5627
2106	7684	1973	5711
2107	7587	1858	5729
2108	8073	2262	5811
2109	8064	2344	5720
2110	7846	2120	5726
2111	7675	1914	5761
2112	7934	2151	5783
2113	8182	2404	5778
2114	7913	2152	5761
2115	7636	1922	5714
2116	7858	2135	5723
2117	8083	2320	5763
2118	7819	2067	5752
2119	7756	1984	5772
2120	7903	2191	5712
2121	8126	2333	5793
2122	7988	2131	5857
2123	7699	1937	5762
2124	7948	2165	5783
2125	8284	2401	5883
2126	7926	2083	5843
2127	7648	1840	5808
2128	7974	2177	5797
2129	8173	2336	5837
2130	7979	2061	5918
2131	7761	1871	5890
2132	8019	2125	5894
2133	8184	2301	5883
2134	7910	2011	5899
2135	7770	1827	5943
2136	8061	2095	5966
2137	8324	2375	5949
2138	7946	2100	5846
2139	7754	1865	5889
2140	8047	2213	5834
2141	8219	2307	5912
2142	7929	2046	5883
2143	7952	1954	5998
2144	8117	2122	5995
2145	8143	2302	5841
2146	7969	2121	5848
2147	7822	1903	5919
2148	8098	2157	5941
2149	8115	2275	5840
2150	8001	2101	5900
2151	7785	1889	5896
2152	8218	2262	5956
2153	8560	2582	5978
2154	8100	2172	5928
2155	7800	1934	5866
2156	8192	2277	5915
2157	8255	2315	5940
2158	7814	1961	5853
2159	7697	1896	5801
2160	8014	2135	5879
2161	8396	2388	6008
2162	8352	2278	6074
2163	7933	1983	5950
2164	7960	2129	5831
2165	8177	2324	5853
2166	7987	2082	5905
2167	7742	1877	5865
2168	7840	2095	5745
2169	8033	2255	5778
2170	8110	2172	5938
2171	7793	1900	5893
2172	7967	2094	5873
2173	8163	2288	5875
2174	7887	2034	5853
2175	7757	1988	5769
2176	7903	2218	5685
2177	7924	2255	5669
2178	7925	2194	5731
2179	7842	2096	5746
2180	7981	2243	5738
2181	8012	2322	5690
2182	7785	2066	5719
2183	7579	1872	5707
2184	7909	2199	5710
2185	8195	2479	5716
2186	7882	2172	5710
2187	7684	2019	5665
2188	7841	2180	5661
2189	7868	2259	5609
2190	7611	2017	5594
2191	7595	1973	5622
2192	7897	2247	5650
2193	7886	2363	5523
2194	7609	2049	5560
2195	7411	1853	5558
2196	7621	2105	5516
2197	7891	2366	5525
2198	7608	2103	5505
2199	7398	1910	5488
2200	7879	2352	5527
2201	7755	2363	5392
2202	7473	2119	5354
2203	7325	1937	5388
2204	7350	2047	5303
2205	7518	2231	5287
2206	7353	2028	5325
2207	7308	1952	5356
2208	7426	2173	5253
2209	7457	2279	5178
2210	7222	2047	5175
2211	7171	1988	5183
2212	7336	2158	5178
2213	7404	2297	5107
2214	7124	2087	5037
2215	6887	1854	5033
2216	7145	2106	5039
2217	7292	2286	5006
2218	7010	2021	4989
2219	6841	1845	4996
2220	7147	2073	5074
2221	7386	2265	5121
2222	7043	2041	5002
2223	6731	1815	4916
2224	7019	2129	4890
2225	7128	2227	4901
2226	7052	2137	4915
2227	6821	1987	4834
2228	6983	2181	4802
2229	7127	2288	4839
2230	6835	1993	4842
2231	6532	1843	4689
2232	7031	2290	4741
2233	7275	2489	4786
2234	6823	2146	4677
2235	6653	1974	4679
2236	6789	2140	4649
2237	6960	2331	4629
2238	6753	2164	4589
2239	6647	2033	4614
2240	6723	2177	4546
2241	6711	2214	4497
2242	6626	2104	4522
2243	6337	1913	4424
2244	6557	2131	4426
2245	6635	2298	4337
2246	6344	2049	4295
2247	6174	1869	4305
2248	6695	2328	4367
2249	6654	2352	4302
2250	6459	2183	4276
2251	6338	2014	4324
2252	6534	2273	4261
2253	6621	2322	4299
2254	6335	2003	4332
2255	6259	1957	4302
2256	6433	2203	4230
2257	6440	2326	4114
2258	6192	2056	4136
2259	6044	1939	4105
2260	6396	2217	4179
2261	6448	2282	4166
2262	6178	2112	4066
2263	6029	1956	4073
2264	6116	2122	3994
2265	6166	2239	3927
2266	6022	2025	3997
2267	5900	1907	3993
2268	6071	2130	3941
2269	6017	2163	3854
2270	5884	2008	3876
2271	6092	2088	4004
2272	6231	2289	3942
2273	6174	2324	3850
2274	5906	2052	3854
2275	5671	1863	3808
2276	6001	2196	3805
2277	6121	2344	3777
2278	5953	2141	3812
2279	5696	1945	3751
2280	5891	2133	3758
2281	6203	2350	3853
2282	5913	2148	3765
2283	5664	1967	3697
2284	6136	2361	3775
2285	6091	2399	3692
2286	5616	2009	3607
2287	5493	1865	3628
2288	5790	2182	3608
2289	6409	2705	3704
2290	6063	2385	3678
2291	5493	1926	3567
2292	5927	2311	3616
2293	6067	2474	3593
2294	5680	2092	3588
2295	5394	1877	3517
2296	5752	2222	3530
2297	6008	2462	3546
2298	5633	2113	3520
2299	5407	1972	3435
2300	5580	2097	3483
2301	5754	2240	3514
2302	5526	2019	3507
2303	5316	1851	3465
2304	5556	2164	3392
2305	5659	2288	3371
2306	5343	1971	3372
2307	5269	1854	3415
2308	5394	2103	3291
2309	5564	2301	3263
2310	5353	2049	3304
2311	5242	1941	3301
2312	5467	2138	3329
2313	5676	2274	3402
2314	5419	2023	3396
2315	5185	1892	3293
2316	5364	2160	3204
2317	5543	2285	3258
2318	5421	2070	3351
2319	5276	1893	3383
2320	5383	2087	3296
2321	5416	2206	3210
2322	5318	2093	3225
2323	5203	1949	3254
2324	5413	2176	3237
2325	5474	2232	3242
2326	5357	2077	3280
2327	5305	2057	3248
2328	5638	2328	3310
2329	5703	2370	3333
2330	5332	2113	3219
2331	5162	1909	3253
2332	5552	2228	3324
2333	5593	2350	3243
2334	5302	2116	3186
2335	5247	2037	3210
2336	5575	2279	3296
2337	5618	2342	3276
2338	5293	2024	3269
2339	5140	1920	3220
2340	5363	2185	3178
2341	5453	2292	3161
2342	5183	2042	3141
2343	5012	1861	3151
2344	5199	2093	3106
2345	5306	2174	3132
2346	5368	2141	3227
2347	5118	1919	3199
2348	5322	2106	3216
2349	5615	2356	3259
2350	5309	2088	3221
2351	4979	1863	3116
2352	5471	2316	3155
2353	5577	2447	3130
2354	5253	2112	3141
2355	5098	1959	3139
2356	5481	2303	3178
2357	5622	2386	3236
2358	5195	2064	3131
2359	5065	1941	3124
2360	5350	2149	3201
2361	5361	2222	3139
2362	5196	2066	3130
2363	5137	1937	3200
2364	5270	2118	3152
2365	5315	2222	3093
2366	5059	1957	3102
2367	4917	1811	3106
2368	5253	2102	3151
2369	5659	2401	3258
2370	5385	2170	3215
2371	5074	1898	3176
2372	5285	2107	3178
2373	5433	2251	3182
2374	5257	2023	3234
2375	5060	1880	3180
2376	5375	2169	3206
2377	5438	2215	3223
2378	5233	2032	3201
2379	5203	1956	3247
2380	5386	2186	3200
2381	5416	2277	3139
2382	5188	2018	3170
2383	5041	1867	3174
2384	5316	2111	3205
2385	5775	2417	3358
2386	5468	2177	3291
2387	5155	1897	3258
2388	5409	2186	3223
2389	5486	2284	3202
2390	5335	2072	3263
2391	5358	2027	3331
2392	5583	2250	3333
2393	5723	2395	3328
2394	5441	2099	3342
2395	5112	1860	3252
2396	5362	2117	3245
2397	5580	2320	3260
2398	5417	2113	3304
2399	5364	2022	3342
2400	5595	2253	3342
2401	5834	2395	3439
2402	5491	2081	3410
2403	5378	1954	3424
2404	5658	2253	3405
2405	5680	2294	3386
2406	5616	2189	3427
2407	5470	2042	3428
2408	5794	2345	3449
2409	5777	2350	3427
2410	5510	2076	3434
2411	5265	1915	3350
2412	5478	2139	3339
2413	5885	2403	3482
2414	5707	2193	3514
2415	5482	2025	3457
2416	5931	2457	3474
2417	5928	2457	3471
2418	5512	2081	3431
2419	5306	1896	3410
2420	5551	2149	3402
2421	5619	2257	3362
2422	5425	2021	3404
2423	5291	1916	3375
2424	5535	2127	3408
2425	5671	2255	3416
2426	5378	1956	3422
2427	5308	1873	3435
2428	5585	2121	3464
2429	5576	2172	3404
2430	5493	2052	3441
2431	5524	2031	3493
2432	5700	2234	3466
2433	5811	2331	3480
2434	5551	2089	3462
2435	5335	1908	3427
2436	5761	2281	3480
2437	5874	2379	3495
2438	5561	2119	3442
2439	5528	2063	3465
2440	5606	2161	3445
2441	5789	2363	3426
2442	5542	2136	3406
2443	5451	1962	3489
2444	5685	2229	3456
2445	5815	2376	3439
2446	5573	2113	3460
2447	5560	2062	3498
2448	5722	2227	3495
2449	5741	2301	3440
2450	5513	2064	3449
2451	5516	2008	3508
2452	5712	2210	3502
2453	5875	2331	3544
2454	5608	2078	3530
2455	5442	1932	3510
2456	5608	2098	3510
2457	5705	2220	3485
2458	5624	2165	3459
2459	5439	2000	3439
2460	5572	2133	3439
2461	5725	2256	3469
2462	5518	2040	3478
2463	5343	1885	3458
2464	5609	2167	3442
2465	5854	2421	3433
2466	5617	2193	3424
2467	5307	1967	3340
2468	5558	2193	3365
2469	5615	2239	3376
2470	5489	2072	3417
2471	5297	1896	3401
2472	5521	2161	3360
2473	5621	2294	3327
2474	5371	2003	3368
2475	5532	2133	3399
2476	5644	2296	3348
2477	5578	2279	3299
2478	5331	2086	3245
2479	5192	1931	3261
2480	5402	2143	3259
2481	5431	2220	3211
2482	5235	2025	3210
2483	5013	1841	3172
2484	5237	2045	3192
2485	5629	2342	3287
2486	5412	2093	3319
2487	5198	1982	3216
2488	5397	2177	3220
2489	5508	2260	3248
2490	5317	2126	3191
2491	5092	1933	3159
2492	5191	2123	3068
2493	5163	2115	3048
2494	5084	1953	3131
2495	4999	1946	3053
2496	5169	2086	3083
2497	5331	2258	3073
2498	5314	2211	3103
2499	5049	1979	3070
2500	5141	2104	3037
2501	5291	2269	3022
2502	5140	2055	3085
2503	4931	1921	3010
2504	5124	2132	2992
2505	5185	2235	2950
2506	4959	2031	2928
2507	4825	1961	2864
2508	5141	2298	2843
2509	5235	2368	2867
2510	4991	2098	2893
2511	4991	2027	2964
2512	5163	2233	2930
2513	5233	2331	2902
2514	4876	2015	2861
2515	4661	1833	2828
2516	4974	2171	2803
2517	5187	2375	2812
2518	5137	2214	2923
2519	4886	2054	2832
2520	5132	2311	2821
2521	5335	2421	2914
2522	5009	2144	2865
2523	4686	1916	2770
2524	4844	2061	2783
2525	4973	2267	2706
2526	4700	2060	2640
2527	4494	1825	2669
2528	5065	2311	2754
2529	5052	2368	2684
2530	4750	2079	2671
2531	4469	1912	2557
2532	4865	2241	2624
2533	5108	2352	2756
2534	4609	1987	2622
2535	4532	1932	2600
2536	5053	2467	2586
2537	4950	2436	2514
2538	4568	2018	2550
2539	4522	1984	2538
2540	4649	2178	2471
2541	4814	2301	2513
2542	4625	2041	2584
2543	4489	1946	2543
2544	4856	2332	2524
2545	4871	2377	2494
2546	4628	2103	2525
2547	4418	1923	2495
2548	4625	2207	2418
2549	4704	2268	2436
2550	4663	2225	2438
2551	4423	2029	2394
2552	4489	2070	2419
2553	4655	2223	2432
2554	4462	2007	2455
2555	4212	1861	2351
2556	4475	2138	2337
2557	4668	2286	2382
2558	4602	2136	2466
2559	4400	2002	2398
2560	4529	2148	2381
2561	4883	2441	2442
2562	4630	2203	2427
2563	4305	1986	2319
2564	4478	2143	2335
2565	4517	2210	2307
2566	4351	2011	2340
2567	4164	1854	2310
2568	4361	2052	2309
2569	4441	2165	2276
2570	4278	2007	2271
2571	4261	1954	2307
2572	4517	2224	2293
2573	4586	2329	2257
2574	4543	2218	2325
2575	4332	2032	2300
2576	4508	2240	2268
2577	4661	2377	2284
2578	4486	2245	2241
2579	4250	2053	2197
2580	4363	2157	2206
2581	4612	2387	2225
2582	4272	2141	2131
2583	4018	1925	2093
2584	4290	2125	2165
2585	4444	2285	2159
2586	4217	2128	2089
2587	3994	1948	2046
2588	4245	2196	2049
2589	4459	2334	2125
2590	4404	2217	2187
2591	4140	1992	2148
2592	4269	2100	2169
2593	4482	2335	2147
2594	4208	2095	2113
2595	4082	1968	2114
2596	4408	2273	2135
2597	4533	2368	2165
2598	4202	2032	2170
2599	4046	1868	2178
2600	4415	2230	2185
2601	4563	2356	2207
2602	4333	2143	2190
2603	4151	2050	2101
2604	4352	2217	2135
2605	4502	2301	2201
2606	4323	2157	2166
2607	4065	1972	2093
2608	4337	2234	2103
2609	4503	2310	2193
2610	4242	2084	2158
2611	3992	1914	2078
2612	4232	2122	2110
2613	4428	2278	2150
2614	4097	2025	2072
2615	4185	2045	2140
2616	4327	2303	2024
2617	4467	2392	2075
2618	4267	2109	2158
2619	4003	1920	2083
2620	4290	2160	2130
2621	4596	2371	2225
2622	4419	2197	2222
2623	4152	2012	2140
2624	4485	2284	2201
2625	4500	2342	2158
2626	4168	2045	2123
2627	3991	1943	2048
2628	4168	2135	2033
2629	4354	2309	2045
2630	4258	2097	2161
2631	4087	1956	2131
2632	4310	2212	2098
2633	4422	2280	2142
2634	4213	2034	2179
2635	4131	1929	2202
2636	4374	2194	2180
2637	4511	2323	2188
2638	4244	2068	2176
2639	4054	1885	2169
2640	4351	2160	2191
2641	4380	2259	2121
2642	4025	1962	2063
2643	3825	1772	2053
2644	4265	2057	2208
2645	4545	2305	2240
2646	4411	2183	2228
2647	4107	1977	2130
2648	4370	2226	2144
2649	4507	2346	2161
2650	4267	2079	2188
2651	4044	1912	2132
2652	4345	2209	2136
2653	4460	2341	2119
2654	4262	2133	2129
2655	4080	1943	2137
2656	4364	2171	2193
2657	4393	2267	2126
2658	4141	2027	2114
2659	3977	1864	2113
2660	4329	2206	2123
2661	4378	2283	2095
2662	4220	1994	2226
2663	4135	1888	2247
2664	4296	2113	2183
2665	4697	2453	2244
2666	4411	2155	2256
2667	4148	1942	2206
2668	4469	2265	2204
2669	4474	2305	2169
2670	4200	2075	2125
2671	4036	1948	2088
2672	4409	2235	2174
2673	4431	2293	2138
2674	4212	2065	2147
2675	3951	1869	2082
2676	4317	2223	2094
2677	4653	2378	2275
2678	4191	2011	2180
2679	4012	1934	2078
2680	4304	2198	2106
2681	4674	2505	2169
2682	4351	2172	2179
2683	4075	1938	2137
2684	4382	2227	2155
2685	4511	2343	2168
2686	4240	2063	2177
2687	4168	1974	2194
2688	4339	2162	2177
2689	4385	2218	2167
2690	4113	1931	2182
2691	4077	1975	2102
2692	4356	2234	2122
2693	4364	2243	2121
2694	4152	2056	2096
2695	3988	1896	2092
2696	4238	2125	2113
2697	4415	2256	2159
2698	4245	2157	2088
2699	4018	1937	2081
2700	4340	2225	2115
2701	4350	2328	2022
2702	4067	2014	2053
2703	4030	1952	2078
2704	4149	2160	1989
2705	4369	2373	1996
2706	4296	2193	2103
2707	4292	2145	2147
2708	4373	2288	2085
2709	4437	2344	2093
2710	4187	2093	2094
2711	3985	1961	2024
2712	4263	2262	2001
2713	4347	2385	1962
2714	4024	2055	1969
2715	3868	1872	1996
2716	4377	2266	2111
2717	4446	2397	2049
2718	4141	2077	2064
2719	3910	1849	2061
2720	4246	2180	2066
2721	4441	2358	2083
2722	3989	2046	1943
2723	3914	1961	1953
2724	4167	2207	1960
2725	4177	2267	1910
2726	4020	2117	1903
2727	3830	1914	1916
2728	3947	2124	1823
2729	4215	2275	1940
2730	3932	2006	1926
2731	3788	1925	1863
2732	4265	2332	1933
2733	4374	2427	1947
2734	4010	2101	1909
2735	3796	1995	1801
2736	4043	2250	1793
2737	4199	2401	1798
2738	3914	2085	1829
2739	3654	1842	1812
2740	3985	2182	1803
2741	4285	2438	1847
2742	3916	2125	1791
2743	3619	1875	1744
2744	4050	2210	1840
2745	4214	2380	1834
2746	3723	2012	1711
2747	3525	1858	1667
2748	3914	2198	1716
2749	4045	2284	1761
2750	3697	1971	1726
2751	3561	1832	1729
2752	3843	2120	1723
2753	3941	2261	1680
2754	3771	2092	1679
2755	3550	1898	1652
2756	3812	2150	1662
2757	3911	2268	1643
2758	3617	2037	1580
2759	3525	1936	1589
2760	3744	2115	1629
2761	3885	2291	1594
2762	3602	2007	1595
2763	3437	1843	1594
2764	3938	2292	1646
2765	3970	2343	1627
2766	3634	2061	1573
2767	3474	1936	1538
2768	3766	2206	1560
2769	3774	2262	1512
2770	3540	2044	1496
2771	3379	1866	1513
2772	3620	2133	1487
2773	3756	2270	1486
2774	3526	2012	1514
2775	3586	2041	1545
2776	3756	2284	1472
2777	3892	2407	1485
2778	3619	2122	1497
2779	3266	1911	1355
2780	3665	2195	1470
2781	3752	2222	1530
2782	3809	2286	1523
2783	3529	1997	1532
2784	7617	5297	2320
2785	6067	4072	1995
2786	3435	2029	1406
2787	3226	1860	1366
2788	3563	2147	1416
2789	3718	2287	1431
2790	3524	2086	1438
2791	3405	1978	1427
2792	3521	2142	1379
2793	3782	2356	1426
2794	3561	2071	1490
2795	3262	1859	1403
2796	3617	2204	1413
2797	3812	2362	1450
2798	3513	2081	1432
2799	3233	1917	1316
2800	3597	2237	1360
2801	3749	2314	1435
2802	3389	2030	1359
2803	3348	2006	1342
2804	3759	2356	1403
2805	3707	2351	1356
2806	3254	1989	1265
2807	3213	1932	1281
2808	3537	2162	1375
2809	3663	2254	1409
2810	3543	2143	1400
2811	3195	1891	1304
2812	3337	2091	1246
2813	3535	2186	1349
2814	3366	1973	1393
2815	3130	1902	1228
2816	3522	2193	1329
2817	3703	2369	1334
2818	3430	2106	1324
2819	3416	2030	1386
2820	3505	2209	1296
2821	3623	2312	1311
2822	3546	2141	1405
2823	3287	1966	1321
2824	3492	2178	1314
2825	3545	2234	1311
2826	3286	1951	1335
2827	3166	1839	1327
2828	3487	2190	1297
2829	3603	2319	1284
2830	3339	2018	1321
2831	3309	1961	1348
2832	3546	2208	1338
2833	3687	2333	1354
2834	3338	1996	1342
2835	3225	1939	1286
2836	3481	2231	1250
2837	3547	2277	1270
2838	3254	1967	1287
2839	3257	1903	1354
2840	3438	2146	1292
2841	3634	2359	1275
2842	3582	2203	1379
2843	3343	2005	1338
2844	3512	2257	1255
2845	3727	2416	1311
2846	3492	2184	1308
2847	3143	1923	1220
2848	3319	2132	1187
2849	3653	2375	1278
2850	3337	2087	1250
2851	3202	1949	1253
2852	3500	2183	1317
2853	3584	2297	1287
2854	3354	2082	1272
2855	3338	2009	1329
2856	3611	2321	1290
2857	3641	2394	1247
2858	3440	2150	1290
2859	3324	1983	1341
2860	3454	2120	1334
2861	3667	2320	1347
2862	3321	2025	1296
2863	3161	1878	1283
2864	3620	2338	1282
2865	3634	2360	1274
2866	3347	2030	1317
2867	3530	2092	1438
2868	4039	2590	1449
2869	3755	2417	1338
2870	3393	2052	1341
2871	3359	1982	1377
2872	3596	2227	1369
2873	3603	2300	1303
2874	3369	2001	1368
2875	3407	2007	1400
2876	3541	2194	1347
2877	3563	2240	1323
2878	3350	1959	1391
2879	3161	1824	1337
2880	3461	2139	1322
2881	3657	2330	1327
2882	3349	2034	1315
2883	3311	1961	1350
2884	3576	2273	1303
2885	3672	2357	1315
2886	3364	2042	1322
2887	3247	1916	1331
2888	3544	2166	1378
2889	3652	2280	1372
2890	3399	2034	1365
2891	3211	1885	1326
2892	3525	2233	1292
2893	3675	2395	1280
2894	3368	2056	1312
2895	3284	1951	1333
2896	3463	2188	1275
2897	3622	2305	1317
2898	3396	2095	1301
2899	3184	1891	1293
2900	3413	2119	1294
2901	3693	2364	1329
2902	3352	2071	1281
2903	3086	1836	1250
2904	3404	2150	1254
2905	3540	2273	1267
2906	3287	2027	1260
2907	3123	1919	1204
2908	3434	2224	1210
2909	3561	2290	1271
2910	3215	1955	1260
2911	3022	1803	1219
2912	3351	2123	1228
2913	3577	2313	1264
2914	3270	2093	1177
2915	3086	1884	1202
2916	3327	2119	1208
2917	3574	2333	1241
2918	3315	2066	1249
2919	3090	1897	1193
2920	3289	2141	1148
2921	3388	2245	1143
2922	3293	2107	1186
2923	3056	1897	1159
2924	3311	2127	1184
2925	3501	2346	1155
2926	3318	2140	1178
2927	3109	1923	1186
2928	3346	2189	1157
2929	3393	2257	1136
2930	3144	1990	1154
2931	3040	1900	1140
2932	3479	2305	1174
2933	3489	2346	1143
2934	3162	2052	1110
2935	2931	1846	1085
2936	3146	2056	1090
2937	3546	2432	1114
2938	3247	2123	1124
2939	3049	1919	1130
2940	3272	2157	1115
2941	3407	2257	1150
2942	3230	2100	1130
2943	2976	1901	1075
2944	3392	2299	1093
2945	3441	2375	1066
2946	3054	2010	1044
2947	2910	1845	1065
2948	3344	2237	1107
2949	3359	2301	1058
2950	3033	1995	1038
2951	2924	1914	1010
2952	3087	2117	970
2953	3279	2290	989
2954	2956	1951	1005
2955	2906	1872	1034
2956	3228	2225	1003
2957	3243	2301	942
2958	2966	2078	888
2959	2765	1873	892
2960	3090	2178	912
2961	3302	2332	970
2962	3138	2115	1023
2963	3021	1997	1024
2964	3205	2227	978
2965	3182	2235	947
2966	3041	2089	952
2967	2855	1908	947
2968	2992	2101	891
2969	3263	2334	929
2970	2969	2012	957
2971	2805	1860	945
2972	3115	2157	958
2973	3171	2243	928
2974	2835	1979	856
2975	2754	1899	855
2976	3201	2280	921
2977	3213	2304	909
2978	2896	2031	865
2979	2762	1898	864
2980	3072	2217	855
2981	3103	2266	837
2982	3069	2180	889
2983	2992	2056	936
2984	3062	2184	878
2985	3234	2386	848
2986	2917	2089	828
2987	2740	1887	853
2988	3058	2179	879
2989	3192	2343	849
2990	2826	2019	807
2991	2584	1831	753
2992	2920	2114	806
2993	3076	2278	798
2994	2828	1978	850
2995	2730	1904	826
2996	3161	2249	912
2997	3339	2379	960
2998	2879	2011	868
2999	2648	1827	821
3000	2968	2178	790
3001	3294	2446	848
3002	2924	2068	856
3003	2649	1871	778
3004	3031	2225	806
3005	3137	2323	814
3006	2867	2077	790
3007	2638	1863	775
3008	3114	2248	866
3009	3327	2441	886
3010	3138	2240	898
3011	2980	2023	957
3012	3002	2121	881
3013	3039	2222	817
3014	2773	1974	799
3015	2637	1852	785
3016	2925	2141	784
3017	3076	2274	802
3018	2883	2036	847
3019	2740	1864	876
3020	3017	2163	854
3021	3136	2301	835
3022	2928	2054	874
3023	2711	1906	805
3024	3023	2214	809
3025	3169	2310	859
3026	2883	2050	833
3027	2632	1808	824
3028	2975	2133	842
3029	3145	2320	825
3030	2948	2086	862
3031	2755	1902	853
3032	2918	2117	801
3033	3127	2310	817
3034	3010	2116	894
3035	2736	1896	840
3036	3106	2227	879
3037	3237	2374	863
3038	2904	2055	849
3039	2706	1872	834
3040	2926	2073	853
3041	3232	2340	892
3042	2946	2105	841
3043	2608	1818	790
3044	2875	2062	813
3045	3108	2300	808
3046	2920	2086	834
3047	2697	1886	811
3048	2885	2029	856
3049	3020	2163	857
3050	2935	2040	895
3051	2774	1913	861
3052	2900	2117	783
3053	2951	2187	764
3054	2907	2049	858
3055	2771	1905	866
3056	2932	2104	828
3057	3042	2223	819
3058	2809	1983	826
3059	2650	1851	799
3060	3060	2202	858
3061	3168	2283	885
3062	2882	2002	880
3063	2648	1821	827
3064	2888	2057	831
3065	3049	2254	795
3066	2800	2035	765
3067	2668	1878	790
3068	3054	2162	892
3069	3180	2285	895
3070	2925	2042	883
3071	2931	2022	909
3072	3019	2135	884
3073	3062	2220	842
3074	2904	2055	849
3075	2677	1888	789
3076	2967	2190	777
3077	3114	2327	787
3078	2756	2013	743
3079	2714	1916	798
3080	3008	2232	776
3081	3349	2480	869
3082	3007	2124	883
3083	2692	1846	846
3084	2979	2188	791
3085	3071	2337	734
3086	2724	1975	749
3087	2624	1825	799
3088	2954	2180	774
3089	3144	2344	800
3090	3076	2178	898
3091	2769	1948	821
3092	2830	2097	733
3093	3059	2272	787
3094	2994	2113	881
3095	2857	1998	859
3096	2929	2179	750
3097	3129	2347	782
3098	2927	2075	852
3099	2657	1872	785
3100	2841	2136	705
3101	3039	2309	730
3102	2817	2084	733
3103	2660	1909	751
3104	2986	2200	786
3105	3076	2272	804
3106	2810	2021	789
3107	2671	1892	779
3108	2981	2145	836
3109	3008	2210	798
3110	2796	2015	781
3111	2677	1935	742
3112	2815	2080	735
3113	2938	2200	738
3114	2938	2193	745
3115	2693	1975	718
3116	2975	2228	747
3117	3117	2338	779
3118	2721	1987	734
3119	2491	1821	670
3120	2764	2099	665
3121	3010	2321	689
3122	2810	2101	709
3123	2667	1922	745
3124	2933	2173	760
3125	3127	2325	802
3126	2920	2133	787
3127	2666	1960	706
3128	2881	2211	670
3129	2988	2309	679
3130	2856	2108	748
3131	2712	1948	764
3132	2875	2177	698
3133	2959	2304	655
3134	2861	2125	736
3135	2711	1940	771
3136	2932	2199	733
3137	2926	2259	667
3138	2717	2050	667
3139	2528	1874	654
3140	2747	2102	645
3141	2784	2156	628
3142	2637	1942	695
3143	2617	1904	713
3144	2789	2113	676
3145	3162	2373	789
3146	3026	2236	790
3147	2804	2045	759
3148	2759	2094	665
3149	2897	2235	662
3150	2709	1992	717
3151	2576	1893	683
3152	2858	2157	701
3153	3101	2379	722
3154	2855	2109	746
3155	2686	1948	738
3156	3077	2372	705
3157	3143	2474	669
3158	2672	2035	637
3159	2473	1859	614
3160	2971	2246	725
3161	3144	2376	768
3162	2754	2061	693
3163	2577	1916	661
3164	2754	2123	631
3165	2846	2240	606
3166	2575	1982	593
3167	2482	1869	613
3168	2881	2219	662
3169	2927	2318	609
3170	2655	2023	632
3171	2481	1848	633
3172	2809	2136	673
3173	2964	2291	673
3174	2684	2025	659
3175	2478	1859	619
3176	2691	2065	626
3177	2891	2225	666
3178	2798	2068	730
3179	2618	1913	705
3180	2792	2151	641
3181	3177	2518	659
3182	2876	2183	693
3183	2621	1888	733
3184	2761	2103	658
3185	2873	2241	632
3186	2698	2050	648
3187	2526	1857	669
3188	2757	2100	657
3189	2851	2226	625
3190	2583	1995	588
3191	2453	1857	596
3192	2889	2255	634
3193	2937	2293	644
3194	2891	2170	721
3195	2571	1956	615
3196	2673	2084	589
3197	3010	2346	664
3198	2732	2048	684
3199	2488	1853	635
3200	2748	2180	568
3201	3003	2347	656
3202	2942	2184	758
3203	2557	1886	671
3204	2783	2122	661
3205	3005	2313	692
3206	2831	2146	685
3207	2589	1932	657
3208	3073	2329	744
3209	3115	2387	728
3210	2620	1935	685
3211	2490	1842	648
3212	2785	2130	655
3213	2859	2271	588
3214	2678	2039	639
3215	2475	1826	649
3216	2659	2030	629
3217	2838	2206	632
3218	2787	2081	706
3219	2658	1964	694
3220	2773	2141	632
3221	2899	2244	655
3222	2699	2025	674
3223	2477	1849	628
3224	2922	2247	675
3225	3009	2361	648
3226	2620	2008	612
3227	2478	1827	651
3228	2743	2116	627
3229	2852	2276	576
3230	2784	2119	665
3231	2624	1915	709
3232	2681	2052	629
3233	2897	2260	637
3234	2970	2236	734
3235	2745	2035	710
3236	2694	2074	620
3237	2889	2276	613
3238	2788	2170	618
3239	2526	1915	611
3240	2666	2124	542
3241	2759	2214	545
3242	2615	2001	614
3243	2610	1956	654
3244	2805	2181	624
3245	2892	2306	586
3246	2652	2041	611
3247	2569	1928	641
3248	2835	2206	629
3249	3140	2490	650
3250	2715	2094	621
3251	2439	1857	582
3252	2731	2129	602
3253	2828	2257	571
3254	2731	2051	680
3255	2564	1857	707
3256	2762	2133	629
3257	2873	2304	569
3258	2748	2119	629
3259	2425	1895	530
3260	2658	2174	484
3261	2770	2267	503
3262	2536	1963	573
3263	2427	1868	559
3264	2756	2204	552
3265	2834	2268	566
3266	2577	1949	628
3267	2368	1813	555
3268	2794	2177	617
3269	3061	2375	686
3270	2789	2113	676
3271	2634	1987	647
3272	2775	2222	553
3273	2772	2292	480
3274	2632	2045	587
3275	2519	1919	600
3276	3033	2391	642
3277	3089	2390	699
3278	2635	2016	619
3279	2422	1905	517
3280	2799	2208	591
3281	2886	2312	574
3282	2688	2039	649
3283	2517	1913	604
3284	2651	2095	556
3285	2843	2242	601
3286	2670	2034	636
3287	2533	1897	636
3288	2757	2230	527
3289	2755	2274	481
3290	3500	2771	729
3291	3043	2407	636
3292	2578	2048	530
3293	2717	2203	514
3294	2477	1998	479
3295	2368	1885	483
3296	2623	2107	516
3297	2706	2185	521
3298	2467	1984	483
3299	2400	1889	511
3300	2571	2063	508
3301	2723	2222	501
3302	2626	2035	591
3303	2387	1817	570
3304	2567	2030	537
3305	2571	2085	486
3306	2482	1974	508
3307	2350	1853	497
3308	2593	2011	582
3309	2610	2074	536
3310	2545	1978	567
3311	2433	1842	591
3312	2576	2034	542
3313	2608	2087	521
3314	2478	1946	532
3315	2455	1888	567
3316	2689	2098	591
3317	2673	2153	520
3318	2466	1934	532
3319	2504	1954	550
3320	2599	2103	496
3321	2554	2074	480
3322	2531	1954	577
3323	2409	1875	534
3324	2427	1952	475
3325	2669	2132	537
3326	2559	2034	525
3327	2401	1901	500
3328	2741	2147	594
3329	2996	2360	636
3330	2651	2050	601
3331	2512	1952	560
3332	2679	2154	525
3333	2663	2137	526
3334	2467	1954	513
3335	2378	1867	511
3336	2603	2102	501
3337	2720	2208	512
3338	2736	2164	572
3339	2514	1940	574
3340	2902	2330	572
3341	2825	2315	510
3342	2547	2028	519
3343	2470	1927	543
3344	2523	2035	488
3345	2792	2244	548
3346	2734	2154	580
3347	2588	2007	581
3348	2650	2105	545
3349	2649	2145	504
3350	2540	2008	532
3351	2386	1858	528
3352	2635	2109	526
3353	2877	2291	586
3354	2617	2060	557
3355	2493	1919	574
3356	2605	2052	553
3357	2565	2077	488
3358	2503	2034	469
3359	2362	1882	480
3360	2629	2084	545
3361	2803	2240	563
3362	2675	2085	590
3363	2442	1919	523
3364	2622	2118	504
3365	2745	2220	525
3366	2633	2062	571
3367	2606	2017	589
3368	2704	2173	531
3369	2814	2293	521
3370	2644	2057	587
3371	2457	1915	542
3372	2640	2136	504
3373	2797	2228	569
3374	2584	2004	580
3375	2499	1929	570
3376	2681	2123	558
3377	2583	2096	487
3378	2454	1941	513
3379	2947	2329	618
3380	2805	2229	576
3381	2629	2095	534
3382	2525	2002	523
3383	2377	1896	481
3384	2674	2180	494
3385	2797	2297	500
3386	2537	1979	558
3387	2365	1807	558
3388	2547	2030	517
3389	2600	2136	464
3390	2601	2106	495
3391	2376	1909	467
3392	2468	1977	491
3393	2697	2171	526
3394	2540	2037	503
3395	2619	2043	576
3396	2674	2148	526
3397	2622	2145	477
3398	2438	1951	487
3399	2294	1858	436
3400	2464	2018	446
3401	2584	2145	439
3402	2497	1993	504
3403	2390	1892	498
3404	2683	2167	516
3405	2733	2193	540
3406	2403	1941	462
3407	2436	1925	511
3408	2724	2174	550
3409	2797	2277	520
3410	2743	2151	592
3411	2428	1861	567
3412	2679	2157	522
3413	2625	2151	474
3414	2454	1983	471
3415	2412	1917	495
3416	2537	2061	476
3417	2602	2089	513
3418	2502	1931	571
3419	2358	1847	511
3420	2510	2033	477
3421	2658	2190	468
3422	2460	1957	503
3423	2229	1787	442
3424	2384	1922	462
3425	2665	2170	495
3426	2623	2073	550
3427	2428	1934	494
3428	2625	2088	537
3429	2701	2196	505
3430	2493	2047	446
3431	2280	1862	418
3432	2489	2017	472
3433	2601	2096	505
3434	2601	2094	507
3435	2427	1953	474
3436	2491	2023	468
3437	2626	2133	493
3438	2539	2010	529
3439	2454	1932	522
3440	2673	2161	512
3441	2591	2116	475
3442	2615	2077	538
3443	2470	1960	510
3444	2580	2055	525
3445	2544	2050	494
3446	2259	1843	416
3447	2313	1835	478
3448	2447	1972	475
3449	2599	2121	478
3450	2658	2092	566
3451	2497	1950	547
3452	2566	2098	468
3453	2577	2126	451
3454	2624	2097	527
3455	2481	1942	539
3456	2758	2176	582
3457	2802	2254	548
3458	2491	2008	483
3459	2309	1870	439
3460	2538	2089	449
3461	2764	2233	531
3462	2572	2025	547
3463	2322	1785	537
3464	2528	2033	495
3465	2630	2171	459
3466	2451	1958	493
3467	2286	1814	472
3468	2513	2053	460
3469	2691	2192	499
3470	2510	2010	500
3471	2384	1912	472
3472	2651	2165	486
3473	2729	2263	466
3474	2380	1973	407
3475	2204	1806	398
3476	2422	1984	438
3477	2567	2109	458
3478	2400	1932	468
3479	2256	1804	452
3480	2496	2007	489
3481	2618	2127	491
3482	2394	1961	433
3483	2247	1824	423
3484	2463	2021	442
3485	2613	2169	444
3486	2451	1957	494
3487	2429	1877	552
3488	2585	2025	560
3489	2642	2144	498
3490	2390	1919	471
3491	2298	1812	486
3492	2549	2047	502
3493	2712	2175	537
3494	3148	2528	620
3495	2767	2196	571
3496	2610	2099	511
3497	2666	2198	468
3498	2549	2068	481
3499	2438	1983	455
3500	2561	2087	474
3501	2669	2216	453
3502	2477	2043	434
3503	2308	1868	440
3504	2523	2044	479
3505	2711	2156	555
3506	2535	2016	519
3507	2527	1982	545
3508	2727	2134	593
3509	2632	2123	509
3510	2521	2000	521
3511	2384	1876	508
3512	2575	2077	498
3513	2625	2162	463
3514	2456	2005	451
3515	2298	1879	419
3516	2442	2034	408
3517	2592	2113	479
3518	2584	2036	548
3519	2506	1997	509
3520	2447	1995	452
3521	2473	2063	410
3522	2571	2062	509
3523	2700	2121	579
3524	2700	2140	560
3525	2661	2165	496
3526	2558	2071	487
3527	2354	1947	407
3528	2577	2129	448
3529	2659	2216	443
3530	2443	2029	414
3531	2380	1924	456
3532	2474	2007	467
3533	2569	2140	429
3534	2411	1977	434
3535	2389	1945	444
3536	2622	2145	477
3537	2614	2173	441
3538	2384	1947	437
3539	2299	1841	458
3540	2482	2051	431
3541	2706	2248	458
3542	2536	2047	489
3543	2440	1952	488
3544	2578	2142	436
3545	2624	2194	430
3546	2520	2062	458
3547	2364	1897	467
3548	2800	2287	513
3549	2757	2276	481
3550	2428	1973	455
3551	2275	1889	386
3552	2583	2099	484
3553	2660	2161	499
3554	2479	2024	455
3555	2397	1924	473
3556	2549	2093	456
3557	2602	2163	439
3558	2393	1995	398
3559	2254	1886	368
3560	2618	2128	490
3561	2833	2288	545
3562	2491	2016	475
3563	2301	1891	410
3564	2554	2133	421
3565	2611	2194	417
3566	2479	2024	455
3567	2404	1953	451
3568	2788	2301	487
3569	2759	2263	496
3570	2616	2123	493
3571	2401	1928	473
3572	2584	2117	467
3573	2791	2339	452
3574	2452	2003	449
3575	2356	1896	460
3576	2440	1981	459
3577	2553	2148	405
3578	2378	1982	396
3579	2339	1896	443
3580	2452	2072	380
3581	2483	2119	364
3582	2527	2035	492
3583	2409	1930	479
3584	2619	2137	482
3585	2730	2259	471
3586	2497	2066	431
3587	2288	1871	417
3588	2587	2175	412
3589	2700	2282	418
3590	2497	2040	457
3591	2335	1864	471
3592	2574	2112	462
3593	2679	2246	433
3594	2551	2107	444
3595	2418	1990	428
3596	2630	2158	472
3597	2796	2303	493
3598	2599	2114	485
3599	2390	1951	439
3600	2625	2168	457
3601	2788	2297	491
3602	2549	2070	479
3603	2323	1908	415
3604	2536	2113	423
3605	2571	2152	419
3606	2595	2085	510
3607	2478	1995	483
3608	2524	2121	403
3609	2517	2126	391
3610	2547	2063	484
3611	2429	2022	407
3612	2682	2261	421
3613	2899	2397	502
3614	2545	2083	462
3615	2364	1945	419
3616	2460	2066	394
3617	2506	2130	376
3618	2402	2007	395
3619	2450	1995	455
3620	2587	2119	468
3621	2817	2323	494
3622	2788	2274	514
3623	2574	2044	530
3624	2607	2115	492
3625	2661	2183	478
3626	2738	2239	499
3627	2466	2023	443
3628	2501	2100	401
3629	2592	2195	397
3630	2517	2095	422
3631	2357	1936	421
3632	2579	2180	399
3633	2742	2328	414
3634	2546	2120	426
3635	2278	1881	397
3636	2434	2059	375
3637	2630	2212	418
3638	2729	2238	491
3639	2582	2100	482
3640	2579	2153	426
3641	2685	2240	445
3642	2458	2054	404
3643	2268	1870	398
3644	2461	2044	417
3645	2647	2229	418
3646	2533	2122	411
3647	2481	2022	459
3648	2707	2246	461
