index	original	background	difference
-----------------------------------------------------
1	1439	0	1439
2	1428	0	1428
3	1455	0	1455
4	1419	0	1419
5	1395	0	1395
6	1457	0	1457
7	1463	0	1463
8	1433	0	1433
9	1453	0	1453
10	1477	0	1477
11	1430	0	1430
12	1411	0	1411
13	1438	0	1438
14	1454	0	1454
15	1449	0	1449
16	1420	0	1420
17	1428	0	1428
18	1467	0	1467
19	1428	0	1428
20	1417	0	1417
21	1425	0	1425
22	1444	0	1444
23	1448	0	1448
24	1439	0	1439
25	1428	0	1428
26	1446	0	1446
27	1434	0	1434
28	1416	0	1416
29	1432	0	1432
30	1465	0	1465
31	1479	0	1479
32	1479	0	1479
33	1442	0	1442
34	1441	0	1441
35	1466	0	1466
36	1431	0	1431
37	1415	0	1415
38	1460	0	1460
39	1462	0	1462
40	1483	0	1483
41	1473	0	1473
42	1461	0	1461
43	1460	0	1460
44	1454	0	1454
45	1464	0	1464
46	1466	0	1466
47	1438	0	1438
48	1440	0	1440
49	1476	0	1476
50	1498	0	1498
51	1482	0	1482
52	1450	0	1450
53	1439	0	1439
54	1457	0	1457
55	1447	0	1447
56	1460	0	1460
57	1485	0	1485
58	1491	0	1491
59	1449	0	1449
60	1480	0	1480
61	1499	0	1499
62	1525	0	1525
63	1505	0	1505
64	1481	0	1481
65	1478	0	1478
66	1485	0	1485
67	1476	0	1476
68	1492	0	1492
69	1526	0	1526
70	1483	0	1483
71	1491	0	1491
72	1523	0	1523
73	1519	0	1519
74	1505	0	1505
75	1499	0	1499
76	1495	0	1495
77	1499	0	1499
78	1495	0	1495
79	1508	0	1508
80	1513	0	1513
81	1490	0	1490
82	1521	0	1521
83	1519	0	1519
84	1495	0	1495
85	1498	0	1498
86	1517	0	1517
87	1499	0	1499
88	1496	0	1496
89	1493	0	1493
90	1519	0	1519
91	1549	0	1549
92	1524	0	1524
93	1490	0	1490
94	1488	0	1488
95	1508	0	1508
96	1542	0	1542
97	1545	0	1545
98	1545	0	1545
99	1535	0	1535
100	1532	0	1532
101	1522	0	1522
102	1517	0	1517
103	1515	0	1515
104	1518	0	1518
105	1518	0	1518
106	1546	0	1546
107	1535	0	1535
108	1509	0	1509
109	1508	0	1508
110	1504	0	1504
111	1505	0	1505
112	1497	0	1497
113	1501	0	1501
114	1509	0	1509
115	1523	0	1523
116	1517	0	1517
117	1521	0	1521
118	1502	0	1502
119	1501	0	1501
120	1541	0	1541
121	1544	0	1544
122	1537	0	1537
123	1509	0	1509
124	1516	0	1516
125	1515	0	1515
126	1530	0	1530
127	1507	0	1507
128	1524	0	1524
129	1526	0	1526
130	1521	0	1521
131	1512	0	1512
132	1536	0	1536
133	1563	0	1563
134	1567	0	1567
135	1519	0	1519
136	1510	0	1510
137	1530	0	1530
138	1533	0	1533
139	1536	0	1536
140	1530	0	1530
141	1526	0	1526
142	1549	0	1549
143	1554	0	1554
144	1521	0	1521
145	1536	0	1536
146	1561	0	1561
147	1548	0	1548
148	1528	0	1528
149	1537	0	1537
150	1564	0	1564
151	1528	0	1528
152	1544	0	1544
153	1552	0	1552
154	1556	0	1556
155	1556	0	1556
156	1552	0	1552
157	1503	0	1503
158	1512	0	1512
159	1550	0	1550
160	1560	0	1560
161	1535	0	1535
162	1534	0	1534
163	1549	0	1549
164	1556	0	1556
165	1543	0	1543
166	1551	0	1551
167	1577	0	1577
168	1561	0	1561
169	1561	0	1561
170	1569	0	1569
171	1551	0	1551
172	1554	0	1554
173	1529	0	1529
174	1557	0	1557
175	1582	0	1582
176	1573	0	1573
177	1563	0	1563
178	1572	0	1572
179	1573	0	1573
180	1583	0	1583
181	1573	0	1573
182	1588	0	1588
183	1560	0	1560
184	1543	0	1543
185	1555	0	1555
186	1581	0	1581
187	1611	0	1611
188	1605	0	1605
189	1595	0	1595
190	1575	0	1575
191	1558	0	1558
192	1569	0	1569
193	1578	0	1578
194	1594	0	1594
195	1580	0	1580
196	1570	0	1570
197	1549	0	1549
198	1564	0	1564
199	1616	0	1616
200	1609	0	1609
201	1571	0	1571
202	1554	0	1554
203	1596	0	1596
204	1631	0	1631
205	1607	0	1607
206	1611	0	1611
207	1600	0	1600
208	1588	0	1588
209	1599	0	1599
210	1617	0	1617
211	1597	0	1597
212	1621	0	1621
213	1610	0	1610
214	1582	0	1582
215	1581	0	1581
216	1586	0	1586
217	1606	0	1606
218	1632	0	1632
219	1624	0	1624
220	1622	0	1622
221	1591	0	1591
222	1593	0	1593
223	1601	0	1601
224	1598	0	1598
225	1587	0	1587
226	1574	0	1574
227	1594	0	1594
228	1604	0	1604
229	1596	0	1596
230	1603	0	1603
231	1589	0	1589
232	1623	0	1623
233	1658	0	1658
234	1649	0	1649
235	1635	0	1635
236	1619	0	1619
237	1613	0	1613
238	1633	0	1633
239	1616	0	1616
240	1594	0	1594
241	1603	0	1603
242	1608	0	1608
243	1675	0	1675
244	1685	0	1685
245	1672	0	1672
246	1673	0	1673
247	1664	0	1664
248	1652	0	1652
249	1667	0	1667
250	1661	0	1661
251	1652	0	1652
252	1659	0	1659
253	1651	0	1651
254	1713	0	1713
255	1693	0	1693
256	1651	0	1651
257	1657	0	1657
258	1663	0	1663
259	1687	0	1687
260	1682	0	1682
261	1670	0	1670
262	1719	0	1719
263	1717	0	1717
264	1687	0	1687
265	1639	0	1639
266	1673	0	1673
267	1703	0	1703
268	1738	0	1738
269	1724	0	1724
270	1702	0	1702
271	1696	0	1696
272	1677	0	1677
273	1662	0	1662
274	1680	0	1680
275	1693	0	1693
276	1679	0	1679
277	1666	0	1666
278	1663	0	1663
279	1666	0	1666
280	1665	0	1665
281	1672	0	1672
282	1681	0	1681
283	1658	0	1658
284	1672	0	1672
285	1686	0	1686
286	1675	0	1675
287	1660	0	1660
288	1667	0	1667
289	1668	0	1668
290	1683	0	1683
291	1685	0	1685
292	1687	0	1687
293	1685	0	1685
294	1692	0	1692
295	1668	0	1668
296	1678	0	1678
297	1677	0	1677
298	1699	0	1699
299	1686	0	1686
300	1683	0	1683
301	1698	0	1698
302	1691	0	1691
303	1705	0	1705
304	1723	0	1723
305	1693	0	1693
306	1711	0	1711
307	1720	0	1720
308	1712	0	1712
309	1713	0	1713
310	1696	0	1696
311	1699	0	1699
312	1707	0	1707
313	1701	0	1701
314	1711	0	1711
315	1714	0	1714
316	1695	0	1695
317	1679	0	1679
318	1672	0	1672
319	1670	0	1670
320	1706	0	1706
321	1722	0	1722
322	1718	0	1718
323	1706	0	1706
324	1707	0	1707
325	1695	0	1695
326	1688	0	1688
327	1681	0	1681
328	1701	0	1701
329	1698	0	1698
330	1690	0	1690
331	1687	0	1687
332	1708	0	1708
333	1718	0	1718
334	1697	0	1697
335	1712	0	1712
336	1708	0	1708
337	1708	0	1708
338	1691	0	1691
339	1687	0	1687
340	1725	0	1725
341	1685	0	1685
342	1697	0	1697
343	1732	0	1732
344	1713	0	1713
345	1664	0	1664
346	1696	0	1696
347	1672	0	1672
348	1675	0	1675
349	1685	0	1685
350	1664	0	1664
351	1689	0	1689
352	1706	0	1706
353	1676	0	1676
354	1701	0	1701
355	1696	0	1696
356	1699	0	1699
357	1681	0	1681
358	1670	0	1670
359	1689	0	1689
360	1709	0	1709
361	1652	0	1652
362	1669	0	1669
363	1685	0	1685
364	1662	0	1662
365	1677	0	1677
366	1674	0	1674
367	1662	0	1662
368	1701	0	1701
369	1688	0	1688
370	1708	0	1708
371	1714	0	1714
372	1695	0	1695
373	1668	0	1668
374	1668	0	1668
375	1675	0	1675
376	1722	0	1722
377	1725	0	1725
378	1703	0	1703
379	1697	0	1697
380	1699	0	1699
381	1688	0	1688
382	1711	0	1711
383	1721	0	1721
384	1700	0	1700
385	1737	0	1737
386	1728	0	1728
387	1697	0	1697
388	1697	0	1697
389	1723	0	1723
390	1764	0	1764
391	1745	0	1745
392	1722	0	1722
393	1713	0	1713
394	1724	0	1724
395	1748	0	1748
396	1750	0	1750
397	1751	0	1751
398	1762	0	1762
399	1730	0	1730
400	1690	0	1690
401	1685	0	1685
402	1702	0	1702
403	1769	0	1769
404	1811	0	1811
405	1752	0	1752
406	1787	0	1787
407	1777	0	1777
408	1762	0	1762
409	1717	0	1717
410	1738	0	1738
411	1758	0	1758
412	1770	0	1770
413	1758	0	1758
414	1709	0	1709
415	1722	0	1722
416	1753	0	1753
417	1739	0	1739
418	1732	0	1732
419	1711	0	1711
420	1711	0	1711
421	1764	0	1764
422	1761	0	1761
423	1762	0	1762
424	1751	0	1751
425	1747	0	1747
426	1734	0	1734
427	1751	0	1751
428	1782	0	1782
429	1811	0	1811
430	1771	0	1771
431	1735	0	1735
432	1741	0	1741
433	1731	0	1731
434	1749	0	1749
435	1742	0	1742
436	1734	0	1734
437	1728	0	1728
438	1740	0	1740
439	1743	0	1743
440	1766	0	1766
441	1772	0	1772
442	1779	0	1779
443	1785	0	1785
444	1780	0	1780
445	1775	0	1775
446	1793	0	1793
447	1798	0	1798
448	1808	0	1808
449	1781	0	1781
450	1787	0	1787
451	1792	0	1792
452	1774	0	1774
453	1768	0	1768
454	1791	0	1791
455	1796	0	1796
456	1775	0	1775
457	1759	0	1759
458	1758	0	1758
459	1771	0	1771
460	1805	0	1805
461	1798	0	1798
462	1758	0	1758
463	1771	0	1771
464	1783	0	1783
465	1776	0	1776
466	1749	0	1749
467	1737	0	1737
468	1779	0	1779
469	1787	0	1787
470	1764	0	1764
471	1753	0	1753
472	1748	0	1748
473	1777	0	1777
474	1749	0	1749
475	1754	0	1754
476	1748	0	1748
477	1758	0	1758
478	1790	0	1790
479	1764	0	1764
480	1774	0	1774
481	1752	0	1752
482	1739	0	1739
483	1765	0	1765
484	1780	0	1780
485	1769	0	1769
486	1761	0	1761
487	1744	0	1744
488	1735	0	1735
489	1726	0	1726
490	1721	0	1721
491	1756	0	1756
492	1791	0	1791
493	1767	0	1767
494	1755	0	1755
495	1765	0	1765
496	1748	0	1748
497	1772	0	1772
498	1786	0	1786
499	1797	0	1797
500	1780	0	1780
501	1799	0	1799
502	1806	0	1806
503	1771	0	1771
504	1783	0	1783
505	1786	0	1786
506	1780	0	1780
507	1782	0	1782
508	1773	0	1773
509	1793	0	1793
510	1829	0	1829
511	1825	0	1825
512	1788	0	1788
513	1759	0	1759
514	1769	0	1769
515	1831	0	1831
516	1784	0	1784
517	1753	0	1753
518	1743	0	1743
519	1749	0	1749
520	1784	0	1784
521	1741	0	1741
522	1780	0	1780
523	1820	0	1820
524	1765	0	1765
525	1833	0	1833
526	1806	0	1806
527	1748	0	1748
528	1736	0	1736
529	1729	0	1729
530	1762	0	1762
531	1770	0	1770
532	1774	0	1774
533	1782	0	1782
534	1829	0	1829
535	1820	0	1820
536	1803	0	1803
537	1776	0	1776
538	1791	0	1791
539	1807	0	1807
540	1802	0	1802
541	1788	0	1788
542	1811	0	1811
543	1772	0	1772
544	1772	0	1772
545	1798	0	1798
546	1823	0	1823
547	1797	0	1797
548	1795	0	1795
549	1825	0	1825
550	1808	0	1808
551	1784	0	1784
552	1810	0	1810
553	1799	0	1799
554	1783	0	1783
555	1779	0	1779
556	1783	0	1783
557	1782	0	1782
558	1777	0	1777
559	1798	0	1798
560	1758	0	1758
561	1763	0	1763
562	1790	0	1790
563	1777	0	1777
564	1814	0	1814
565	1798	0	1798
566	1818	0	1818
567	1823	0	1823
568	1811	0	1811
569	1829	0	1829
570	1810	0	1810
571	1778	0	1778
572	1785	0	1785
573	1792	0	1792
574	1787	0	1787
575	1800	0	1800
576	1793	0	1793
577	1798	0	1798
578	1841	0	1841
579	1811	0	1811
580	1805	0	1805
581	1795	0	1795
582	1790	0	1790
583	1788	0	1788
584	1796	0	1796
585	1796	0	1796
586	1821	0	1821
587	1825	0	1825
588	1843	0	1843
589	1817	0	1817
590	1812	0	1812
591	1805	0	1805
592	1816	0	1816
593	1840	0	1840
594	1807	0	1807
595	1793	0	1793
596	1813	0	1813
597	1859	0	1859
598	1859	0	1859
599	1830	0	1830
600	1827	0	1827
601	1788	0	1788
602	1808	0	1808
603	1798	0	1798
604	1841	0	1841
605	1824	0	1824
606	1837	0	1837
607	1845	0	1845
608	1836	0	1836
609	1837	0	1837
610	1841	0	1841
611	1809	0	1809
612	1840	0	1840
613	1832	0	1832
614	1840	0	1840
615	1815	0	1815
616	1818	0	1818
617	1822	0	1822
618	1853	0	1853
619	1899	0	1899
620	1893	0	1893
621	1870	0	1870
622	1877	0	1877
623	1863	0	1863
624	1863	0	1863
625	1899	0	1899
626	1870	0	1870
627	1851	0	1851
628	1888	0	1888
629	1897	0	1897
630	1902	0	1902
631	1895	0	1895
632	1862	0	1862
633	1908	0	1908
634	1941	0	1941
635	1907	0	1907
636	1900	0	1900
637	1907	0	1907
638	1896	0	1896
639	1934	0	1934
640	1947	0	1947
641	1895	0	1895
642	1913	0	1913
643	1942	0	1942
644	1921	0	1921
645	1966	0	1966
646	2014	0	2014
647	1972	0	1972
648	2012	0	2012
649	2001	0	2001
650	1927	0	1927
651	1976	0	1976
652	1967	0	1967
653	1994	0	1994
654	1986	0	1986
655	1966	0	1966
656	2000	0	2000
657	2018	0	2018
658	2035	0	2035
659	2052	0	2052
660	2009	0	2009
661	1995	0	1995
662	2002	0	2002
663	1946	0	1946
664	1962	0	1962
665	2011	0	2011
666	1991	0	1991
667	1978	0	1978
668	1990	0	1990
669	1993	0	1993
670	2012	0	2012
671	2040	0	2040
672	2034	0	2034
673	2071	0	2071
674	2080	0	2080
675	2082	0	2082
676	2078	0	2078
677	2050	0	2050
678	2069	0	2069
679	2075	0	2075
680	2086	0	2086
681	2082	0	2082
682	2114	0	2114
683	2134	0	2134
684	2137	0	2137
685	2134	0	2134
686	2118	0	2118
687	2116	0	2116
688	2162	0	2162
689	2140	0	2140
690	2161	0	2161
691	2177	0	2177
692	2146	0	2146
693	2124	0	2124
694	2149	0	2149
695	2162	0	2162
696	2149	0	2149
697	2170	0	2170
698	2193	0	2193
699	2152	0	2152
700	2169	0	2169
701	2183	0	2183
702	2176	0	2176
703	2145	0	2145
704	2173	0	2173
705	2184	0	2184
706	2190	0	2190
707	2180	0	2180
708	2173	0	2173
709	2180	0	2180
710	2218	0	2218
711	2212	0	2212
712	2220	0	2220
713	2227	0	2227
714	2220	0	2220
715	2217	0	2217
716	2211	0	2211
717	2198	0	2198
718	2260	0	2260
719	2252	0	2252
720	2239	0	2239
721	2264	0	2264
722	2253	0	2253
723	2249	0	2249
724	2278	0	2278
725	2278	0	2278
726	2325	0	2325
727	2346	0	2346
728	2314	0	2314
729	2305	0	2305
730	2329	0	2329
731	2317	0	2317
732	2370	0	2370
733	2389	0	2389
734	2389	0	2389
735	2368	0	2368
736	2398	0	2398
737	2385	0	2385
738	2412	0	2412
739	2413	0	2413
740	2401	0	2401
741	2375	0	2375
742	2381	0	2381
743	2371	0	2371
744	2423	0	2423
745	2425	0	2425
746	2433	0	2433
747	2366	0	2366
748	2365	0	2365
749	2367	0	2367
750	2364	0	2364
751	2391	0	2391
752	2383	0	2383
753	2410	0	2410
754	2391	0	2391
755	2346	0	2346
756	2355	0	2355
757	2370	0	2370
758	2371	0	2371
759	2341	0	2341
760	2346	0	2346
761	2335	0	2335
762	2333	0	2333
763	2359	0	2359
764	2410	0	2410
765	2427	0	2427
766	2411	0	2411
767	2426	0	2426
768	2465	0	2465
769	2454	0	2454
770	2454	0	2454
771	2454	0	2454
772	2455	0	2455
773	2494	0	2494
774	2483	0	2483
775	2425	0	2425
776	2463	0	2463
777	2516	0	2516
778	2474	0	2474
779	2459	0	2459
780	2475	0	2475
781	2502	0	2502
782	2478	0	2478
783	2473	0	2473
784	2499	0	2499
785	2507	0	2507
786	2525	0	2525
787	2504	0	2504
788	2554	0	2554
789	2553	0	2553
790	2475	0	2475
791	2483	0	2483
792	2499	0	2499
793	2492	0	2492
794	2534	0	2534
795	2489	0	2489
796	2533	0	2533
797	2530	0	2530
798	2490	0	2490
799	2509	0	2509
800	2583	0	2583
801	2562	0	2562
802	2540	0	2540
803	2481	0	2481
804	2464	0	2464
805	2473	0	2473
806	2492	0	2492
807	2512	0	2512
808	2498	0	2498
809	2543	0	2543
810	2554	0	2554
811	2573	0	2573
812	2578	0	2578
813	2573	0	2573
814	2587	0	2587
815	2554	0	2554
816	2529	0	2529
817	2559	0	2559
818	2582	0	2582
819	2585	0	2585
820	2583	0	2583
821	2596	0	2596
822	2634	0	2634
823	2653	0	2653
824	2641	0	2641
825	2662	0	2662
826	2646	0	2646
827	2648	0	2648
828	2657	0	2657
829	2633	0	2633
830	2610	0	2610
831	2638	0	2638
832	2659	0	2659
833	2714	0	2714
834	2744	0	2744
835	2682	0	2682
836	2665	0	2665
837	2680	0	2680
838	2678	0	2678
839	2693	0	2693
840	2699	0	2699
841	2714	0	2714
842	2691	0	2691
843	2707	0	2707
844	2725	0	2725
845	2652	0	2652
846	2688	0	2688
847	2673	0	2673
848	2675	0	2675
849	2665	0	2665
850	2654	0	2654
851	2695	0	2695
852	2662	0	2662
853	2703	0	2703
854	2735	0	2735
855	2688	0	2688
856	2700	0	2700
857	2737	0	2737
858	2733	0	2733
859	2748	0	2748
860	2753	0	2753
861	2750	0	2750
862	2744	0	2744
863	2748	0	2748
864	2747	0	2747
865	2757	0	2757
866	2781	0	2781
867	2792	0	2792
868	2774	0	2774
869	2803	0	2803
870	2864	0	2864
871	2812	0	2812
872	2781	0	2781
873	2761	0	2761
874	2818	0	2818
875	2868	0	2868
876	2832	0	2832
877	2851	0	2851
878	2896	0	2896
879	2846	0	2846
880	2872	0	2872
881	2914	0	2914
882	2917	0	2917
883	2944	0	2944
884	2933	0	2933
885	2934	0	2934
886	2953	0	2953
887	2967	0	2967
888	3009	0	3009
889	3079	0	3079
890	3145	0	3145
891	3201	0	3201
892	3294	0	3294
893	3395	0	3395
894	3497	0	3497
895	3473	0	3473
896	3473	0	3473
897	3562	0	3562
898	3658	0	3658
899	3736	0	3736
900	3803	0	3803
901	3814	0	3814
902	3794	0	3794
903	3800	0	3800
904	3889	0	3889
905	3921	0	3921
906	4008	0	4008
907	4081	0	4081
908	4101	0	4101
909	4035	0	4035
910	4047	0	4047
911	4068	0	4068
912	4065	0	4065
913	4051	0	4051
914	4195	0	4195
915	4332	0	4332
916	4420	0	4420
917	4559	0	4559
918	4865	0	4865
919	5078	0	5078
920	5145	0	5145
921	5143	0	5143
922	5447	0	5447
923	5968	0	5968
924	6481	0	6481
925	6963	0	6963
926	7426	0	7426
927	7975	0	7975
928	8952	0	8952
929	10245	0	10245
930	11917	0	11917
931	13052	0	13052
932	13789	0	13789
933	14809	0	14809
934	15579	0	15579
935	15644	0	15644
936	15110	0	15110
937	14968	0	14968
938	15823	0	15823
939	16648	0	16648
940	17323	0	17323
941	18322	0	18322
942	19532	0	19532
943	20544	0	20544
944	21026	0	21026
945	20623	0	20623
946	19168	0	19168
947	17346	0	17346
948	16231	0	16231
949	16236	0	16236
950	16362	0	16362
951	15485	0	15485
952	13655	0	13655
953	12057	0	12057
954	12136	0	12136
955	13174	0	13174
956	13125	0	13125
957	12458	0	12458
958	12232	0	12232
959	12439	0	12439
960	11602	0	11602
961	10280	0	10280
962	9657	0	9657
963	8689	0	8689
964	7837	0	7837
965	7813	0	7813
966	7567	0	7567
967	7238	0	7238
968	7567	0	7567
969	7126	0	7126
970	6497	0	6497
971	6378	0	6378
972	5923	0	5923
973	5589	0	5589
974	5553	0	5553
975	5498	0	5498
976	5380	0	5380
977	5352	0	5352
978	5219	0	5219
979	5100	0	5100
980	5112	0	5112
981	5042	0	5042
982	4992	0	4992
983	4869	0	4869
984	4901	0	4901
985	4748	0	4748
986	4606	0	4606
987	4639	0	4639
988	4543	0	4543
989	4429	0	4429
990	4450	0	4450
991	4567	0	4567
992	4593	0	4593
993	4710	0	4710
994	4767	0	4767
995	4654	0	4654
996	4640	0	4640
997	4791	0	4791
998	4711	0	4711
999	4558	0	4558
1000	4567	0	4567
1001	4566	0	4566
1002	4566	0	4566
1003	4579	0	4579
1004	4628	0	4628
1005	4637	0	4637
1006	4555	0	4555
1007	4512	0	4512
1008	4456	0	4456
1009	4394	0	4394
1010	4423	0	4423
1011	4359	0	4359
1012	4251	0	4251
1013	4136	0	4136
1014	4219	0	4219
1015	4436	0	4436
1016	4439	0	4439
1017	4367	0	4367
1018	4284	0	4284
1019	4273	0	4273
1020	4239	0	4239
1021	4206	0	4206
1022	4230	0	4230
1023	4134	0	4134
1024	4098	0	4098
1025	4084	0	4084
1026	4123	0	4123
1027	4220	0	4220
1028	4306	0	4306
1029	4184	0	4184
1030	4185	0	4185
1031	4210	0	4210
1032	4094	0	4094
1033	4008	0	4008
1034	4038	0	4038
1035	4043	0	4043
1036	4032	0	4032
1037	3960	0	3960
1038	3958	0	3958
1039	4044	0	4044
1040	4076	0	4076
1041	4109	0	4109
1042	4084	0	4084
1043	3932	0	3932
1044	3888	0	3888
1045	3876	0	3876
1046	3928	0	3928
1047	3967	0	3967
1048	3985	0	3985
1049	4120	0	4120
1050	4065	0	4065
1051	4000	0	4000
1052	3984	0	3984
1053	3958	0	3958
1054	4043	0	4043
1055	4015	0	4015
1056	3977	0	3977
1057	3976	0	3976
1058	3903	0	3903
1059	3818	0	3818
1060	3856	0	3856
1061	3900	0	3900
1062	3864	0	3864
1063	3913	0	3913
1064	3953	0	3953
1065	3952	0	3952
1066	3958	0	3958
1067	3967	0	3967
1068	4046	0	4046
1069	4066	0	4066
1070	4032	0	4032
1071	4009	0	4009
1072	4053	0	4053
1073	4164	0	4164
1074	4109	0	4109
1075	4005	0	4005
1076	3971	0	3971
1077	3958	0	3958
1078	4063	0	4063
1079	4135	0	4135
1080	4106	0	4106
1081	4043	0	4043
1082	3980	0	3980
1083	3905	0	3905
1084	3904	0	3904
1085	3887	0	3887
1086	3891	0	3891
1087	3906	0	3906
1088	3889	0	3889
1089	3876	0	3876
1090	3899	0	3899
1091	3857	0	3857
1092	3850	0	3850
1093	3877	0	3877
1094	3829	0	3829
1095	3743	0	3743
1096	3657	0	3657
1097	3617	0	3617
1098	3582	0	3582
1099	3557	0	3557
1100	3527	0	3527
1101	3514	0	3514
1102	3592	0	3592
1103	3549	0	3549
1104	3535	0	3535
1105	3600	0	3600
1106	3559	0	3559
1107	3530	0	3530
1108	3607	0	3607
1109	3611	0	3611
1110	3593	0	3593
1111	3649	0	3649
1112	3669	0	3669
1113	3744	0	3744
1114	3755	0	3755
1115	3735	0	3735
1116	3632	0	3632
1117	3680	0	3680
1118	3820	0	3820
1119	3843	0	3843
1120	3912	0	3912
1121	3892	0	3892
1122	3912	0	3912
1123	3915	0	3915
1124	3950	0	3950
1125	3956	0	3956
1126	3955	0	3955
1127	3913	0	3913
1128	3856	0	3856
1129	3865	0	3865
1130	3961	0	3961
1131	4038	0	4038
1132	4076	0	4076
1133	4031	0	4031
1134	4028	0	4028
1135	4013	0	4013
1136	3999	0	3999
1137	4029	0	4029
1138	4013	0	4013
1139	4052	0	4052
1140	4124	0	4124
1141	4137	0	4137
1142	4189	0	4189
1143	4204	0	4204
1144	4226	0	4226
1145	4239	0	4239
1146	4227	0	4227
1147	4226	0	4226
1148	4180	0	4180
1149	4250	0	4250
1150	4296	0	4296
1151	4368	0	4368
1152	4378	0	4378
1153	4436	0	4436
1154	4448	0	4448
1155	4388	0	4388
1156	4470	0	4470
1157	4522	0	4522
1158	4494	0	4494
1159	4499	0	4499
1160	4497	0	4497
1161	4596	0	4596
1162	4603	0	4603
1163	4687	0	4687
1164	4685	0	4685
1165	4714	0	4714
1166	4759	0	4759
1167	4738	0	4738
1168	4739	0	4739
1169	4729	0	4729
1170	4725	0	4725
1171	4757	0	4757
1172	4830	0	4830
1173	4872	0	4872
1174	4826	0	4826
1175	4817	0	4817
1176	4855	0	4855
1177	4849	0	4849
1178	4873	0	4873
1179	4848	0	4848
1180	4841	0	4841
1181	4887	0	4887
1182	4946	0	4946
1183	4976	0	4976
1184	4990	0	4990
1185	5057	0	5057
1186	5028	0	5028
1187	5017	0	5017
1188	5019	0	5019
1189	4972	0	4972
1190	5072	0	5072
1191	5028	0	5028
1192	4998	0	4998
1193	5105	0	5105
1194	5091	0	5091
1195	5030	0	5030
1196	5034	0	5034
1197	5064	0	5064
1198	5197	0	5197
1199	5196	0	5196
1200	5116	0	5116
1201	5188	0	5188
1202	5266	0	5266
1203	5234	0	5234
1204	5276	0	5276
1205	5322	0	5322
1206	5419	0	5419
1207	5405	0	5405
1208	5314	0	5314
1209	5257	0	5257
1210	5302	0	5302
1211	5369	0	5369
1212	5474	0	5474
1213	5402	0	5402
1214	5351	0	5351
1215	5412	0	5412
1216	5423	0	5423
1217	5538	0	5538
1218	5612	0	5612
1219	5654	0	5654
1220	5715	0	5715
1221	5711	0	5711
1222	5728	0	5728
1223	5735	0	5735
1224	5807	0	5807
1225	5818	0	5818
1226	5898	0	5898
1227	5905	0	5905
1228	5901	0	5901
1229	5942	0	5942
1230	5991	0	5991
1231	6021	0	6021
1232	6013	0	6013
1233	6025	0	6025
1234	5994	0	5994
1235	6014	0	6014
1236	6129	0	6129
1237	6170	0	6170
1238	6211	0	6211
1239	6209	0	6209
1240	6182	0	6182
1241	6119	0	6119
1242	6109	0	6109
1243	6201	0	6201
1244	6283	0	6283
1245	6191	0	6191
1246	6161	0	6161
1247	6238	0	6238
1248	6295	0	6295
1249	6303	0	6303
1250	6239	0	6239
1251	6308	0	6308
1252	6323	0	6323
1253	6323	0	6323
1254	6331	0	6331
1255	6338	0	6338
1256	6358	0	6358
1257	6418	0	6418
1258	6435	0	6435
1259	6461	0	6461
1260	6488	0	6488
1261	6502	0	6502
1262	6554	0	6554
1263	6541	0	6541
1264	6476	0	6476
1265	6534	0	6534
1266	6511	0	6511
1267	6576	0	6576
1268	6603	0	6603
1269	6631	0	6631
1270	6722	0	6722
1271	6726	0	6726
1272	6657	0	6657
1273	6654	0	6654
1274	6740	0	6740
1275	6667	0	6667
1276	6661	0	6661
1277	6731	0	6731
1278	6812	0	6812
1279	6898	0	6898
1280	6971	0	6971
1281	6963	0	6963
1282	7021	0	7021
1283	7009	0	7009
1284	6979	0	6979
1285	6989	0	6989
1286	6974	0	6974
1287	6993	0	6993
1288	7038	0	7038
1289	7122	0	7122
1290	7080	0	7080
1291	7047	0	7047
1292	7156	0	7156
1293	7186	0	7186
1294	7203	0	7203
1295	7278	0	7278
1296	7346	0	7346
1297	7330	0	7330
1298	7319	0	7319
1299	7416	0	7416
1300	7539	0	7539
1301	7570	0	7570
1302	7614	0	7614
1303	7626	0	7626
1304	7573	0	7573
1305	7608	0	7608
1306	7601	0	7601
1307	7733	0	7733
1308	7745	0	7745
1309	7797	0	7797
1310	7790	0	7790
1311	7775	0	7775
1312	7811	0	7811
1313	7936	0	7936
1314	8097	0	8097
1315	8103	0	8103
1316	7999	0	7999
1317	8016	0	8016
1318	8080	0	8080
1319	8023	0	8023
1320	8011	0	8011
1321	8107	0	8107
1322	8117	0	8117
1323	8118	0	8118
1324	8202	0	8202
1325	8185	0	8185
1326	8240	0	8240
1327	8303	0	8303
1328	8301	0	8301
1329	8285	0	8285
1330	8283	0	8283
1331	8332	0	8332
1332	8342	0	8342
1333	8423	0	8423
1334	8499	0	8499
1335	8533	0	8533
1336	8445	0	8445
1337	8371	0	8371
1338	8346	0	8346
1339	8367	0	8367
1340	8415	0	8415
1341	8431	0	8431
1342	8458	0	8458
1343	8550	0	8550
1344	8624	0	8624
1345	8566	0	8566
1346	8471	0	8471
1347	8424	0	8424
1348	8451	0	8451
1349	8492	0	8492
1350	8520	0	8520
1351	8469	0	8469
1352	8537	0	8537
1353	8584	0	8584
1354	8460	0	8460
1355	8386	0	8386
1356	8406	0	8406
1357	8434	0	8434
1358	8562	0	8562
1359	8662	0	8662
1360	8554	0	8554
1361	8541	0	8541
1362	8456	0	8456
1363	8478	0	8478
1364	8453	0	8453
1365	8356	0	8356
1366	8404	0	8404
1367	8380	0	8380
1368	8360	0	8360
1369	8487	0	8487
1370	8563	0	8563
1371	8599	0	8599
1372	8537	0	8537
1373	8544	0	8544
1374	8610	0	8610
1375	8669	0	8669
1376	8551	0	8551
1377	8536	0	8536
1378	8618	0	8618
1379	8731	0	8731
1380	8730	0	8730
1381	8738	0	8738
1382	8877	0	8877
1383	8848	0	8848
1384	8844	0	8844
1385	8966	0	8966
1386	9155	0	9155
1387	9270	0	9270
1388	9308	0	9308
1389	9303	0	9303
1390	9267	0	9267
1391	9160	0	9160
1392	9125	0	9125
1393	9085	0	9085
1394	9069	0	9069
1395	9042	0	9042
1396	9093	0	9093
1397	9147	0	9147
1398	9235	0	9235
1399	9201	0	9201
1400	9071	0	9071
1401	9074	0	9074
1402	9106	0	9106
1403	9182	0	9182
1404	9353	0	9353
1405	9250	0	9250
1406	9139	0	9139
1407	9073	0	9073
1408	9075	0	9075
1409	9115	0	9115
1410	9214	0	9214
1411	9198	0	9198
1412	9115	0	9115
1413	9079	0	9079
1414	9141	0	9141
1415	9239	0	9239
1416	9371	0	9371
1417	9419	0	9419
1418	9463	0	9463
1419	9489	0	9489
1420	9573	0	9573
1421	9590	0	9590
1422	9665	0	9665
1423	9694	0	9694
1424	9820	0	9820
1425	10026	0	10026
1426	10080	0	10080
1427	10128	0	10128
1428	10236	0	10236
1429	10206	0	10206
1430	10280	0	10280
1431	10305	0	10305
1432	10384	0	10384
1433	10510	0	10510
1434	10558	0	10558
1435	10656	0	10656
1436	10816	0	10816
1437	10816	0	10816
1438	10785	0	10785
1439	10918	0	10918
1440	11117	0	11117
1441	11167	0	11167
1442	11277	0	11277
1443	11264	0	11264
1444	11133	0	11133
1445	11162	0	11162
1446	11153	0	11153
1447	11140	0	11140
1448	11024	0	11024
1449	10987	0	10987
1450	11006	0	11006
1451	11027	0	11027
1452	11005	0	11005
1453	10991	0	10991
1454	10969	0	10969
1455	11070	0	11070
1456	11111	0	11111
1457	11154	0	11154
1458	11237	0	11237
1459	11302	0	11302
1460	11496	0	11496
1461	11569	0	11569
1462	11577	0	11577
1463	11649	0	11649
1464	11666	0	11666
1465	11612	0	11612
1466	11691	0	11691
1467	11881	0	11881
1468	12082	0	12082
1469	12005	0	12005
1470	12006	0	12006
1471	12037	0	12037
1472	12043	0	12043
1473	11910	0	11910
1474	11767	0	11767
1475	11845	0	11845
1476	12057	0	12057
1477	12337	0	12337
1478	12405	0	12405
1479	12326	0	12326
1480	12284	0	12284
1481	12236	0	12236
1482	12296	0	12296
1483	12313	0	12313
1484	12304	0	12304
1485	12220	0	12220
1486	12300	0	12300
1487	12365	0	12365
1488	12327	0	12327
1489	12126	0	12126
1490	11840	0	11840
1491	11862	0	11862
1492	11902	0	11902
1493	11846	0	11846
1494	11782	0	11782
1495	11771	0	11771
1496	11793	0	11793
1497	11724	0	11724
1498	11608	0	11608
1499	11532	0	11532
1500	11452	0	11452
1501	11353	0	11353
1502	11148	0	11148
1503	11011	0	11011
1504	10978	0	10978
1505	10968	0	10968
1506	10950	0	10950
1507	10945	0	10945
1508	10869	0	10869
1509	10767	0	10767
1510	10748	0	10748
1511	10807	0	10807
1512	10731	0	10731
1513	10631	0	10631
1514	10721	0	10721
1515	10640	0	10640
1516	10471	0	10471
1517	10282	0	10282
1518	10179	0	10179
1519	10218	0	10218
1520	10168	0	10168
1521	9957	0	9957
1522	9958	0	9958
1523	10044	0	10044
1524	9931	0	9931
1525	9742	0	9742
1526	9588	0	9588
1527	9539	0	9539
1528	9519	0	9519
1529	9466	0	9466
1530	9369	0	9369
1531	9263	0	9263
1532	9145	0	9145
1533	9049	0	9049
1534	9020	0	9020
1535	8933	0	8933
1536	8895	0	8895
1537	8863	0	8863
1538	8912	0	8912
1539	8850	0	8850
1540	8773	0	8773
1541	8641	0	8641
1542	8502	0	8502
1543	8442	0	8442
1544	8439	0	8439
1545	8345	0	8345
1546	8291	0	8291
1547	8181	0	8181
1548	8139	0	8139
1549	8079	0	8079
1550	7936	0	7936
1551	7847	0	7847
1552	7825	0	7825
1553	7738	0	7738
1554	7598	0	7598
1555	7538	0	7538
1556	7510	0	7510
1557	7417	0	7417
1558	7294	0	7294
1559	7194	0	7194
1560	7124	0	7124
1561	7062	0	7062
1562	7067	0	7067
1563	6962	0	6962
1564	6834	0	6834
1565	6679	0	6679
1566	6607	0	6607
1567	6477	0	6477
1568	6479	0	6479
1569	6370	0	6370
1570	6265	0	6265
1571	6235	0	6235
1572	6272	0	6272
1573	6079	0	6079
1574	5897	0	5897
1575	5810	0	5810
1576	5727	0	5727
1577	5643	0	5643
1578	5591	0	5591
1579	5534	0	5534
1580	5453	0	5453
1581	5350	0	5350
1582	5265	0	5265
1583	5275	0	5275
1584	5224	0	5224
1585	5137	0	5137
1586	5061	0	5061
1587	5026	0	5026
1588	5055	0	5055
1589	5006	0	5006
1590	4978	0	4978
1591	4867	0	4867
1592	4824	0	4824
1593	4833	0	4833
1594	4838	0	4838
1595	4768	0	4768
1596	4748	0	4748
1597	4660	0	4660
1598	4638	0	4638
1599	4654	0	4654
1600	4602	0	4602
1601	4534	0	4534
1602	4513	0	4513
1603	4580	0	4580
1604	4592	0	4592
1605	4531	0	4531
1606	4513	0	4513
1607	4496	0	4496
1608	4538	0	4538
1609	4499	0	4499
1610	4471	0	4471
1611	4451	0	4451
1612	4431	0	4431
1613	4356	0	4356
1614	4377	0	4377
1615	4340	0	4340
1616	4349	0	4349
1617	4378	0	4378
1618	4394	0	4394
1619	4298	0	4298
1620	4275	0	4275
1621	4301	0	4301
1622	4294	0	4294
1623	4329	0	4329
1624	4307	0	4307
1625	4291	0	4291
1626	4241	0	4241
1627	4221	0	4221
1628	4245	0	4245
1629	4225	0	4225
1630	4209	0	4209
1631	4180	0	4180
1632	4192	0	4192
1633	4167	0	4167
1634	4102	0	4102
1635	4132	0	4132
1636	4118	0	4118
1637	4065	0	4065
1638	4065	0	4065
1639	4006	0	4006
1640	4059	0	4059
1641	4046	0	4046
1642	4003	0	4003
1643	3937	0	3937
1644	3883	0	3883
1645	3890	0	3890
1646	3903	0	3903
1647	3904	0	3904
1648	3854	0	3854
1649	3864	0	3864
1650	3864	0	3864
1651	3811	0	3811
1652	3830	0	3830
1653	3835	0	3835
1654	3879	0	3879
1655	3897	0	3897
1656	3839	0	3839
1657	3782	0	3782
1658	3834	0	3834
1659	3814	0	3814
1660	3748	0	3748
1661	3778	0	3778
1662	3811	0	3811
1663	3799	0	3799
1664	3816	0	3816
1665	3774	0	3774
1666	3799	0	3799
1667	3815	0	3815
1668	3782	0	3782
1669	3815	0	3815
1670	3787	0	3787
1671	3746	0	3746
1672	3767	0	3767
1673	3764	0	3764
1674	3773	0	3773
1675	3797	0	3797
1676	3833	0	3833
1677	3766	0	3766
1678	3699	0	3699
1679	3728	0	3728
1680	3745	0	3745
1681	3738	0	3738
1682	3691	0	3691
1683	3694	0	3694
1684	3729	0	3729
1685	3707	0	3707
1686	3667	0	3667
1687	3659	0	3659
1688	3641	0	3641
1689	3649	0	3649
1690	3667	0	3667
1691	3645	0	3645
1692	3629	0	3629
1693	3637	0	3637
1694	3651	0	3651
1695	3675	0	3675
1696	3623	0	3623
1697	3633	0	3633
1698	3635	0	3635
1699	3605	0	3605
1700	3661	0	3661
1701	3661	0	3661
1702	3651	0	3651
1703	3581	0	3581
1704	3577	0	3577
1705	3560	0	3560
1706	3597	0	3597
1707	3661	0	3661
1708	3617	0	3617
1709	3638	0	3638
1710	3638	0	3638
1711	3624	0	3624
1712	3611	0	3611
1713	3654	0	3654
1714	3652	0	3652
1715	3623	0	3623
1716	3695	0	3695
1717	3736	0	3736
1718	3726	0	3726
1719	3720	0	3720
1720	3756	0	3756
1721	3730	0	3730
1722	3689	0	3689
1723	3661	0	3661
1724	3681	0	3681
1725	3733	0	3733
1726	3719	0	3719
1727	3707	0	3707
1728	3723	0	3723
1729	3701	0	3701
1730	3742	0	3742
1731	3708	0	3708
1732	3666	0	3666
1733	3708	0	3708
1734	3711	0	3711
1735	3710	0	3710
1736	3706	0	3706
1737	3677	0	3677
1738	3733	0	3733
1739	3833	0	3833
1740	3796	0	3796
1741	3799	0	3799
1742	3789	0	3789
1743	3780	0	3780
1744	3764	0	3764
1745	3689	0	3689
1746	3653	0	3653
1747	3739	0	3739
1748	3792	0	3792
1749	3725	0	3725
1750	3714	0	3714
1751	3756	0	3756
1752	3740	0	3740
1753	3708	0	3708
1754	3768	0	3768
1755	3770	0	3770
1756	3797	0	3797
1757	3817	0	3817
1758	3801	0	3801
1759	3818	0	3818
1760	3839	0	3839
1761	3809	0	3809
1762	3779	0	3779
1763	3810	0	3810
1764	3843	0	3843
1765	3850	0	3850
1766	3839	0	3839
1767	3854	0	3854
1768	3845	0	3845
1769	3833	0	3833
1770	3844	0	3844
1771	3813	0	3813
1772	3809	0	3809
1773	3862	0	3862
1774	3864	0	3864
1775	3842	0	3842
1776	3817	0	3817
1777	3794	0	3794
1778	3814	0	3814
1779	3844	0	3844
1780	3868	0	3868
1781	3850	0	3850
1782	3863	0	3863
1783	3886	0	3886
1784	3852	0	3852
1785	3845	0	3845
1786	3833	0	3833
1787	3842	0	3842
1788	3879	0	3879
1789	3923	0	3923
1790	3952	0	3952
1791	3913	0	3913
1792	3908	0	3908
1793	3900	0	3900
1794	3878	0	3878
1795	3865	0	3865
1796	3841	0	3841
1797	3866	0	3866
1798	3905	0	3905
1799	3923	0	3923
1800	3917	0	3917
1801	3859	0	3859
1802	3858	0	3858
1803	3890	0	3890
1804	3835	0	3835
1805	3859	0	3859
1806	3863	0	3863
1807	3931	0	3931
1808	3961	0	3961
1809	3856	0	3856
1810	3833	0	3833
1811	3877	0	3877
1812	3825	0	3825
1813	3866	0	3866
1814	3892	0	3892
1815	3883	0	3883
1816	3938	0	3938
1817	3896	0	3896
1818	3950	0	3950
1819	3973	0	3973
1820	3972	0	3972
1821	3956	0	3956
1822	3933	0	3933
1823	3973	0	3973
1824	3924	0	3924
1825	3848	0	3848
1826	3849	0	3849
1827	3933	0	3933
1828	3932	0	3932
1829	3877	0	3877
1830	3867	0	3867
1831	3879	0	3879
1832	3863	0	3863
1833	3768	0	3768
1834	3776	0	3776
1835	3833	0	3833
1836	3799	0	3799
1837	3823	0	3823
1838	3779	0	3779
1839	3721	0	3721
1840	3734	0	3734
1841	3703	0	3703
1842	3652	0	3652
1843	3686	0	3686
1844	3715	0	3715
1845	3683	0	3683
1846	3614	0	3614
1847	3637	0	3637
1848	3647	0	3647
1849	3659	0	3659
1850	3675	0	3675
1851	3666	0	3666
1852	3652	0	3652
1853	3626	0	3626
1854	3620	0	3620
1855	3597	0	3597
1856	3613	0	3613
1857	3665	0	3665
1858	3653	0	3653
1859	3614	0	3614
1860	3615	0	3615
1861	3603	0	3603
1862	3538	0	3538
1863	3544	0	3544
1864	3545	0	3545
1865	3513	0	3513
1866	3473	0	3473
1867	3464	0	3464
1868	3557	0	3557
1869	3512	0	3512
1870	3465	0	3465
1871	3502	0	3502
1872	3521	0	3521
1873	3512	0	3512
1874	3488	0	3488
1875	3423	0	3423
1876	3412	0	3412
1877	3414	0	3414
1878	3423	0	3423
1879	3393	0	3393
1880	3426	0	3426
1881	3422	0	3422
1882	3446	0	3446
1883	3449	0	3449
1884	3443	0	3443
1885	3420	0	3420
1886	3413	0	3413
1887	3410	0	3410
1888	3484	0	3484
1889	3465	0	3465
1890	3405	0	3405
1891	3428	0	3428
1892	3421	0	3421
1893	3426	0	3426
1894	3411	0	3411
1895	3395	0	3395
1896	3382	0	3382
1897	3368	0	3368
1898	3387	0	3387
1899	3393	0	3393
1900	3403	0	3403
1901	3401	0	3401
1902	3375	0	3375
1903	3363	0	3363
1904	3380	0	3380
1905	3367	0	3367
1906	3348	0	3348
1907	3384	0	3384
1908	3422	0	3422
1909	3383	0	3383
1910	3367	0	3367
1911	3340	0	3340
1912	3316	0	3316
1913	3340	0	3340
1914	3356	0	3356
1915	3338	0	3338
1916	3265	0	3265
1917	3246	0	3246
1918	3264	0	3264
1919	3285	0	3285
1920	3288	0	3288
1921	3251	0	3251
1922	3283	0	3283
1923	3312	0	3312
1924	3307	0	3307
1925	3233	0	3233
1926	3212	0	3212
1927	3247	0	3247
1928	3250	0	3250
1929	3219	0	3219
1930	3214	0	3214
1931	3205	0	3205
1932	3219	0	3219
1933	3179	0	3179
1934	3186	0	3186
1935	3168	0	3168
1936	3211	0	3211
1937	3221	0	3221
1938	3199	0	3199
1939	3188	0	3188
1940	3198	0	3198
1941	3189	0	3189
1942	3188	0	3188
1943	3228	0	3228
1944	3269	0	3269
1945	3200	0	3200
1946	3158	0	3158
1947	3185	0	3185
1948	3205	0	3205
1949	3142	0	3142
1950	3122	0	3122
1951	3140	0	3140
1952	3159	0	3159
1953	3135	0	3135
1954	3139	0	3139
1955	3131	0	3131
1956	3183	0	3183
1957	3184	0	3184
1958	3161	0	3161
1959	3180	0	3180
1960	3192	0	3192
1961	3194	0	3194
1962	3193	0	3193
1963	3147	0	3147
1964	3073	0	3073
1965	3088	0	3088
1966	3099	0	3099
1967	3062	0	3062
1968	3107	0	3107
1969	3125	0	3125
1970	3039	0	3039
1971	3007	0	3007
1972	3015	0	3015
1973	3031	0	3031
1974	3005	0	3005
1975	3057	0	3057
1976	3012	0	3012
1977	3029	0	3029
1978	3061	0	3061
1979	3022	0	3022
1980	3037	0	3037
1981	3051	0	3051
1982	3049	0	3049
1983	3083	0	3083
1984	3069	0	3069
1985	3140	0	3140
1986	3134	0	3134
1987	2999	0	2999
1988	2960	0	2960
1989	2982	0	2982
1990	2990	0	2990
1991	2978	0	2978
1992	2924	0	2924
1993	3036	0	3036
1994	2997	0	2997
1995	2957	0	2957
1996	2916	0	2916
1997	2915	0	2915
1998	2966	0	2966
1999	2937	0	2937
2000	2950	0	2950
2001	2938	0	2938
2002	2915	0	2915
2003	2939	0	2939
2004	2919	0	2919
2005	2880	0	2880
2006	2873	0	2873
2007	2855	0	2855
2008	2895	0	2895
2009	2879	0	2879
2010	2903	0	2903
2011	2888	0	2888
2012	2883	0	2883
2013	2889	0	2889
2014	2872	0	2872
2015	2861	0	2861
2016	2886	0	2886
2017	2890	0	2890
2018	2915	0	2915
2019	2836	0	2836
2020	2790	0	2790
2021	2849	0	2849
2022	2854	0	2854
2023	2843	0	2843
2024	2888	0	2888
2025	2835	0	2835
2026	2850	0	2850
2027	2869	0	2869
2028	2813	0	2813
2029	2745	0	2745
2030	2776	0	2776
2031	2793	0	2793
2032	2790	0	2790
2033	2761	0	2761
2034	2736	0	2736
2035	2756	0	2756
2036	2785	0	2785
2037	2786	0	2786
2038	2779	0	2779
2039	2796	0	2796
2040	2798	0	2798
2041	2767	0	2767
2042	2749	0	2749
2043	2725	0	2725
2044	2728	0	2728
2045	2774	0	2774
2046	2765	0	2765
2047	2766	0	2766
2048	2782	0	2782
2049	2762	0	2762
2050	2733	0	2733
2051	2725	0	2725
2052	2747	0	2747
2053	2765	0	2765
2054	2716	0	2716
2055	2713	0	2713
2056	2718	0	2718
2057	2674	0	2674
2058	2698	0	2698
2059	2685	0	2685
2060	2645	0	2645
2061	2680	0	2680
2062	2674	0	2674
2063	2660	0	2660
2064	2651	0	2651
2065	2629	0	2629
2066	2605	0	2605
2067	2590	0	2590
2068	2607	0	2607
2069	2631	0	2631
2070	2625	0	2625
2071	2584	0	2584
2072	2595	0	2595
2073	2652	0	2652
2074	2639	0	2639
2075	2552	0	2552
2076	2560	0	2560
2077	2607	0	2607
2078	2623	0	2623
2079	2592	0	2592
2080	2615	0	2615
2081	2540	0	2540
2082	2565	0	2565
2083	2600	0	2600
2084	2585	0	2585
2085	2544	0	2544
2086	2517	0	2517
2087	2477	0	2477
2088	2526	0	2526
2089	2521	0	2521
2090	2525	0	2525
2091	2531	0	2531
2092	2504	0	2504
2093	2509	0	2509
2094	2587	0	2587
2095	2514	0	2514
2096	2472	0	2472
2097	2507	0	2507
2098	2509	0	2509
2099	2523	0	2523
2100	2547	0	2547
2101	2513	0	2513
2102	2510	0	2510
2103	2482	0	2482
2104	2468	0	2468
2105	2489	0	2489
2106	2458	0	2458
2107	2446	0	2446
2108	2476	0	2476
2109	2451	0	2451
2110	2428	0	2428
2111	2451	0	2451
2112	2454	0	2454
2113	2413	0	2413
2114	2406	0	2406
2115	2433	0	2433
2116	2417	0	2417
2117	2417	0	2417
2118	2460	0	2460
2119	2427	0	2427
2120	2380	0	2380
2121	2357	0	2357
2122	2338	0	2338
2123	2330	0	2330
2124	2356	0	2356
2125	2335	0	2335
2126	2342	0	2342
2127	2322	0	2322
2128	2323	0	2323
2129	2321	0	2321
2130	2295	0	2295
2131	2290	0	2290
2132	2283	0	2283
2133	2301	0	2301
2134	2263	0	2263
2135	2235	0	2235
2136	2246	0	2246
2137	2264	0	2264
2138	2253	0	2253
2139	2274	0	2274
2140	2292	0	2292
2141	2277	0	2277
2142	2273	0	2273
2143	2266	0	2266
2144	2257	0	2257
2145	2265	0	2265
2146	2217	0	2217
2147	2207	0	2207
2148	2203	0	2203
2149	2176	0	2176
2150	2241	0	2241
2151	2211	0	2211
2152	2205	0	2205
2153	2240	0	2240
2154	2254	0	2254
2155	2229	0	2229
2156	2260	0	2260
2157	2239	0	2239
2158	2197	0	2197
2159	2213	0	2213
2160	2244	0	2244
2161	2333	0	2333
2162	2348	0	2348
2163	2280	0	2280
2164	2299	0	2299
2165	2367	0	2367
2166	2382	0	2382
2167	2378	0	2378
2168	2428	0	2428
2169	2409	0	2409
2170	2413	0	2413
2171	2390	0	2390
2172	2376	0	2376
2173	2416	0	2416
2174	2466	0	2466
2175	2463	0	2463
2176	2438	0	2438
2177	2418	0	2418
2178	2373	0	2373
2179	2392	0	2392
2180	2430	0	2430
2181	2429	0	2429
2182	2409	0	2409
2183	2269	0	2269
2184	2223	0	2223
2185	2260	0	2260
2186	2237	0	2237
2187	2193	0	2193
2188	2200	0	2200
2189	2150	0	2150
2190	2103	0	2103
2191	2087	0	2087
2192	2053	0	2053
2193	2075	0	2075
2194	2073	0	2073
2195	2038	0	2038
2196	2037	0	2037
2197	2041	0	2041
2198	2036	0	2036
2199	2047	0	2047
2200	2053	0	2053
2201	2019	0	2019
2202	2006	0	2006
2203	1983	0	1983
2204	1993	0	1993
2205	1980	0	1980
2206	1996	0	1996
2207	2011	0	2011
2208	1975	0	1975
2209	1947	0	1947
2210	1979	0	1979
2211	2016	0	2016
2212	2005	0	2005
2213	1989	0	1989
2214	1989	0	1989
2215	1962	0	1962
2216	1984	0	1984
2217	1982	0	1982
2218	1929	0	1929
2219	1916	0	1916
2220	1930	0	1930
2221	1969	0	1969
2222	1939	0	1939
2223	1917	0	1917
2224	1932	0	1932
2225	1938	0	1938
2226	1947	0	1947
2227	1954	0	1954
2228	1933	0	1933
2229	1923	0	1923
2230	1909	0	1909
2231	1882	0	1882
2232	1943	0	1943
2233	1925	0	1925
2234	1929	0	1929
2235	1903	0	1903
2236	1917	0	1917
2237	1890	0	1890
2238	1890	0	1890
2239	1913	0	1913
2240	1913	0	1913
2241	1893	0	1893
2242	1860	0	1860
2243	1881	0	1881
2244	1904	0	1904
2245	1875	0	1875
2246	1890	0	1890
2247	1915	0	1915
2248	1901	0	1901
2249	1868	0	1868
2250	1903	0	1903
2251	1895	0	1895
2252	1888	0	1888
2253	1884	0	1884
2254	1847	0	1847
2255	1825	0	1825
2256	1842	0	1842
2257	1823	0	1823
2258	1838	0	1838
2259	1857	0	1857
2260	1829	0	1829
2261	1803	0	1803
2262	1811	0	1811
2263	1829	0	1829
2264	1814	0	1814
2265	1796	0	1796
2266	1814	0	1814
2267	1841	0	1841
2268	1835	0	1835
2269	1800	0	1800
2270	1809	0	1809
2271	1808	0	1808
2272	1813	0	1813
2273	1833	0	1833
2274	1801	0	1801
2275	1794	0	1794
2276	1788	0	1788
2277	1760	0	1760
2278	1821	0	1821
2279	1804	0	1804
2280	1791	0	1791
2281	1809	0	1809
2282	1800	0	1800
2283	1764	0	1764
2284	1759	0	1759
2285	1760	0	1760
2286	1749	0	1749
2287	1763	0	1763
2288	1766	0	1766
2289	1777	0	1777
2290	1780	0	1780
2291	1769	0	1769
2292	1759	0	1759
2293	1739	0	1739
2294	1752	0	1752
2295	1773	0	1773
2296	1784	0	1784
2297	1836	0	1836
2298	1789	0	1789
2299	1758	0	1758
2300	1741	0	1741
2301	1735	0	1735
2302	1712	0	1712
2303	1699	0	1699
2304	1745	0	1745
2305	1752	0	1752
2306	1755	0	1755
2307	1751	0	1751
2308	1721	0	1721
2309	1729	0	1729
2310	1743	0	1743
2311	1759	0	1759
2312	1772	0	1772
2313	1778	0	1778
2314	1767	0	1767
2315	1781	0	1781
2316	1804	0	1804
2317	1778	0	1778
2318	1751	0	1751
2319	1766	0	1766
2320	1753	0	1753
2321	1764	0	1764
2322	1796	0	1796
2323	1769	0	1769
2324	1763	0	1763
2325	1774	0	1774
2326	1776	0	1776
2327	1807	0	1807
2328	1779	0	1779
2329	1748	0	1748
2330	1764	0	1764
2331	1812	0	1812
2332	1801	0	1801
2333	1744	0	1744
2334	1748	0	1748
2335	1776	0	1776
2336	1761	0	1761
2337	1777	0	1777
2338	1749	0	1749
2339	1743	0	1743
2340	1720	0	1720
2341	1716	0	1716
2342	1741	0	1741
2343	1734	0	1734
2344	1724	0	1724
2345	1720	0	1720
2346	1721	0	1721
2347	1714	0	1714
2348	1724	0	1724
2349	1748	0	1748
2350	1743	0	1743
2351	1738	0	1738
2352	1774	0	1774
2353	1768	0	1768
2354	1768	0	1768
2355	1775	0	1775
2356	1765	0	1765
2357	1781	0	1781
2358	1741	0	1741
2359	1715	0	1715
2360	1759	0	1759
2361	1736	0	1736
2362	1727	0	1727
2363	1712	0	1712
2364	1699	0	1699
2365	1727	0	1727
2366	1749	0	1749
2367	1726	0	1726
2368	1709	0	1709
2369	1732	0	1732
2370	1759	0	1759
2371	1722	0	1722
2372	1734	0	1734
2373	1750	0	1750
2374	1738	0	1738
2375	1723	0	1723
2376	1740	0	1740
2377	1715	0	1715
2378	1710	0	1710
2379	1716	0	1716
2380	1719	0	1719
2381	1723	0	1723
2382	1708	0	1708
2383	1699	0	1699
2384	1726	0	1726
2385	1720	0	1720
2386	1687	0	1687
2387	1727	0	1727
2388	1714	0	1714
2389	1706	0	1706
2390	1708	0	1708
2391	1729	0	1729
2392	1738	0	1738
2393	1748	0	1748
2394	1745	0	1745
2395	1729	0	1729
2396	1720	0	1720
2397	1725	0	1725
2398	1727	0	1727
2399	1753	0	1753
2400	1746	0	1746
2401	1732	0	1732
2402	1732	0	1732
2403	1728	0	1728
2404	1745	0	1745
2405	1713	0	1713
2406	1723	0	1723
2407	1729	0	1729
2408	1729	0	1729
2409	1709	0	1709
2410	1737	0	1737
2411	1712	0	1712
2412	1711	0	1711
2413	1735	0	1735
2414	1730	0	1730
2415	1718	0	1718
2416	1754	0	1754
2417	1736	0	1736
2418	1734	0	1734
2419	1745	0	1745
2420	1740	0	1740
2421	1741	0	1741
2422	1748	0	1748
2423	1747	0	1747
2424	1741	0	1741
2425	1693	0	1693
2426	1693	0	1693
2427	1692	0	1692
2428	1725	0	1725
2429	1733	0	1733
2430	1763	0	1763
2431	1771	0	1771
2432	1756	0	1756
2433	1747	0	1747
2434	1758	0	1758
2435	1748	0	1748
2436	1760	0	1760
2437	1778	0	1778
2438	1747	0	1747
2439	1743	0	1743
2440	1746	0	1746
2441	1797	0	1797
2442	1780	0	1780
2443	1781	0	1781
2444	1783	0	1783
2445	1788	0	1788
2446	1781	0	1781
2447	1769	0	1769
2448	1775	0	1775
2449	1766	0	1766
2450	1774	0	1774
2451	1784	0	1784
2452	1820	0	1820
2453	1817	0	1817
2454	1789	0	1789
2455	1770	0	1770
2456	1759	0	1759
2457	1769	0	1769
2458	1790	0	1790
2459	1791	0	1791
2460	1793	0	1793
2461	1806	0	1806
2462	1768	0	1768
2463	1743	0	1743
2464	1757	0	1757
2465	1775	0	1775
2466	1752	0	1752
2467	1749	0	1749
2468	1760	0	1760
2469	1799	0	1799
2470	1775	0	1775
2471	1767	0	1767
2472	1780	0	1780
2473	1810	0	1810
2474	1789	0	1789
2475	1777	0	1777
2476	1802	0	1802
2477	1791	0	1791
2478	1796	0	1796
2479	1784	0	1784
2480	1751	0	1751
2481	1757	0	1757
2482	1780	0	1780
2483	1773	0	1773
2484	1794	0	1794
2485	1783	0	1783
2486	1765	0	1765
2487	1778	0	1778
2488	1784	0	1784
2489	1769	0	1769
2490	1773	0	1773
2491	1759	0	1759
2492	1784	0	1784
2493	1751	0	1751
2494	1754	0	1754
2495	1768	0	1768
2496	1759	0	1759
2497	1772	0	1772
2498	1830	0	1830
2499	1801	0	1801
2500	1774	0	1774
2501	1759	0	1759
2502	1756	0	1756
2503	1752	0	1752
2504	1759	0	1759
2505	1757	0	1757
2506	1749	0	1749
2507	1742	0	1742
2508	1752	0	1752
2509	1735	0	1735
2510	1742	0	1742
2511	1738	0	1738
2512	1748	0	1748
2513	1758	0	1758
2514	1746	0	1746
2515	1730	0	1730
2516	1748	0	1748
2517	1726	0	1726
2518	1753	0	1753
2519	1738	0	1738
2520	1752	0	1752
2521	1749	0	1749
2522	1738	0	1738
2523	1712	0	1712
2524	1726	0	1726
2525	1756	0	1756
2526	1735	0	1735
2527	1722	0	1722
2528	1723	0	1723
2529	1707	0	1707
2530	1724	0	1724
2531	1736	0	1736
2532	1753	0	1753
2533	1720	0	1720
2534	1693	0	1693
2535	1716	0	1716
2536	1769	0	1769
2537	1765	0	1765
2538	1755	0	1755
2539	1714	0	1714
2540	1717	0	1717
2541	1735	0	1735
2542	1714	0	1714
2543	1716	0	1716
2544	1757	0	1757
2545	1718	0	1718
2546	1713	0	1713
2547	1699	0	1699
2548	1710	0	1710
2549	1697	0	1697
2550	1721	0	1721
2551	1733	0	1733
2552	1727	0	1727
2553	1735	0	1735
2554	1735	0	1735
2555	1714	0	1714
2556	1706	0	1706
2557	1718	0	1718
2558	1733	0	1733
2559	1714	0	1714
2560	1694	0	1694
2561	1721	0	1721
2562	1686	0	1686
2563	1723	0	1723
2564	1727	0	1727
2565	1707	0	1707
2566	1709	0	1709
2567	1700	0	1700
2568	1711	0	1711
2569	1675	0	1675
2570	1703	0	1703
2571	1679	0	1679
2572	1697	0	1697
2573	1757	0	1757
2574	1750	0	1750
2575	1732	0	1732
2576	1755	0	1755
2577	1742	0	1742
2578	1759	0	1759
2579	1750	0	1750
2580	1739	0	1739
2581	1751	0	1751
2582	1769	0	1769
2583	1751	0	1751
2584	1746	0	1746
2585	1748	0	1748
2586	1782	0	1782
2587	1765	0	1765
2588	1739	0	1739
2589	1714	0	1714
2590	1747	0	1747
2591	1737	0	1737
2592	1701	0	1701
2593	1733	0	1733
2594	1775	0	1775
2595	1768	0	1768
2596	1785	0	1785
2597	1752	0	1752
2598	1753	0	1753
2599	1813	0	1813
2600	1811	0	1811
2601	1759	0	1759
2602	1740	0	1740
2603	1759	0	1759
2604	1791	0	1791
2605	1758	0	1758
2606	1757	0	1757
2607	1769	0	1769
2608	1799	0	1799
2609	1789	0	1789
2610	1770	0	1770
2611	1753	0	1753
2612	1749	0	1749
2613	1756	0	1756
2614	1762	0	1762
2615	1772	0	1772
2616	1744	0	1744
2617	1771	0	1771
2618	1769	0	1769
2619	1762	0	1762
2620	1789	0	1789
2621	1807	0	1807
2622	1828	0	1828
2623	1818	0	1818
2624	1795	0	1795
2625	1770	0	1770
2626	1814	0	1814
2627	1836	0	1836
2628	1795	0	1795
2629	1790	0	1790
2630	1805	0	1805
2631	1830	0	1830
2632	1830	0	1830
2633	1837	0	1837
2634	1846	0	1846
2635	1832	0	1832
2636	1833	0	1833
2637	1863	0	1863
2638	1889	0	1889
2639	1892	0	1892
2640	1882	0	1882
2641	1850	0	1850
2642	1847	0	1847
2643	1876	0	1876
2644	1914	0	1914
2645	1913	0	1913
2646	1918	0	1918
2647	1888	0	1888
2648	1894	0	1894
2649	1913	0	1913
2650	1912	0	1912
2651	1881	0	1881
2652	1857	0	1857
2653	1869	0	1869
2654	1898	0	1898
2655	1902	0	1902
2656	1924	0	1924
2657	1881	0	1881
2658	1888	0	1888
2659	1908	0	1908
2660	1907	0	1907
2661	1885	0	1885
2662	1920	0	1920
2663	1901	0	1901
2664	1914	0	1914
2665	1966	0	1966
2666	1912	0	1912
2667	1903	0	1903
2668	1910	0	1910
2669	1898	0	1898
2670	1911	0	1911
2671	1932	0	1932
2672	1916	0	1916
2673	1915	0	1915
2674	1910	0	1910
2675	1913	0	1913
2676	1939	0	1939
2677	1955	0	1955
2678	1941	0	1941
2679	1897	0	1897
2680	1939	0	1939
2681	1960	0	1960
2682	1928	0	1928
2683	1943	0	1943
2684	1949	0	1949
2685	1961	0	1961
2686	1960	0	1960
2687	1951	0	1951
2688	1950	0	1950
2689	1950	0	1950
2690	1947	0	1947
2691	1965	0	1965
2692	1969	0	1969
2693	1951	0	1951
2694	1968	0	1968
2695	1973	0	1973
2696	1953	0	1953
2697	1937	0	1937
2698	1965	0	1965
2699	1989	0	1989
2700	2014	0	2014
2701	1971	0	1971
2702	1943	0	1943
2703	1985	0	1985
2704	1953	0	1953
2705	1992	0	1992
2706	2012	0	2012
2707	1994	0	1994
2708	2035	0	2035
2709	1995	0	1995
2710	1990	0	1990
2711	1993	0	1993
2712	1987	0	1987
2713	1991	0	1991
2714	2001	0	2001
2715	1965	0	1965
2716	2005	0	2005
2717	1994	0	1994
2718	1976	0	1976
2719	1952	0	1952
2720	1941	0	1941
2721	1935	0	1935
2722	1949	0	1949
2723	1964	0	1964
2724	1934	0	1934
2725	1916	0	1916
2726	1949	0	1949
2727	1950	0	1950
2728	1929	0	1929
2729	1948	0	1948
2730	1938	0	1938
2731	1957	0	1957
2732	1978	0	1978
2733	1969	0	1969
2734	1952	0	1952
2735	1942	0	1942
2736	1949	0	1949
2737	1929	0	1929
2738	1952	0	1952
2739	1955	0	1955
2740	1953	0	1953
2741	1931	0	1931
2742	1954	0	1954
2743	1947	0	1947
2744	1938	0	1938
2745	1930	0	1930
2746	1937	0	1937
2747	1942	0	1942
2748	1965	0	1965
2749	1942	0	1942
2750	1921	0	1921
2751	1921	0	1921
2752	1916	0	1916
2753	1907	0	1907
2754	1929	0	1929
2755	1929	0	1929
2756	1970	0	1970
2757	1945	0	1945
2758	1915	0	1915
2759	1909	0	1909
2760	1919	0	1919
2761	1906	0	1906
2762	1906	0	1906
2763	1925	0	1925
2764	1916	0	1916
2765	1911	0	1911
2766	1934	0	1934
2767	1921	0	1921
2768	1929	0	1929
2769	1921	0	1921
2770	1924	0	1924
2771	1898	0	1898
2772	1921	0	1921
2773	1912	0	1912
2774	1892	0	1892
2775	1944	0	1944
2776	1959	0	1959
2777	1909	0	1909
2778	1927	0	1927
2779	1920	0	1920
2780	1924	0	1924
2781	1904	0	1904
2782	1914	0	1914
2783	1917	0	1917
2784	2111	0	2111
2785	2009	0	2009
2786	1934	0	1934
2787	1965	0	1965
2788	1910	0	1910
2789	1895	0	1895
2790	1936	0	1936
2791	1922	0	1922
2792	1944	0	1944
2793	1941	0	1941
2794	1925	0	1925
2795	1925	0	1925
2796	1945	0	1945
2797	1951	0	1951
2798	1959	0	1959
2799	1964	0	1964
2800	1968	0	1968
2801	1967	0	1967
2802	1940	0	1940
2803	1953	0	1953
2804	1953	0	1953
2805	1933	0	1933
2806	1950	0	1950
2807	1975	0	1975
2808	1954	0	1954
2809	1985	0	1985
2810	1997	0	1997
2811	1949	0	1949
2812	1941	0	1941
2813	1970	0	1970
2814	2040	0	2040
2815	2007	0	2007
2816	2011	0	2011
2817	2025	0	2025
2818	2015	0	2015
2819	2044	0	2044
2820	2051	0	2051
2821	2028	0	2028
2822	1990	0	1990
2823	2007	0	2007
2824	2036	0	2036
2825	1993	0	1993
2826	2009	0	2009
2827	2010	0	2010
2828	2017	0	2017
2829	2019	0	2019
2830	2050	0	2050
2831	2056	0	2056
2832	2089	0	2089
2833	2102	0	2102
2834	2050	0	2050
2835	2058	0	2058
2836	2097	0	2097
2837	2075	0	2075
2838	2060	0	2060
2839	2077	0	2077
2840	2079	0	2079
2841	2075	0	2075
2842	2089	0	2089
2843	2106	0	2106
2844	2126	0	2126
2845	2109	0	2109
2846	2143	0	2143
2847	2164	0	2164
2848	2178	0	2178
2849	2161	0	2161
2850	2127	0	2127
2851	2180	0	2180
2852	2203	0	2203
2853	2205	0	2205
2854	2198	0	2198
2855	2158	0	2158
2856	2193	0	2193
2857	2193	0	2193
2858	2180	0	2180
2859	2176	0	2176
2860	2164	0	2164
2861	2197	0	2197
2862	2192	0	2192
2863	2207	0	2207
2864	2255	0	2255
2865	2189	0	2189
2866	2193	0	2193
2867	2242	0	2242
2868	2267	0	2267
2869	2263	0	2263
2870	2248	0	2248
2871	2194	0	2194
2872	2226	0	2226
2873	2253	0	2253
2874	2256	0	2256
2875	2290	0	2290
2876	2295	0	2295
2877	2249	0	2249
2878	2259	0	2259
2879	2258	0	2258
2880	2283	0	2283
2881	2267	0	2267
2882	2243	0	2243
2883	2263	0	2263
2884	2256	0	2256
2885	2266	0	2266
2886	2247	0	2247
2887	2249	0	2249
2888	2263	0	2263
2889	2245	0	2245
2890	2266	0	2266
2891	2289	0	2289
2892	2237	0	2237
2893	2298	0	2298
2894	2322	0	2322
2895	2257	0	2257
2896	2237	0	2237
2897	2261	0	2261
2898	2300	0	2300
2899	2235	0	2235
2900	2224	0	2224
2901	2250	0	2250
2902	2246	0	2246
2903	2228	0	2228
2904	2258	0	2258
2905	2236	0	2236
2906	2227	0	2227
2907	2238	0	2238
2908	2235	0	2235
2909	2209	0	2209
2910	2206	0	2206
2911	2204	0	2204
2912	2215	0	2215
2913	2229	0	2229
2914	2231	0	2231
2915	2204	0	2204
2916	2180	0	2180
2917	2174	0	2174
2918	2186	0	2186
2919	2163	0	2163
2920	2141	0	2141
2921	2139	0	2139
2922	2162	0	2162
2923	2130	0	2130
2924	2129	0	2129
2925	2129	0	2129
2926	2140	0	2140
2927	2105	0	2105
2928	2120	0	2120
2929	2086	0	2086
2930	2094	0	2094
2931	2128	0	2128
2932	2107	0	2107
2933	2109	0	2109
2934	2135	0	2135
2935	2138	0	2138
2936	2107	0	2107
2937	2096	0	2096
2938	2104	0	2104
2939	2106	0	2106
2940	2083	0	2083
2941	2085	0	2085
2942	2088	0	2088
2943	2050	0	2050
2944	2042	0	2042
2945	2055	0	2055
2946	2067	0	2067
2947	2068	0	2068
2948	2051	0	2051
2949	2053	0	2053
2950	2048	0	2048
2951	2053	0	2053
2952	2051	0	2051
2953	2060	0	2060
2954	2059	0	2059
2955	2031	0	2031
2956	2042	0	2042
2957	2029	0	2029
2958	2024	0	2024
2959	2026	0	2026
2960	2035	0	2035
2961	2042	0	2042
2962	2020	0	2020
2963	1983	0	1983
2964	1991	0	1991
2965	1958	0	1958
2966	2001	0	2001
2967	2014	0	2014
2968	2001	0	2001
2969	2017	0	2017
2970	2033	0	2033
2971	1982	0	1982
2972	1955	0	1955
2973	1962	0	1962
2974	1964	0	1964
2975	1981	0	1981
2976	1997	0	1997
2977	1955	0	1955
2978	1936	0	1936
2979	1910	0	1910
2980	1958	0	1958
2981	1966	0	1966
2982	1947	0	1947
2983	1942	0	1942
2984	1947	0	1947
2985	1953	0	1953
2986	1961	0	1961
2987	1968	0	1968
2988	1957	0	1957
2989	1968	0	1968
2990	1982	0	1982
2991	1966	0	1966
2992	1953	0	1953
2993	1941	0	1941
2994	1963	0	1963
2995	1941	0	1941
2996	1965	0	1965
2997	1984	0	1984
2998	1938	0	1938
2999	1960	0	1960
3000	1993	0	1993
3001	1997	0	1997
3002	1996	0	1996
3003	2004	0	2004
3004	2015	0	2015
3005	2012	0	2012
3006	1999	0	1999
3007	2005	0	2005
3008	2017	0	2017
3009	2027	0	2027
3010	2015	0	2015
3011	2034	0	2034
3012	2046	0	2046
3013	2030	0	2030
3014	2040	0	2040
3015	2043	0	2043
3016	2054	0	2054
3017	2083	0	2083
3018	2103	0	2103
3019	2093	0	2093
3020	2072	0	2072
3021	2055	0	2055
3022	2070	0	2070
3023	2089	0	2089
3024	2128	0	2128
3025	2106	0	2106
3026	2115	0	2115
3027	2122	0	2122
3028	2129	0	2129
3029	2122	0	2122
3030	2142	0	2142
3031	2125	0	2125
3032	2107	0	2107
3033	2083	0	2083
3034	2109	0	2109
3035	2146	0	2146
3036	2141	0	2141
3037	2122	0	2122
3038	2101	0	2101
3039	2104	0	2104
3040	2110	0	2110
3041	2121	0	2121
3042	2136	0	2136
3043	2159	0	2159
3044	2157	0	2157
3045	2159	0	2159
3046	2117	0	2117
3047	2165	0	2165
3048	2221	0	2221
3049	2181	0	2181
3050	2125	0	2125
3051	2183	0	2183
3052	2232	0	2232
3053	2160	0	2160
3054	2174	0	2174
3055	2167	0	2167
3056	2203	0	2203
3057	2207	0	2207
3058	2203	0	2203
3059	2219	0	2219
3060	2202	0	2202
3061	2172	0	2172
3062	2202	0	2202
3063	2187	0	2187
3064	2187	0	2187
3065	2203	0	2203
3066	2154	0	2154
3067	2157	0	2157
3068	2202	0	2202
3069	2198	0	2198
3070	2198	0	2198
3071	2205	0	2205
3072	2184	0	2184
3073	2160	0	2160
3074	2135	0	2135
3075	2137	0	2137
3076	2140	0	2140
3077	2195	0	2195
3078	2177	0	2177
3079	2156	0	2156
3080	2119	0	2119
3081	2157	0	2157
3082	2191	0	2191
3083	2141	0	2141
3084	2140	0	2140
3085	2099	0	2099
3086	2084	0	2084
3087	2048	0	2048
3088	2061	0	2061
3089	2075	0	2075
3090	2072	0	2072
3091	2058	0	2058
3092	2094	0	2094
3093	2057	0	2057
3094	2052	0	2052
3095	2085	0	2085
3096	2066	0	2066
3097	2102	0	2102
3098	2044	0	2044
3099	2040	0	2040
3100	2058	0	2058
3101	2039	0	2039
3102	2049	0	2049
3103	2050	0	2050
3104	2073	0	2073
3105	2067	0	2067
3106	2039	0	2039
3107	1998	0	1998
3108	1981	0	1981
3109	1962	0	1962
3110	2010	0	2010
3111	2052	0	2052
3112	2033	0	2033
3113	1996	0	1996
3114	1994	0	1994
3115	1980	0	1980
3116	1945	0	1945
3117	1917	0	1917
3118	1961	0	1961
3119	1951	0	1951
3120	1971	0	1971
3121	1971	0	1971
3122	1982	0	1982
3123	1946	0	1946
3124	1962	0	1962
3125	1990	0	1990
3126	1954	0	1954
3127	1939	0	1939
3128	1958	0	1958
3129	1937	0	1937
3130	1956	0	1956
3131	1968	0	1968
3132	1965	0	1965
3133	1969	0	1969
3134	1964	0	1964
3135	1972	0	1972
3136	1954	0	1954
3137	1925	0	1925
3138	1970	0	1970
3139	1980	0	1980
3140	1978	0	1978
3141	1939	0	1939
3142	1956	0	1956
3143	1931	0	1931
3144	1970	0	1970
3145	1973	0	1973
3146	1975	0	1975
3147	1976	0	1976
3148	1942	0	1942
3149	1948	0	1948
3150	1967	0	1967
3151	1987	0	1987
3152	2002	0	2002
3153	1984	0	1984
3154	1989	0	1989
3155	1992	0	1992
3156	1990	0	1990
3157	1994	0	1994
3158	1950	0	1950
3159	1961	0	1961
3160	1982	0	1982
3161	1983	0	1983
3162	2003	0	2003
3163	2038	0	2038
3164	2025	0	2025
3165	2033	0	2033
3166	2063	0	2063
3167	2035	0	2035
3168	2039	0	2039
3169	2048	0	2048
3170	2023	0	2023
3171	2050	0	2050
3172	2079	0	2079
3173	2073	0	2073
3174	2084	0	2084
3175	2106	0	2106
3176	2095	0	2095
3177	2040	0	2040
3178	2082	0	2082
3179	2164	0	2164
3180	2128	0	2128
3181	2148	0	2148
3182	2130	0	2130
3183	2117	0	2117
3184	2113	0	2113
3185	2126	0	2126
3186	2124	0	2124
3187	2122	0	2122
3188	2147	0	2147
3189	2118	0	2118
3190	2115	0	2115
3191	2145	0	2145
3192	2198	0	2198
3193	2184	0	2184
3194	2187	0	2187
3195	2166	0	2166
3196	2168	0	2168
3197	2152	0	2152
3198	2152	0	2152
3199	2175	0	2175
3200	2224	0	2224
3201	2227	0	2227
3202	2195	0	2195
3203	2114	0	2114
3204	2150	0	2150
3205	2174	0	2174
3206	2197	0	2197
3207	2213	0	2213
3208	2213	0	2213
3209	2212	0	2212
3210	2195	0	2195
3211	2193	0	2193
3212	2205	0	2205
3213	2235	0	2235
3214	2209	0	2209
3215	2224	0	2224
3216	2198	0	2198
3217	2186	0	2186
3218	2214	0	2214
3219	2210	0	2210
3220	2174	0	2174
3221	2172	0	2172
3222	2163	0	2163
3223	2190	0	2190
3224	2207	0	2207
3225	2185	0	2185
3226	2147	0	2147
3227	2155	0	2155
3228	2157	0	2157
3229	2169	0	2169
3230	2211	0	2211
3231	2156	0	2156
3232	2146	0	2146
3233	2156	0	2156
3234	2139	0	2139
3235	2148	0	2148
3236	2133	0	2133
3237	2104	0	2104
3238	2115	0	2115
3239	2113	0	2113
3240	2097	0	2097
3241	2099	0	2099
3242	2093	0	2093
3243	2084	0	2084
3244	2075	0	2075
3245	2082	0	2082
3246	2099	0	2099
3247	2081	0	2081
3248	2065	0	2065
3249	2048	0	2048
3250	2060	0	2060
3251	2031	0	2031
3252	2015	0	2015
3253	2012	0	2012
3254	2069	0	2069
3255	2032	0	2032
3256	2015	0	2015
3257	1991	0	1991
3258	2007	0	2007
3259	1993	0	1993
3260	1994	0	1994
3261	1995	0	1995
3262	1976	0	1976
3263	1977	0	1977
3264	2018	0	2018
3265	2009	0	2009
3266	1986	0	1986
3267	1999	0	1999
3268	1978	0	1978
3269	1962	0	1962
3270	1964	0	1964
3271	1967	0	1967
3272	1990	0	1990
3273	1967	0	1967
3274	1974	0	1974
3275	1973	0	1973
3276	1955	0	1955
3277	1918	0	1918
3278	1906	0	1906
3279	1913	0	1913
3280	1940	0	1940
3281	1962	0	1962
3282	1985	0	1985
3283	1972	0	1972
3284	1949	0	1949
3285	1930	0	1930
3286	1948	0	1948
3287	1949	0	1949
3288	1962	0	1962
3289	1939	0	1939
3290	2006	0	2006
3291	1960	0	1960
3292	1924	0	1924
3293	1979	0	1979
3294	1996	0	1996
3295	1972	0	1972
3296	1968	0	1968
3297	1994	0	1994
3298	1958	0	1958
3299	1961	0	1961
3300	1939	0	1939
3301	1947	0	1947
3302	1987	0	1987
3303	2008	0	2008
3304	2012	0	2012
3305	2003	0	2003
3306	2032	0	2032
3307	2033	0	2033
3308	1985	0	1985
3309	2002	0	2002
3310	2041	0	2041
3311	2030	0	2030
3312	2030	0	2030
3313	2034	0	2034
3314	2055	0	2055
3315	2060	0	2060
3316	2062	0	2062
3317	2060	0	2060
3318	2054	0	2054
3319	2082	0	2082
3320	2085	0	2085
3321	2057	0	2057
3322	2095	0	2095
3323	2074	0	2074
3324	2072	0	2072
3325	2048	0	2048
3326	2061	0	2061
3327	2092	0	2092
3328	2099	0	2099
3329	2141	0	2141
3330	2146	0	2146
3331	2138	0	2138
3332	2164	0	2164
3333	2141	0	2141
3334	2142	0	2142
3335	2155	0	2155
3336	2163	0	2163
3337	2157	0	2157
3338	2173	0	2173
3339	2177	0	2177
3340	2192	0	2192
3341	2172	0	2172
3342	2191	0	2191
3343	2163	0	2163
3344	2169	0	2169
3345	2179	0	2179
3346	2179	0	2179
3347	2150	0	2150
3348	2162	0	2162
3349	2135	0	2135
3350	2163	0	2163
3351	2165	0	2165
3352	2193	0	2193
3353	2181	0	2181
3354	2145	0	2145
3355	2177	0	2177
3356	2172	0	2172
3357	2127	0	2127
3358	2182	0	2182
3359	2199	0	2199
3360	2151	0	2151
3361	2148	0	2148
3362	2175	0	2175
3363	2144	0	2144
3364	2159	0	2159
3365	2133	0	2133
3366	2145	0	2145
3367	2130	0	2130
3368	2113	0	2113
3369	2140	0	2140
3370	2104	0	2104
3371	2113	0	2113
3372	2145	0	2145
3373	2104	0	2104
3374	2098	0	2098
3375	2082	0	2082
3376	2063	0	2063
3377	2053	0	2053
3378	2046	0	2046
3379	2057	0	2057
3380	2049	0	2049
3381	2024	0	2024
3382	1994	0	1994
3383	2026	0	2026
3384	2023	0	2023
3385	1982	0	1982
3386	2014	0	2014
3387	2017	0	2017
3388	2010	0	2010
3389	1973	0	1973
3390	2005	0	2005
3391	1975	0	1975
3392	1961	0	1961
3393	1978	0	1978
3394	1956	0	1956
3395	1974	0	1974
3396	1986	0	1986
3397	1969	0	1969
3398	1939	0	1939
3399	1904	0	1904
3400	1914	0	1914
3401	1945	0	1945
3402	1947	0	1947
3403	1905	0	1905
3404	1947	0	1947
3405	1915	0	1915
3406	1905	0	1905
3407	1897	0	1897
3408	1882	0	1882
3409	1936	0	1936
3410	1976	0	1976
3411	1959	0	1959
3412	1961	0	1961
3413	1939	0	1939
3414	1929	0	1929
3415	1911	0	1911
3416	1910	0	1910
3417	1947	0	1947
3418	1949	0	1949
3419	1942	0	1942
3420	1977	0	1977
3421	1952	0	1952
3422	1960	0	1960
3423	1942	0	1942
3424	1928	0	1928
3425	1940	0	1940
3426	1974	0	1974
3427	1988	0	1988
3428	1999	0	1999
3429	1960	0	1960
3430	1952	0	1952
3431	1963	0	1963
3432	1964	0	1964
3433	1968	0	1968
3434	1987	0	1987
3435	1990	0	1990
3436	2011	0	2011
3437	1995	0	1995
3438	1957	0	1957
3439	2001	0	2001
3440	2016	0	2016
3441	1999	0	1999
3442	2042	0	2042
3443	2029	0	2029
3444	2028	0	2028
3445	1991	0	1991
3446	2026	0	2026
3447	2064	0	2064
3448	2075	0	2075
3449	2086	0	2086
3450	2131	0	2131
3451	2137	0	2137
3452	2167	0	2167
3453	2079	0	2079
3454	2108	0	2108
3455	2126	0	2126
3456	2123	0	2123
3457	2145	0	2145
3458	2143	0	2143
3459	2153	0	2153
3460	2112	0	2112
3461	2130	0	2130
3462	2172	0	2172
3463	2199	0	2199
3464	2177	0	2177
3465	2147	0	2147
3466	2120	0	2120
3467	2151	0	2151
3468	2156	0	2156
3469	2153	0	2153
3470	2189	0	2189
3471	2192	0	2192
3472	2220	0	2220
3473	2224	0	2224
3474	2165	0	2165
3475	2169	0	2169
3476	2189	0	2189
3477	2177	0	2177
3478	2170	0	2170
3479	2145	0	2145
3480	2128	0	2128
3481	2109	0	2109
3482	2127	0	2127
3483	2128	0	2128
3484	2116	0	2116
3485	2115	0	2115
3486	2147	0	2147
3487	2141	0	2141
3488	2107	0	2107
3489	2101	0	2101
3490	2121	0	2121
3491	2134	0	2134
3492	2131	0	2131
3493	2105	0	2105
3494	2140	0	2140
3495	2108	0	2108
3496	2066	0	2066
3497	2070	0	2070
3498	2073	0	2073
3499	2064	0	2064
3500	2053	0	2053
3501	2061	0	2061
3502	2065	0	2065
3503	2038	0	2038
3504	2022	0	2022
3505	2035	0	2035
3506	1994	0	1994
3507	1984	0	1984
3508	1991	0	1991
3509	1959	0	1959
3510	1972	0	1972
3511	1986	0	1986
3512	1973	0	1973
3513	1935	0	1935
3514	1952	0	1952
3515	1991	0	1991
3516	1960	0	1960
3517	1948	0	1948
3518	1961	0	1961
3519	1911	0	1911
3520	1897	0	1897
3521	1899	0	1899
3522	1920	0	1920
3523	1936	0	1936
3524	1956	0	1956
3525	1934	0	1934
3526	1927	0	1927
3527	1929	0	1929
3528	1930	0	1930
3529	1912	0	1912
3530	1897	0	1897
3531	1886	0	1886
3532	1910	0	1910
3533	1898	0	1898
3534	1879	0	1879
3535	1903	0	1903
3536	1913	0	1913
3537	1909	0	1909
3538	1917	0	1917
3539	1909	0	1909
3540	1913	0	1913
3541	1913	0	1913
3542	1899	0	1899
3543	1903	0	1903
3544	1936	0	1936
3545	1927	0	1927
3546	1897	0	1897
3547	1931	0	1931
3548	1980	0	1980
3549	1960	0	1960
3550	1934	0	1934
3551	1943	0	1943
3552	1947	0	1947
3553	1983	0	1983
3554	2002	0	2002
3555	1960	0	1960
3556	1962	0	1962
3557	1974	0	1974
3558	1955	0	1955
3559	1961	0	1961
3560	2011	0	2011
3561	1998	0	1998
3562	2002	0	2002
3563	2061	0	2061
3564	2048	0	2048
3565	1985	0	1985
3566	2002	0	2002
3567	2013	0	2013
3568	2061	0	2061
3569	2085	0	2085
3570	2081	0	2081
3571	2038	0	2038
3572	2063	0	2063
3573	2079	0	2079
3574	2068	0	2068
3575	2043	0	2043
3576	2014	0	2014
3577	2057	0	2057
3578	2073	0	2073
3579	2078	0	2078
3580	2077	0	2077
3581	2071	0	2071
3582	2081	0	2081
3583	2067	0	2067
3584	2109	0	2109
3585	2079	0	2079
3586	2073	0	2073
3587	2057	0	2057
3588	2058	0	2058
3589	2026	0	2026
3590	2018	0	2018
3591	2003	0	2003
3592	2007	0	2007
3593	2018	0	2018
3594	2028	0	2028
3595	2044	0	2044
3596	2043	0	2043
3597	1991	0	1991
3598	1970	0	1970
3599	1933	0	1933
3600	1929	0	1929
3601	1954	0	1954
3602	1962	0	1962
3603	1953	0	1953
3604	1923	0	1923
3605	1889	0	1889
3606	1892	0	1892
3607	1871	0	1871
3608	1855	0	1855
3609	1850	0	1850
3610	1866	0	1866
3611	1858	0	1858
3612	1881	0	1881
3613	1869	0	1869
3614	1837	0	1837
3615	1807	0	1807
3616	1828	0	1828
3617	1812	0	1812
3618	1803	0	1803
3619	1791	0	1791
3620	1816	0	1816
3621	1815	0	1815
3622	1807	0	1807
3623	1788	0	1788
3624	1790	0	1790
3625	1774	0	1774
3626	1886	0	1886
3627	1842	0	1842
3628	1776	0	1776
3629	1780	0	1780
3630	1831	0	1831
3631	1799	0	1799
3632	1759	0	1759
3633	1768	0	1768
3634	1794	0	1794
3635	1755	0	1755
3636	1741	0	1741
3637	1756	0	1756
3638	1754	0	1754
3639	1768	0	1768
3640	1775	0	1775
3641	1768	0	1768
3642	1759	0	1759
3643	1768	0	1768
3644	1783	0	1783
3645	1761	0	1761
3646	1760	0	1760
3647	1726	0	1726
3648	1739	0	1739
