index	original	background	difference
-----------------------------------------------------
1	3312	2270	1042
2	3051	2116	935
3	2949	2044	905
4	3014	2105	909
5	2982	2099	883
6	3144	2188	956
7	3165	2181	984
8	3161	2211	950
9	3125	2187	938
10	2976	2005	971
11	2895	1971	924
12	3013	2099	914
13	3138	2229	909
14	3153	2194	959
15	3028	2039	989
16	3061	2140	921
17	3073	2176	897
18	3091	2107	984
19	2865	1926	939
20	2962	2002	960
21	3168	2159	1009
22	3089	2077	1012
23	3043	2013	1030
24	3068	2131	937
25	3107	2168	939
26	3074	2058	1016
27	2892	1903	989
28	2926	1972	954
29	3027	2072	955
30	3096	2063	1033
31	3056	1997	1059
32	3074	2089	985
33	3074	2100	974
34	2973	2012	961
35	3118	2087	1031
36	3214	2155	1059
37	3167	2153	1014
38	3063	2068	995
39	2870	1954	916
40	2920	2025	895
41	3088	2114	974
42	2983	1998	985
43	2918	1945	973
44	3064	2051	1013
45	3234	2199	1035
46	3164	2142	1022
47	3043	2041	1002
48	2984	2047	937
49	3139	2151	988
50	3182	2186	996
51	3126	2143	983
52	3144	2127	1017
53	3305	2234	1071
54	3109	2052	1057
55	2841	1875	966
56	3076	2058	1018
57	3360	2280	1080
58	3093	2054	1039
59	2966	1922	1044
60	3198	2063	1135
61	3319	2243	1076
62	3159	2164	995
63	3041	2021	1020
64	3116	2109	1007
65	3217	2182	1035
66	3156	2090	1066
67	3121	1992	1129
68	3122	2051	1071
69	3081	2063	1018
70	3043	1976	1067
71	3105	2063	1042
72	3420	2306	1114
73	3247	2208	1039
74	3028	2047	981
75	2908	1906	1002
76	3067	2013	1054
77	3192	2144	1048
78	3114	2082	1032
79	3085	2072	1013
80	3190	2128	1062
81	3287	2190	1097
82	3072	2011	1061
83	3084	2009	1075
84	3216	2097	1119
85	3274	2181	1093
86	3081	2098	983
87	3032	2044	988
88	3176	2110	1066
89	3287	2187	1100
90	3187	2098	1089
91	3333	2177	1156
92	3434	2279	1155
93	3193	2130	1063
94	3062	2024	1038
95	3041	1960	1081
96	3216	2140	1076
97	3368	2264	1104
98	3253	2123	1130
99	3089	2050	1039
100	3087	2087	1000
101	3258	2148	1110
102	3313	2098	1215
103	3195	2061	1134
104	3379	2265	1114
105	3460	2350	1110
106	3348	2206	1142
107	3166	2063	1103
108	3211	2158	1053
109	3374	2221	1153
110	3202	2111	1091
111	3371	2180	1191
112	3423	2219	1204
113	3280	2120	1160
114	3264	2096	1168
115	3212	2086	1126
116	3203	2138	1065
117	3367	2219	1148
118	3134	2070	1064
119	3096	1995	1101
120	3222	2083	1139
121	3189	2129	1060
122	3104	2053	1051
123	3075	1936	1139
124	3134	2038	1096
125	3209	2099	1110
126	3241	2078	1163
127	3227	2113	1114
128	3524	2384	1140
129	3464	2322	1142
130	3250	2133	1117
131	3119	2017	1102
132	3346	2189	1157
133	3359	2193	1166
134	3171	1992	1179
135	3179	2010	1169
136	3375	2176	1199
137	3426	2223	1203
138	3258	2091	1167
139	3254	2096	1158
140	3239	2061	1178
141	3307	2109	1198
142	3341	2162	1179
143	3267	2085	1182
144	3366	2154	1212
145	3347	2139	1208
146	3378	2160	1218
147	3263	2084	1179
148	3217	2075	1142
149	3443	2253	1190
150	3466	2220	1246
151	3241	2036	1205
152	3448	2212	1236
153	3527	2287	1240
154	3555	2212	1343
155	3422	2156	1266
156	3471	2290	1181
157	3377	2200	1177
158	3212	2042	1170
159	3178	2020	1158
160	3422	2178	1244
161	3490	2231	1259
162	3292	2099	1193
163	3270	2099	1171
164	3548	2268	1280
165	3542	2255	1287
166	3407	2151	1256
167	3362	2068	1294
168	3451	2150	1301
169	3476	2214	1262
170	3342	2131	1211
171	3373	2107	1266
172	3474	2198	1276
173	3486	2230	1256
174	3309	2057	1252
175	3367	2050	1317
176	3324	2112	1212
177	3347	2157	1190
178	3295	2075	1220
179	3386	2075	1311
180	3597	2265	1332
181	3622	2267	1355
182	3538	2185	1353
183	3234	1994	1240
184	3319	2102	1217
185	3494	2187	1307
186	3402	2071	1331
187	3284	1982	1302
188	3355	2081	1274
189	3519	2226	1293
190	3519	2222	1297
191	3473	2135	1338
192	3674	2245	1429
193	3582	2227	1355
194	3377	2107	1270
195	3356	2043	1313
196	3503	2188	1315
197	3533	2218	1315
198	3374	2093	1281
199	3568	2185	1383
200	3586	2236	1350
201	3510	2226	1284
202	3518	2182	1336
203	3419	2061	1358
204	3648	2264	1384
205	3597	2271	1326
206	3396	2110	1286
207	3362	2013	1349
208	3401	2062	1339
209	3616	2238	1378
210	3570	2182	1388
211	3387	2050	1337
212	3724	2293	1431
213	3682	2250	1432
214	3493	2096	1397
215	3334	2020	1314
216	3586	2237	1349
217	3637	2308	1329
218	3397	2053	1344
219	3503	2074	1429
220	3698	2330	1368
221	3678	2292	1386
222	3534	2151	1383
223	3469	2054	1415
224	3519	2148	1371
225	3840	2358	1482
226	3560	2141	1419
227	3525	2116	1409
228	3704	2261	1443
229	3775	2321	1454
230	3560	2141	1419
231	3409	2045	1364
232	3606	2205	1401
233	3893	2417	1476
234	3739	2271	1468
235	3503	2104	1399
236	3529	2137	1392
237	3649	2231	1418
238	3557	2143	1414
239	3520	2079	1441
240	3675	2193	1482
241	3917	2361	1556
242	3732	2238	1494
243	3764	2216	1548
244	3693	2226	1467
245	3569	2205	1364
246	3550	2139	1411
247	3531	2074	1457
248	3727	2233	1494
249	3863	2339	1524
250	3690	2195	1495
251	3461	2024	1437
252	3745	2227	1518
253	3746	2252	1494
254	3753	2209	1544
255	3755	2151	1604
256	3746	2214	1532
257	3751	2219	1532
258	3563	2049	1514
259	3475	2031	1444
260	3603	2137	1466
261	3681	2199	1482
262	3826	2243	1583
263	3686	2116	1570
264	3782	2250	1532
265	3726	2173	1553
266	3652	2120	1532
267	3641	2068	1573
268	3869	2285	1584
269	3895	2313	1582
270	3856	2231	1625
271	3893	2311	1582
272	3810	2253	1557
273	3708	2161	1547
274	3679	2123	1556
275	3810	2153	1657
276	3811	2200	1611
277	3728	2155	1573
278	3653	2098	1555
279	3600	2059	1541
280	3680	2124	1556
281	3715	2166	1549
282	3703	2114	1589
283	3694	2120	1574
284	3873	2281	1592
285	3988	2306	1682
286	3742	2075	1667
287	3599	1993	1606
288	3868	2218	1650
289	4014	2354	1660
290	3911	2285	1626
291	3640	2106	1534
292	3714	2144	1570
293	3873	2245	1628
294	3707	2115	1592
295	3727	2044	1683
296	3825	2161	1664
297	3803	2174	1629
298	3805	2122	1683
299	3732	2064	1668
300	3768	2160	1608
301	3813	2216	1597
302	3706	2076	1630
303	3718	2073	1645
304	3870	2175	1695
305	3912	2206	1706
306	3800	2183	1617
307	3737	2109	1628
308	3788	2141	1647
309	4101	2356	1745
310	3839	2144	1695
311	3641	1992	1649
312	3838	2106	1732
313	3972	2237	1735
314	4010	2280	1730
315	3946	2195	1751
316	3872	2240	1632
317	3833	2184	1649
318	3857	2118	1739
319	3855	2118	1737
320	3898	2189	1709
321	4012	2236	1776
322	4055	2205	1850
323	3881	2113	1768
324	3848	2157	1691
325	3948	2204	1744
326	3821	2084	1737
327	3722	2043	1679
328	4002	2243	1759
329	4096	2318	1778
330	3859	2181	1678
331	3721	2031	1690
332	4036	2238	1798
333	4681	2790	1891
334	4184	2433	1751
335	3906	2197	1709
336	4108	2356	1752
337	4019	2323	1696
338	3854	2147	1707
339	3885	2142	1743
340	3966	2240	1726
341	4086	2279	1807
342	4093	2257	1836
343	3950	2169	1781
344	3911	2154	1757
345	4052	2262	1790
346	4136	2242	1894
347	3868	2060	1808
348	3868	2138	1730
349	3918	2195	1723
350	3917	2161	1756
351	3996	2173	1823
352	4230	2417	1813
353	4094	2332	1762
354	3894	2099	1795
355	3990	2095	1895
356	4102	2210	1892
357	4073	2248	1825
358	4019	2193	1826
359	3836	2052	1784
360	3904	2136	1768
361	3964	2230	1734
362	3977	2241	1736
363	3983	2138	1845
364	3935	2126	1809
365	3946	2155	1791
366	3821	2074	1747
367	3729	1984	1745
368	4041	2229	1812
369	4223	2346	1877
370	4097	2246	1851
371	3952	2164	1788
372	4097	2261	1836
373	4071	2278	1793
374	3940	2154	1786
375	4022	2184	1838
376	4056	2259	1797
377	4112	2302	1810
378	4101	2250	1851
379	3957	2097	1860
380	4121	2273	1848
381	4097	2282	1815
382	4072	2205	1867
383	3969	2076	1893
384	4165	2244	1921
385	4169	2311	1858
386	4029	2190	1839
387	4037	2158	1879
388	4171	2340	1831
389	4234	2421	1813
390	4065	2228	1837
391	3943	2169	1774
392	4125	2281	1844
393	4048	2201	1847
394	3985	2274	1711
395	3932	2171	1761
396	3991	2155	1836
397	4041	2205	1836
398	4035	2158	1877
399	3939	2077	1862
400	4166	2225	1941
401	4113	2282	1831
402	3937	2141	1796
403	4017	2110	1907
404	4323	2337	1986
405	4225	2301	1924
406	4336	2399	1937
407	4064	2211	1853
408	4172	2285	1887
409	4099	2216	1883
410	3894	2073	1821
411	3957	2121	1836
412	4069	2209	1860
413	4094	2246	1848
414	4112	2190	1922
415	4048	2111	1937
416	4156	2255	1901
417	4119	2255	1864
418	3957	2093	1864
419	3849	2011	1838
420	4035	2126	1909
421	4041	2151	1890
422	3917	2083	1834
423	4262	2287	1975
424	4292	2313	1979
425	4211	2305	1906
426	3952	2060	1892
427	3880	1955	1925
428	4097	2199	1898
429	4449	2506	1943
430	4193	2261	1932
431	4031	2116	1915
432	4216	2306	1910
433	4370	2413	1957
434	4095	2174	1921
435	3882	2011	1871
436	4186	2298	1888
437	4208	2382	1826
438	3938	2126	1812
439	3890	2036	1854
440	4177	2277	1900
441	4196	2283	1913
442	3892	2021	1871
443	3969	2041	1928
444	4199	2240	1959
445	4323	2400	1923
446	4153	2214	1939
447	3990	2083	1907
448	4281	2331	1950
449	4399	2441	1958
450	4279	2258	2021
451	4045	2040	2005
452	4142	2208	1934
453	4259	2325	1934
454	4115	2178	1937
455	3974	2077	1897
456	4114	2235	1879
457	4329	2393	1936
458	4120	2170	1950
459	4101	2079	2022
460	4335	2340	1995
461	4302	2392	1910
462	4150	2230	1920
463	3886	1990	1896
464	4084	2155	1929
465	4222	2304	1918
466	4032	2071	1961
467	3966	1980	1986
468	4241	2246	1995
469	4435	2450	1985
470	4345	2344	2001
471	4020	2082	1938
472	4143	2211	1932
473	4358	2408	1950
474	4201	2226	1975
475	3932	1984	1948
476	4118	2156	1962
477	4314	2335	1979
478	4225	2212	2013
479	3874	2002	1872
480	4144	2247	1897
481	4370	2410	1960
482	4347	2347	2000
483	4144	2140	2004
484	4313	2247	2066
485	4339	2300	2039
486	4107	2144	1963
487	3888	1942	1946
488	4178	2208	1970
489	4290	2347	1943
490	4045	2082	1963
491	3904	1955	1949
492	4217	2259	1958
493	4361	2397	1964
494	4111	2161	1950
495	4150	2135	2015
496	4341	2339	2002
497	4374	2313	2061
498	4081	2131	1950
499	3865	1967	1898
500	4221	2202	2019
501	4413	2386	2027
502	4093	2139	1954
503	4055	2037	2018
504	4291	2264	2027
505	4328	2324	2004
506	4288	2251	2037
507	4101	2113	1988
508	4393	2380	2013
509	4508	2516	1992
510	4276	2279	1997
511	4064	2036	2028
512	4294	2281	2013
513	4424	2406	2018
514	4276	2275	2001
515	4278	2237	2041
516	4392	2312	2080
517	4349	2282	2067
518	4182	2160	2022
519	4237	2159	2078
520	4449	2387	2062
521	4351	2383	1968
522	4214	2237	1977
523	4226	2199	2027
524	4257	2307	1950
525	4435	2456	1979
526	4277	2197	2080
527	4049	1973	2076
528	4328	2235	2093
529	4429	2369	2060
530	4183	2143	2040
531	3997	1942	2055
532	4188	2162	2026
533	4327	2313	2014
534	4209	2173	2036
535	4869	2828	2041
536	4735	2717	2018
537	4429	2375	2054
538	4189	2168	2021
539	4104	2028	2076
540	4208	2178	2030
541	4395	2370	2025
542	4166	2162	2004
543	3967	1950	2017
544	4241	2234	2007
545	4436	2429	2007
546	4149	2188	1961
547	4003	2073	1930
548	4287	2312	1975
549	4669	2563	2106
550	4306	2222	2084
551	4011	2000	2011
552	4618	2520	2098
553	4616	2522	2094
554	4326	2302	2024
555	4116	2104	2012
556	4249	2268	1981
557	4306	2289	2017
558	4072	2069	2003
559	4044	2025	2019
560	4224	2214	2010
561	4563	2544	2019
562	4244	2238	2006
563	3981	1980	2001
564	4289	2236	2053
565	4436	2398	2038
566	4234	2184	2050
567	4049	2073	1976
568	4261	2285	1976
569	4397	2371	2026
570	4126	2136	1990
571	3978	1980	1998
572	4239	2241	1998
573	4321	2338	1983
574	4127	2131	1996
575	4002	1973	2029
576	4338	2202	2136
577	4372	2354	2018
578	4214	2198	2016
579	4147	2127	2020
580	4401	2321	2080
581	4432	2396	2036
582	4050	2157	1893
583	3956	1947	2009
584	4203	2172	2031
585	4253	2245	2008
586	4236	2208	2028
587	4079	2082	1997
588	4333	2260	2073
589	4472	2363	2109
590	4306	2189	2117
591	4008	2024	1984
592	4097	2151	1946
593	4308	2296	2012
594	4068	2036	2032
595	3999	1940	2059
596	4173	2161	2012
597	4435	2336	2099
598	4418	2267	2151
599	4119	2058	2061
600	4253	2229	2024
601	4356	2317	2039
602	4201	2196	2005
603	4108	2083	2025
604	4265	2193	2072
605	4290	2260	2030
606	4145	2101	2044
607	4088	1994	2094
608	4344	2273	2071
609	4359	2294	2065
610	4225	2141	2084
611	4152	2079	2073
612	4298	2242	2056
613	4373	2313	2060
614	4313	2229	2084
615	4128	2064	2064
616	4299	2240	2059
617	4463	2361	2102
618	4209	2113	2096
619	4044	2028	2016
620	4546	2443	2103
621	4515	2439	2076
622	4212	2189	2023
623	4115	2065	2050
624	4254	2217	2037
625	4379	2315	2064
626	4279	2175	2104
627	4146	2054	2092
628	4417	2311	2106
629	4456	2363	2093
630	4244	2176	2068
631	4073	2014	2059
632	4378	2250	2128
633	4584	2414	2170
634	4536	2380	2156
635	4246	2148	2098
636	4501	2372	2129
637	4534	2359	2175
638	4326	2174	2152
639	4173	2036	2137
640	4318	2214	2104
641	4417	2264	2153
642	4206	2039	2167
643	4181	2004	2177
644	4324	2186	2138
645	4542	2322	2220
646	4631	2373	2258
647	4459	2205	2254
648	4555	2321	2234
649	4582	2368	2214
650	4246	2042	2204
651	4159	1938	2221
652	4505	2300	2205
653	4627	2407	2220
654	4394	2197	2197
655	4200	2037	2163
656	4410	2181	2229
657	4520	2287	2233
658	4403	2169	2234
659	4171	1977	2194
660	4320	2136	2184
661	4582	2392	2190
662	4429	2214	2215
663	4134	1978	2156
664	4242	2122	2120
665	4423	2256	2167
666	4116	2066	2050
667	4108	2019	2089
668	4427	2229	2198
669	4500	2270	2230
670	4368	2097	2271
671	4236	1977	2259
672	4473	2234	2239
673	4648	2385	2263
674	4505	2258	2247
675	4382	2093	2289
676	4527	2204	2323
677	4534	2270	2264
678	4385	2115	2270
679	4394	2087	2307
680	4557	2237	2320
681	4482	2239	2243
682	4434	2148	2286
683	4281	1994	2287
684	4604	2302	2302
685	4773	2456	2317
686	4481	2169	2312
687	4363	2069	2294
688	4451	2219	2232
689	4606	2317	2289
690	4539	2189	2350
691	4390	2089	2301
692	4570	2251	2319
693	4747	2386	2361
694	4465	2103	2362
695	4355	2007	2348
696	4595	2159	2436
697	4640	2215	2425
698	4471	2130	2341
699	4401	2041	2360
700	4960	2502	2458
701	4888	2479	2409
702	4508	2170	2338
703	4397	2041	2356
704	4773	2369	2404
705	4805	2435	2370
706	4655	2281	2374
707	4394	2064	2330
708	4534	2237	2297
709	4732	2378	2354
710	4465	2112	2353
711	4413	1996	2417
712	4763	2353	2410
713	4876	2488	2388
714	4469	2108	2361
715	4417	2022	2395
716	4751	2301	2450
717	4819	2382	2437
718	4688	2246	2442
719	4551	2076	2475
720	4593	2193	2400
721	4703	2297	2406
722	4748	2288	2460
723	4566	2101	2465
724	4750	2248	2502
725	4922	2430	2492
726	4706	2209	2497
727	4559	2034	2525
728	4709	2197	2512
729	4759	2290	2469
730	4602	2152	2450
731	4464	2002	2462
732	4974	2428	2546
733	5046	2472	2574
734	4823	2216	2607
735	4658	2097	2561
736	4892	2303	2589
737	4909	2366	2543
738	4790	2232	2558
739	4617	2096	2521
740	5002	2402	2600
741	5073	2465	2608
742	4722	2136	2586
743	4622	2003	2619
744	4899	2263	2636
745	4944	2346	2598
746	4869	2237	2632
747	4689	2053	2636
748	4879	2230	2649
749	5012	2330	2682
750	4804	2158	2646
751	4681	2079	2602
752	4892	2301	2591
753	4963	2350	2613
754	4743	2113	2630
755	4575	1929	2646
756	4921	2268	2653
757	5125	2462	2663
758	4860	2261	2599
759	4688	2077	2611
760	4970	2230	2740
761	5147	2365	2782
762	4883	2155	2728
763	4810	2057	2753
764	5010	2251	2759
765	5104	2310	2794
766	4943	2110	2833
767	4903	2012	2891
768	5243	2357	2886
769	5306	2476	2830
770	4945	2157	2788
771	4909	2061	2848
772	5070	2235	2835
773	5198	2364	2834
774	4977	2176	2801
775	4822	2017	2805
776	5533	2673	2860
777	5536	2648	2888
778	5071	2183	2888
779	5030	2088	2942
780	5241	2334	2907
781	5452	2479	2973
782	5277	2263	3014
783	5047	2054	2993
784	5086	2209	2877
785	5067	2264	2803
786	5251	2237	3014
787	5238	2095	3143
788	5339	2268	3071
789	5314	2311	3003
790	5084	2060	3024
791	5001	1961	3040
792	5380	2306	3074
793	5698	2531	3167
794	5357	2215	3142
795	5077	1987	3090
796	5318	2278	3040
797	5379	2364	3015
798	5190	2086	3104
799	5354	2136	3218
800	5526	2349	3177
801	5471	2380	3091
802	5269	2158	3111
803	5100	2017	3083
804	5399	2271	3128
805	5536	2389	3147
806	5351	2143	3208
807	5217	2025	3192
808	5555	2376	3179
809	5685	2443	3242
810	5472	2247	3225
811	5488	2228	3260
812	5709	2383	3326
813	5764	2444	3320
814	5635	2350	3285
815	5428	2158	3270
816	5756	2439	3317
817	5690	2442	3248
818	5531	2182	3349
819	5526	2140	3386
820	5641	2294	3347
821	5677	2343	3334
822	5856	2424	3432
823	5693	2264	3429
824	5644	2291	3353
825	5738	2317	3421
826	5568	2179	3389
827	5520	2162	3358
828	5740	2371	3369
829	5995	2492	3503
830	5624	2187	3437
831	5481	2055	3426
832	5702	2231	3471
833	5744	2336	3408
834	5567	2182	3385
835	5577	2062	3515
836	5944	2396	3548
837	6068	2479	3589
838	5703	2170	3533
839	5531	2047	3484
840	5816	2303	3513
841	5929	2346	3583
842	5661	2140	3521
843	5469	1993	3476
844	5834	2269	3565
845	6124	2529	3595
846	5864	2288	3576
847	5749	2114	3635
848	6005	2279	3726
849	6069	2333	3736
850	5929	2247	3682
851	5911	2189	3722
852	6022	2294	3728
853	6130	2402	3728
854	5997	2237	3760
855	5871	2063	3808
856	6052	2313	3739
857	6084	2366	3718
858	5920	2193	3727
859	5802	2015	3787
860	6001	2241	3760
861	6171	2361	3810
862	5997	2174	3823
863	5841	2015	3826
864	5936	2192	3744
865	6184	2400	3784
866	6096	2254	3842
867	5910	2048	3862
868	6071	2213	3858
869	6356	2423	3933
870	6163	2277	3886
871	5932	2055	3877
872	6164	2203	3961
873	6352	2304	4048
874	6184	2158	4026
875	6018	2098	3920
876	6249	2276	3973
877	6385	2378	4007
878	6181	2197	3984
879	6008	2065	3943
880	6187	2272	3915
881	6362	2375	3987
882	6253	2259	3994
883	6072	2057	4015
884	6296	2274	4022
885	6389	2417	3972
886	6171	2185	3986
887	6159	2050	4109
888	6299	2152	4147
889	6434	2246	4188
890	6591	2316	4275
891	6346	2163	4183
892	6466	2285	4181
893	6679	2383	4296
894	6500	2217	4283
895	6326	2105	4221
896	6564	2267	4297
897	6723	2295	4428
898	6654	2244	4410
899	6377	2086	4291
900	6557	2261	4296
901	6611	2308	4303
902	6549	2185	4364
903	6563	2126	4437
904	6844	2394	4450
905	6736	2359	4377
906	6514	2196	4318
907	6348	2045	4303
908	6653	2319	4334
909	6863	2477	4386
910	6563	2189	4374
911	6396	1983	4413
912	6643	2174	4469
913	6754	2309	4445
914	6616	2166	4450
915	6417	2006	4411
916	6675	2232	4443
917	6905	2399	4506
918	6735	2176	4559
919	6656	2078	4578
920	6779	2253	4526
921	6861	2339	4522
922	6677	2146	4531
923	6565	1959	4606
924	6613	2106	4507
925	6867	2306	4561
926	6728	2138	4590
927	6573	2014	4559
928	6877	2251	4626
929	7077	2423	4654
930	6768	2203	4565
931	6630	2053	4577
932	6902	2252	4650
933	7181	2448	4733
934	6867	2220	4647
935	6649	1982	4667
936	6897	2177	4720
937	6989	2313	4676
938	6765	2104	4661
939	7124	2395	4729
940	7303	2479	4824
941	7482	2596	4886
942	7011	2206	4805
943	6767	1908	4859
944	7046	2213	4833
945	7234	2408	4826
946	6971	2194	4777
947	6982	2101	4881
948	7110	2264	4846
949	7165	2379	4786
950	7231	2338	4893
951	7044	2207	4837
952	7070	2303	4767
953	7140	2359	4781
954	7038	2210	4828
955	6962	2140	4822
956	7180	2335	4845
957	7595	2619	4976
958	7134	2238	4896
959	6953	2082	4871
960	7149	2326	4823
961	7281	2406	4875
962	7217	2281	4936
963	7321	2307	5014
964	7648	2615	5033
965	7405	2444	4961
966	6933	2087	4846
967	6918	2036	4882
968	7357	2373	4984
969	7346	2373	4973
970	7020	2167	4853
971	6925	2085	4840
972	7040	2162	4878
973	7230	2327	4903
974	7210	2229	4981
975	7009	2064	4945
976	7266	2278	4988
977	7330	2298	5032
978	7013	2115	4898
979	7091	2122	4969
980	7369	2330	5039
981	7488	2385	5103
982	7262	2166	5096
983	7233	2082	5151
984	7458	2324	5134
985	7533	2351	5182
986	7430	2240	5190
987	7212	2102	5110
988	7338	2282	5056
989	7374	2368	5006
990	7132	2125	5007
991	7009	2029	4980
992	7329	2332	4997
993	7490	2435	5055
994	7278	2174	5104
995	7144	2026	5118
996	7344	2292	5052
997	7471	2364	5107
998	7293	2148	5145
999	7217	2148	5069
1000	7333	2266	5067
1001	7361	2289	5072
1002	7235	2129	5106
1003	7109	2008	5101
1004	7400	2309	5091
1005	7530	2390	5140
1006	7232	2123	5109
1007	7097	2027	5070
1008	7345	2274	5071
1009	7504	2405	5099
1010	7633	2462	5171
1011	7380	2244	5136
1012	7192	2226	4966
1013	7615	2543	5072
1014	7294	2250	5044
1015	7074	2041	5033
1016	7323	2255	5068
1017	7447	2340	5107
1018	7349	2206	5143
1019	7123	2031	5092
1020	7411	2273	5138
1021	7581	2397	5184
1022	7563	2303	5260
1023	7551	2200	5351
1024	7522	2305	5217
1025	7485	2331	5154
1026	7364	2126	5238
1027	7244	2052	5192
1028	7608	2383	5225
1029	7554	2395	5159
1030	7510	2251	5259
1031	7466	2148	5318
1032	7519	2265	5254
1033	7579	2331	5248
1034	7503	2236	5267
1035	7422	2107	5315
1036	7570	2216	5354
1037	7807	2421	5386
1038	7662	2357	5305
1039	7504	2218	5286
1040	7558	2339	5219
1041	7694	2440	5254
1042	7543	2241	5302
1043	7292	2065	5227
1044	7233	2094	5139
1045	7644	2420	5224
1046	7463	2280	5183
1047	7224	2060	5164
1048	7526	2320	5206
1049	7647	2457	5190
1050	7474	2253	5221
1051	7282	2133	5149
1052	7618	2474	5144
1053	7715	2467	5248
1054	8012	2739	5273
1055	7507	2347	5160
1056	7381	2236	5145
1057	7565	2416	5149
1058	7403	2248	5155
1059	7208	2045	5163
1060	7411	2287	5124
1061	7499	2397	5102
1062	7188	2158	5030
1063	7098	2132	4966
1064	7210	2267	4943
1065	7243	2370	4873
1066	7172	2211	4961
1067	7024	2044	4980
1068	7385	2345	5040
1069	7391	2386	5005
1070	7312	2248	5064
1071	7324	2140	5184
1072	7385	2192	5193
1073	7659	2384	5275
1074	7577	2263	5314
1075	7316	2022	5294
1076	7623	2334	5289
1077	7618	2415	5203
1078	7391	2186	5205
1079	7418	2158	5260
1080	7750	2417	5333
1081	7659	2383	5276
1082	7557	2225	5332
1083	7410	2064	5346
1084	7454	2238	5216
1085	7475	2251	5224
1086	7399	2166	5233
1087	7301	2074	5227
1088	7525	2271	5254
1089	7624	2372	5252
1090	7531	2176	5355
1091	7608	2166	5442
1092	7752	2376	5376
1093	7677	2412	5265
1094	7512	2178	5334
1095	7272	2024	5248
1096	7412	2213	5199
1097	7577	2393	5184
1098	7333	2238	5095
1099	7120	2034	5086
1100	7256	2121	5135
1101	7629	2381	5248
1102	7440	2219	5221
1103	7251	2093	5158
1104	7560	2275	5285
1105	7523	2306	5217
1106	7328	2126	5202
1107	7284	2045	5239
1108	7420	2218	5202
1109	7523	2274	5249
1110	7376	2117	5259
1111	7515	2210	5305
1112	7673	2375	5298
1113	7728	2419	5309
1114	7545	2188	5357
1115	7286	2008	5278
1116	7243	2148	5095
1117	7509	2279	5230
1118	7529	2255	5274
1119	7363	2114	5249
1120	7535	2211	5324
1121	7694	2272	5422
1122	7600	2241	5359
1123	7539	2161	5378
1124	7869	2421	5448
1125	7902	2422	5480
1126	7545	2134	5411
1127	7368	2017	5351
1128	7581	2213	5368
1129	7691	2265	5426
1130	7620	2083	5537
1131	7530	2030	5500
1132	7725	2202	5523
1133	7916	2350	5566
1134	7691	2147	5544
1135	7417	2014	5403
1136	7826	2348	5478
1137	7926	2436	5490
1138	7696	2194	5502
1139	7590	2072	5518
1140	7750	2286	5464
1141	7821	2313	5508
1142	7751	2208	5543
1143	7819	2236	5583
1144	7932	2341	5591
1145	7825	2322	5503
1146	7795	2219	5576
1147	7710	2066	5644
1148	7826	2198	5628
1149	7900	2295	5605
1150	7653	2112	5541
1151	7825	2229	5596
1152	7947	2258	5689
1153	7985	2297	5688
1154	7853	2198	5655
1155	7726	2114	5612
1156	7999	2273	5726
1157	8359	2557	5802
1158	7961	2252	5709
1159	7706	2035	5671
1160	8060	2354	5706
1161	8066	2420	5646
1162	7934	2175	5759
1163	7945	2094	5851
1164	8062	2237	5825
1165	8171	2392	5779
1166	8041	2229	5812
1167	7995	2091	5904
1168	8373	2368	6005
1169	8325	2397	5928
1170	7976	2122	5854
1171	8244	2291	5953
1172	8413	2526	5887
1173	8309	2493	5816
1174	8047	2218	5829
1175	7803	2044	5759
1176	8124	2264	5860
1177	8366	2330	6036
1178	8245	2166	6079
1179	7996	1969	6027
1180	8180	2129	6051
1181	8300	2350	5950
1182	8157	2175	5982
1183	7992	2031	5961
1184	8238	2261	5977
1185	8331	2301	6030
1186	8262	2165	6097
1187	8091	2025	6066
1188	8211	2117	6094
1189	8440	2300	6140
1190	8376	2216	6160
1191	8272	2052	6220
1192	8492	2265	6227
1193	8495	2345	6150
1194	8120	2102	6018
1195	8153	1992	6161
1196	8377	2174	6203
1197	8501	2347	6154
1198	8388	2164	6224
1199	8399	2134	6265
1200	8723	2452	6271
1201	8839	2518	6321
1202	8439	2153	6286
1203	8276	2086	6190
1204	8674	2336	6338
1205	8962	2526	6436
1206	8698	2241	6457
1207	8449	2053	6396
1208	8431	2160	6271
1209	8562	2290	6272
1210	8486	2208	6278
1211	8483	2122	6361
1212	8627	2253	6374
1213	8778	2360	6418
1214	8583	2188	6395
1215	8424	2069	6355
1216	8468	2219	6249
1217	8724	2355	6369
1218	8618	2218	6400
1219	8561	2091	6470
1220	8812	2283	6529
1221	8949	2369	6580
1222	8726	2212	6514
1223	8563	2069	6494
1224	8777	2226	6551
1225	8839	2297	6542
1226	8674	2102	6572
1227	8596	1948	6648
1228	9038	2346	6692
1229	9051	2439	6612
1230	8875	2197	6678
1231	8703	2083	6620
1232	8911	2292	6619
1233	9048	2317	6731
1234	8940	2155	6785
1235	8830	2086	6744
1236	9058	2326	6732
1237	9144	2387	6757
1238	8929	2157	6772
1239	8798	1943	6855
1240	9103	2227	6876
1241	9300	2458	6842
1242	9023	2173	6850
1243	8939	2019	6920
1244	9193	2252	6941
1245	9393	2406	6987
1246	9225	2162	7063
1247	9177	2099	7078
1248	9366	2310	7056
1249	9339	2346	6993
1250	9129	2137	6992
1251	9162	2105	7057
1252	9217	2246	6971
1253	9360	2259	7101
1254	9327	2157	7170
1255	9220	2107	7113
1256	9493	2345	7148
1257	9537	2346	7191
1258	9265	2107	7158
1259	9117	2002	7115
1260	9371	2209	7162
1261	9554	2279	7275
1262	9709	2356	7353
1263	9395	2140	7255
1264	9520	2270	7250
1265	9673	2306	7367
1266	9476	2172	7304
1267	9424	2077	7347
1268	9582	2265	7317
1269	9710	2360	7350
1270	9477	2090	7387
1271	9533	2018	7515
1272	10382	2800	7582
1273	10194	2613	7581
1274	9753	2199	7554
1275	9503	2020	7483
1276	9718	2170	7548
1277	10021	2318	7703
1278	9869	2147	7722
1279	9755	2074	7681
1280	10064	2336	7728
1281	10114	2322	7792
1282	9962	2231	7731
1283	9806	2074	7732
1284	10014	2231	7783
1285	10109	2338	7771
1286	9899	2148	7751
1287	9890	2081	7809
1288	10167	2294	7873
1289	10208	2413	7795
1290	10029	2223	7806
1291	9952	2090	7862
1292	10303	2336	7967
1293	10351	2376	7975
1294	10058	2080	7978
1295	9940	1955	7985
1296	10666	2609	8057
1297	10764	2672	8092
1298	10294	2230	8064
1299	10377	2150	8227
1300	10525	2297	8228
1301	10712	2380	8332
1302	10423	2168	8255
1303	10272	2037	8235
1304	10567	2322	8245
1305	10777	2461	8316
1306	10540	2209	8331
1307	10484	2127	8357
1308	10709	2318	8391
1309	10932	2473	8459
1310	10658	2231	8427
1311	10640	2073	8567
1312	10912	2328	8584
1313	10897	2314	8583
1314	10813	2227	8586
1315	10815	2166	8649
1316	11059	2337	8722
1317	11103	2354	8749
1318	10941	2142	8799
1319	10716	2012	8704
1320	11010	2251	8759
1321	11343	2486	8857
1322	11094	2199	8895
1323	10807	1991	8816
1324	11072	2188	8884
1325	11207	2234	8973
1326	11085	2101	8984
1327	11000	1996	9004
1328	11197	2259	8938
1329	11452	2421	9031
1330	11349	2224	9125
1331	11061	2001	9060
1332	11178	2165	9013
1333	11417	2371	9046
1334	11302	2163	9139
1335	11228	2014	9214
1336	11509	2263	9246
1337	11555	2353	9202
1338	11354	2162	9192
1339	11210	2013	9197
1340	11538	2250	9288
1341	11754	2383	9371
1342	11332	2153	9179
1343	11213	2021	9192
1344	11490	2208	9282
1345	11678	2338	9340
1346	11736	2301	9435
1347	11544	2147	9397
1348	11616	2204	9412
1349	11646	2270	9376
1350	11450	2116	9334
1351	11445	1973	9472
1352	12048	2397	9651
1353	11998	2408	9590
1354	11638	2075	9563
1355	11668	2037	9631
1356	11886	2233	9653
1357	11948	2295	9653
1358	11919	2268	9651
1359	11901	2216	9685
1360	11833	2270	9563
1361	11885	2333	9552
1362	11890	2169	9721
1363	11755	2027	9728
1364	11980	2304	9676
1365	12160	2417	9743
1366	12017	2244	9773
1367	11883	2075	9808
1368	12176	2308	9868
1369	12265	2392	9873
1370	12068	2208	9860
1371	11843	2066	9777
1372	12078	2287	9791
1373	12369	2466	9903
1374	12140	2257	9883
1375	11916	2075	9841
1376	12037	2257	9780
1377	12133	2282	9851
1378	12124	2197	9927
1379	11998	2113	9885
1380	12135	2228	9907
1381	12253	2299	9954
1382	12041	2154	9887
1383	11925	2024	9901
1384	12124	2215	9909
1385	12366	2341	10025
1386	12200	2127	10073
1387	12027	2015	10012
1388	12587	2460	10127
1389	12643	2541	10102
1390	12304	2249	10055
1391	12158	2153	10005
1392	12333	2308	10025
1393	12533	2376	10157
1394	12233	2120	10113
1395	11964	1952	10012
1396	12216	2215	10001
1397	12385	2396	9989
1398	12224	2165	10059
1399	12325	2139	10186
1400	12463	2307	10156
1401	12450	2360	10090
1402	12270	2148	10122
1403	12370	2110	10260
1404	12516	2250	10266
1405	12629	2318	10311
1406	12368	2107	10261
1407	12308	2024	10284
1408	12395	2128	10267
1409	12604	2305	10299
1410	12565	2198	10367
1411	12401	2039	10362
1412	12458	2176	10282
1413	12561	2341	10220
1414	12564	2225	10339
1415	12543	2150	10393
1416	12636	2295	10341
1417	12736	2349	10387
1418	12758	2293	10465
1419	12635	2164	10471
1420	12749	2233	10516
1421	12972	2367	10605
1422	12740	2148	10592
1423	12669	2065	10604
1424	13032	2403	10629
1425	13044	2454	10590
1426	12738	2129	10609
1427	12609	1983	10626
1428	12972	2319	10653
1429	13070	2344	10726
1430	12812	2108	10704
1431	12737	2034	10703
1432	12921	2249	10672
1433	12991	2392	10599
1434	12853	2180	10673
1435	12805	2084	10721
1436	13097	2443	10654
1437	13206	2512	10694
1438	12881	2223	10658
1439	12876	2140	10736
1440	13160	2446	10714
1441	13034	2397	10637
1442	12817	2109	10708
1443	12630	2021	10609
1444	12991	2329	10662
1445	13075	2358	10717
1446	12720	2080	10640
1447	12614	1978	10636
1448	12814	2217	10597
1449	12837	2286	10551
1450	12850	2206	10644
1451	12661	2063	10598
1452	12798	2201	10597
1453	12905	2214	10691
1454	12611	2004	10607
1455	12470	1985	10485
1456	12813	2296	10517
1457	12813	2331	10482
1458	12606	2121	10485
1459	12392	1959	10433
1460	12627	2261	10366
1461	12706	2397	10309
1462	12398	2118	10280
1463	12422	2110	10312
1464	12537	2232	10305
1465	12657	2280	10377
1466	12683	2298	10385
1467	12393	2135	10258
1468	12561	2327	10234
1469	12767	2436	10331
1470	12461	2195	10266
1471	12338	2025	10313
1472	12575	2253	10322
1473	12667	2302	10365
1474	12559	2161	10398
1475	12387	2042	10345
1476	12635	2298	10337
1477	12848	2417	10431
1478	12578	2154	10424
1479	12345	2062	10283
1480	12501	2214	10287
1481	12587	2285	10302
1482	12519	2200	10319
1483	12509	2154	10355
1484	12671	2336	10335
1485	12836	2445	10391
1486	12769	2338	10431
1487	12459	2159	10300
1488	12547	2245	10302
1489	12611	2284	10327
1490	12383	2101	10282
1491	12679	2242	10437
1492	12828	2353	10475
1493	12685	2291	10394
1494	12399	2064	10335
1495	12319	2018	10301
1496	12646	2318	10328
1497	12682	2305	10377
1498	12446	2103	10343
1499	12270	1994	10276
1500	12445	2222	10223
1501	12586	2355	10231
1502	12357	2151	10206
1503	12269	2062	10207
1504	12514	2304	10210
1505	12669	2456	10213
1506	12367	2200	10167
1507	12146	2012	10134
1508	12239	2105	10134
1509	12616	2439	10177
1510	12343	2179	10164
1511	12135	1972	10163
1512	12271	2251	10020
1513	12502	2405	10097
1514	12406	2301	10105
1515	12111	2114	9997
1516	12451	2322	10129
1517	12510	2394	10116
1518	12232	2252	9980
1519	12004	2053	9951
1520	12224	2274	9950
1521	12478	2465	10013
1522	12367	2315	10052
1523	12028	2068	9960
1524	12005	2134	9871
1525	12102	2270	9832
1526	12034	2206	9828
1527	11922	2044	9878
1528	12003	2166	9837
1529	12106	2247	9859
1530	11983	2107	9876
1531	11947	2136	9811
1532	12114	2296	9818
1533	12144	2306	9838
1534	12058	2175	9883
1535	12068	2154	9914
1536	12071	2210	9861
1537	12116	2299	9817
1538	12158	2300	9858
1539	11952	2184	9768
1540	12220	2368	9852
1541	12181	2379	9802
1542	12086	2361	9725
1543	12118	2322	9796
1544	12070	2292	9778
1545	11940	2247	9693
1546	11738	2061	9677
1547	11718	2033	9685
1548	11889	2243	9646
1549	11982	2313	9669
1550	11819	2150	9669
1551	11648	1977	9671
1552	11954	2319	9635
1553	12032	2463	9569
1554	11683	2154	9529
1555	11473	2036	9437
1556	11670	2200	9470
1557	11922	2400	9522
1558	11504	2116	9388
1559	11438	2015	9423
1560	11696	2189	9507
1561	11860	2367	9493
1562	11646	2203	9443
1563	11573	2081	9492
1564	11661	2246	9415
1565	11599	2315	9284
1566	11463	2139	9324
1567	11274	2042	9232
1568	11908	2508	9400
1569	11940	2518	9422
1570	11379	2146	9233
1571	11225	2057	9168
1572	12529	3058	9471
1573	12133	2799	9334
1574	11303	2133	9170
1575	11201	2062	9139
1576	11732	2509	9223
1577	11496	2439	9057
1578	11151	2207	8944
1579	11211	2216	8995
1580	11265	2302	8963
1581	11330	2346	8984
1582	11175	2127	9048
1583	11143	2033	9110
1584	11166	2122	9044
1585	11063	2239	8824
1586	11030	2171	8859
1587	10820	2067	8753
1588	10969	2220	8749
1589	11175	2381	8794
1590	10836	2170	8666
1591	10635	1989	8646
1592	11081	2234	8847
1593	11020	2261	8759
1594	10779	2120	8659
1595	10940	2194	8746
1596	11520	2696	8824
1597	11226	2516	8710
1598	10779	2152	8627
1599	10755	2026	8729
1600	11013	2244	8769
1601	10956	2249	8707
1602	10870	2207	8663
1603	10783	2145	8638
1604	10942	2260	8682
1605	10953	2272	8681
1606	10882	2125	8757
1607	10811	2095	8716
1608	10947	2274	8673
1609	10929	2256	8673
1610	10656	2083	8573
1611	10630	2013	8617
1612	10913	2271	8642
1613	10929	2307	8622
1614	10872	2220	8652
1615	10655	2033	8622
1616	10923	2270	8653
1617	11071	2351	8720
1618	11046	2306	8740
1619	10870	2183	8687
1620	11095	2339	8756
1621	11079	2390	8689
1622	10682	2134	8548
1623	10616	2042	8574
1624	11251	2442	8809
1625	11065	2469	8596
1626	10692	2191	8501
1627	10595	2054	8541
1628	11189	2492	8697
1629	11305	2581	8724
1630	10792	2218	8574
1631	10520	1995	8525
1632	10842	2306	8536
1633	10842	2322	8520
1634	10631	2166	8465
1635	10529	2055	8474
1636	10798	2212	8586
1637	10784	2242	8542
1638	10469	2081	8388
1639	10486	2059	8427
1640	11020	2437	8583
1641	10873	2474	8399
1642	10610	2254	8356
1643	10357	2024	8333
1644	10544	2165	8379
1645	10626	2255	8371
1646	10532	2163	8369
1647	10362	2027	8335
1648	10623	2276	8347
1649	10698	2355	8343
1650	10404	2121	8283
1651	10284	2017	8267
1652	10588	2259	8329
1653	10617	2327	8290
1654	10364	2061	8303
1655	10307	2007	8300
1656	10358	2175	8183
1657	10380	2188	8192
1658	10365	2117	8248
1659	10252	2056	8196
1660	10554	2347	8207
1661	11005	2551	8454
1662	10627	2251	8376
1663	10367	2063	8304
1664	10545	2282	8263
1665	10694	2343	8351
1666	10555	2205	8350
1667	10446	2147	8299
1668	10526	2264	8262
1669	10522	2311	8211
1670	10444	2189	8255
1671	10426	2143	8283
1672	10504	2273	8231
1673	10483	2308	8175
1674	10349	2139	8210
1675	10245	1986	8259
1676	10523	2191	8332
1677	10588	2302	8286
1678	10493	2173	8320
1679	10358	2052	8306
1680	10607	2358	8249
1681	10743	2458	8285
1682	10431	2202	8229
1683	10222	2014	8208
1684	10708	2324	8384
1685	10756	2361	8395
1686	10366	2076	8290
1687	10414	2102	8312
1688	10544	2248	8296
1689	10455	2261	8194
1690	10426	2155	8271
1691	10290	2074	8216
1692	10527	2336	8191
1693	10599	2333	8266
1694	10273	2066	8207
1695	10143	2042	8101
1696	10404	2237	8167
1697	10572	2314	8258
1698	10359	2162	8197
1699	10283	2089	8194
1700	10563	2376	8187
1701	10724	2466	8258
1702	10337	2141	8196
1703	10253	2063	8190
1704	10510	2210	8300
1705	10589	2312	8277
1706	10390	2129	8261
1707	10258	2072	8186
1708	10587	2344	8243
1709	10817	2505	8312
1710	10604	2361	8243
1711	10408	2130	8278
1712	10649	2292	8357
1713	10787	2412	8375
1714	10590	2185	8405
1715	10281	1974	8307
1716	10467	2193	8274
1717	10605	2306	8299
1718	10474	2158	8316
1719	10415	2093	8322
1720	10590	2338	8252
1721	10568	2343	8225
1722	10413	2160	8253
1723	10346	2043	8303
1724	10604	2302	8302
1725	10730	2405	8325
1726	10495	2173	8322
1727	10442	2048	8394
1728	10448	2082	8366
1729	10633	2320	8313
1730	10497	2142	8355
1731	10361	2064	8297
1732	10525	2251	8274
1733	10557	2257	8300
1734	10435	2084	8351
1735	10313	1949	8364
1736	10534	2124	8410
1737	10810	2349	8461
1738	10727	2275	8452
1739	10499	2099	8400
1740	10646	2237	8409
1741	10692	2307	8385
1742	10555	2191	8364
1743	10531	2101	8430
1744	10595	2223	8372
1745	10693	2265	8428
1746	10571	2116	8455
1747	10674	2092	8582
1748	10763	2240	8523
1749	10829	2309	8520
1750	10672	2116	8556
1751	10504	1960	8544
1752	10710	2179	8531
1753	10871	2349	8522
1754	10622	2187	8435
1755	10478	2007	8471
1756	10804	2250	8554
1757	10872	2339	8533
1758	10566	2144	8422
1759	10464	1993	8471
1760	10662	2183	8479
1761	10810	2227	8583
1762	10631	2138	8493
1763	10486	2017	8469
1764	10817	2287	8530
1765	10924	2379	8545
1766	10696	2114	8582
1767	10557	2032	8525
1768	10705	2155	8550
1769	10825	2246	8579
1770	10674	2155	8519
1771	10726	2132	8594
1772	11038	2307	8731
1773	11178	2430	8748
1774	10992	2337	8655
1775	10860	2098	8762
1776	10971	2229	8742
1777	10981	2289	8692
1778	10748	2060	8688
1779	10621	1953	8668
1780	10771	2130	8641
1781	10965	2246	8719
1782	11088	2244	8844
1783	10804	2097	8707
1784	10741	2126	8615
1785	11170	2362	8808
1786	11041	2249	8792
1787	10764	1998	8766
1788	10945	2225	8720
1789	11086	2359	8727
1790	11052	2239	8813
1791	10879	2057	8822
1792	10973	2142	8831
1793	11186	2371	8815
1794	10914	2126	8788
1795	10706	1983	8723
1796	10992	2252	8740
1797	11171	2338	8833
1798	11169	2241	8928
1799	11026	2159	8867
1800	11180	2333	8847
1801	11193	2324	8869
1802	10992	2066	8926
1803	10855	2004	8851
1804	10994	2185	8809
1805	11558	2514	9044
1806	11275	2213	9062
1807	10866	1967	8899
1808	11105	2214	8891
1809	11171	2188	8983
1810	11108	2083	9025
1811	11066	2017	9049
1812	11125	2118	9007
1813	11492	2394	9098
1814	11352	2299	9053
1815	11078	2067	9011
1816	11377	2351	9026
1817	11465	2450	9015
1818	11222	2248	8974
1819	10996	2030	8966
1820	11152	2136	9016
1821	11282	2241	9041
1822	11274	2161	9113
1823	11098	1999	9099
1824	11224	2215	9009
1825	11418	2336	9082
1826	11158	2106	9052
1827	11167	2105	9062
1828	11637	2520	9117
1829	11568	2415	9153
1830	11259	2194	9065
1831	11026	2031	8995
1832	11289	2285	9004
1833	11426	2342	9084
1834	11119	2104	9015
1835	11037	1971	9066
1836	11154	2166	8988
1837	11301	2306	8995
1838	11349	2292	9057
1839	11078	2106	8972
1840	11213	2180	9033
1841	11275	2233	9042
1842	11003	2075	8928
1843	10984	1997	8987
1844	11191	2168	9023
1845	11419	2315	9104
1846	11056	2072	8984
1847	10905	1994	8911
1848	11084	2159	8925
1849	11150	2239	8911
1850	11021	2124	8897
1851	10941	2017	8924
1852	11024	2133	8891
1853	11020	2247	8773
1854	10953	2161	8792
1855	10841	2009	8832
1856	11050	2234	8816
1857	11206	2360	8846
1858	11012	2160	8852
1859	10767	2014	8753
1860	10900	2169	8731
1861	11117	2300	8817
1862	10841	2119	8722
1863	10618	1957	8661
1864	10785	2235	8550
1865	11170	2521	8649
1866	10825	2160	8665
1867	10485	1921	8564
1868	10718	2210	8508
1869	10796	2370	8426
1870	10576	2051	8525
1871	10519	1934	8585
1872	10954	2306	8648
1873	10796	2293	8503
1874	10415	1940	8475
1875	10248	1820	8428
1876	10802	2341	8461
1877	10850	2409	8441
1878	10457	2036	8421
1879	10144	1889	8255
1880	10704	2314	8390
1881	10901	2423	8478
1882	10378	2063	8315
1883	10191	1917	8274
1884	10426	2234	8192
1885	10344	2308	8036
1886	10077	1990	8087
1887	10004	1856	8148
1888	10378	2292	8086
1889	10527	2438	8089
1890	10305	2153	8152
1891	10111	1949	8162
1892	10356	2254	8102
1893	10306	2284	8022
1894	10015	2041	7974
1895	9868	1898	7970
1896	10208	2217	7991
1897	10402	2354	8048
1898	10054	2105	7949
1899	9883	1922	7961
1900	10179	2168	8011
1901	10274	2272	8002
1902	9984	2062	7922
1903	9761	1883	7878
1904	9980	2078	7902
1905	10092	2216	7876
1906	9832	2002	7830
1907	9796	1924	7872
1908	10075	2209	7866
1909	10153	2355	7798
1910	9871	2070	7801
1911	9696	1910	7786
1912	9781	2144	7637
1913	9959	2329	7630
1914	9957	2219	7738
1915	9942	2177	7765
1916	10125	2364	7761
1917	10054	2383	7671
1918	9732	2140	7592
1919	9574	1946	7628
1920	9792	2230	7562
1921	9876	2346	7530
1922	9496	2022	7474
1923	9452	1962	7490
1924	9647	2286	7361
1925	9607	2267	7340
1926	9394	1998	7396
1927	9432	1989	7443
1928	9661	2267	7394
1929	9673	2443	7230
1930	9349	2060	7289
1931	9248	1881	7367
1932	9521	2208	7313
1933	9416	2278	7138
1934	9100	2023	7077
1935	9034	1941	7093
1936	9175	2163	7012
1937	9461	2470	6991
1938	9198	2185	7013
1939	8854	1865	6989
1940	9162	2144	7018
1941	9247	2326	6921
1942	9049	2121	6928
1943	8820	1897	6923
1944	9004	2131	6873
1945	9129	2303	6826
1946	8892	2059	6833
1947	8587	1905	6682
1948	9033	2223	6810
1949	9175	2332	6843
1950	8842	2076	6766
1951	8567	1941	6626
1952	8914	2238	6676
1953	8969	2319	6650
1954	8786	2132	6654
1955	8550	1926	6624
1956	8732	2125	6607
1957	8834	2281	6553
1958	8462	2030	6432
1959	8551	2026	6525
1960	8921	2272	6649
1961	8745	2278	6467
1962	8493	2014	6479
1963	8353	1875	6478
1964	8528	2089	6439
1965	8735	2305	6430
1966	8518	2100	6418
1967	8411	1978	6433
1968	8595	2269	6326
1969	8611	2363	6248
1970	8398	2064	6334
1971	8123	1856	6267
1972	8197	2005	6192
1973	8451	2309	6142
1974	8120	2056	6064
1975	7931	1861	6070
1976	8194	2069	6125
1977	8579	2330	6249
1978	8432	2213	6219
1979	8181	2045	6136
1980	8512	2303	6209
1981	8561	2376	6185
1982	8223	2127	6096
1983	7964	1952	6012
1984	8108	2213	5895
1985	8488	2500	5988
1986	8259	2212	6047
1987	7857	1866	5991
1988	8172	2095	6077
1989	8391	2406	5985
1990	7869	2098	5771
1991	7767	1955	5812
1992	8075	2269	5806
1993	8235	2412	5823
1994	7908	2043	5865
1995	7740	1881	5859
1996	7953	2150	5803
1997	8053	2279	5774
1998	7753	1977	5776
1999	7675	1911	5764
2000	7956	2193	5763
2001	7988	2283	5705
2002	7679	1962	5717
2003	7780	1961	5819
2004	8117	2300	5817
2005	8111	2404	5707
2006	7699	2103	5596
2007	7575	1933	5642
2008	8071	2336	5735
2009	8068	2403	5665
2010	8001	2368	5633
2011	7785	2161	5624
2012	7813	2238	5575
2013	8033	2391	5642
2014	7695	2108	5587
2015	7381	1880	5501
2016	7690	2193	5497
2017	7848	2320	5528
2018	7549	2032	5517
2019	7350	1874	5476
2020	7687	2167	5520
2021	7883	2362	5521
2022	7452	2027	5425
2023	7389	1923	5466
2024	7738	2276	5462
2025	7752	2321	5431
2026	7543	2122	5421
2027	7547	2044	5503
2028	7646	2211	5435
2029	7673	2242	5431
2030	7509	2010	5499
2031	7473	1919	5554
2032	7769	2244	5525
2033	7718	2336	5382
2034	7754	2292	5462
2035	7477	2033	5444
2036	7551	2184	5367
2037	7830	2442	5388
2038	7514	2103	5411
2039	7372	1936	5436
2040	7567	2190	5377
2041	7649	2283	5366
2042	7457	2079	5378
2043	7272	1904	5368
2044	7572	2227	5345
2045	7893	2491	5402
2046	7453	2148	5305
2047	7145	1878	5267
2048	7467	2172	5295
2049	7696	2325	5371
2050	7308	2010	5298
2051	7194	1887	5307
2052	7616	2273	5343
2053	7717	2439	5278
2054	7238	2099	5139
2055	7202	1948	5254
2056	7572	2271	5301
2057	7498	2255	5243
2058	7315	1942	5373
2059	7219	1876	5343
2060	7531	2168	5363
2061	7699	2345	5354
2062	7366	2074	5292
2063	7448	2072	5376
2064	7739	2349	5390
2065	7655	2313	5342
2066	7290	1982	5308
2067	7135	1870	5265
2068	7586	2300	5286
2069	7733	2453	5280
2070	7325	2076	5249
2071	7146	1924	5222
2072	7442	2185	5257
2073	7832	2486	5346
2074	7502	2196	5306
2075	7073	1857	5216
2076	7339	2133	5206
2077	7583	2317	5266
2078	7625	2285	5340
2079	7246	2023	5223
2080	7278	2121	5157
2081	7407	2182	5225
2082	7296	2007	5289
2083	7130	1883	5247
2084	7626	2307	5319
2085	7659	2324	5335
2086	7215	1988	5227
2087	7100	1803	5297
2088	7331	2074	5257
2089	7477	2210	5267
2090	7305	1967	5338
2091	7167	1863	5304
2092	7503	2158	5345
2093	7587	2281	5306
2094	7374	2062	5312
2095	7132	1860	5272
2096	7445	2125	5320
2097	7563	2263	5300
2098	7398	2111	5287
2099	7643	2154	5489
2100	7870	2297	5573
2101	7747	2316	5431
2102	7352	2016	5336
2103	7298	1831	5467
2104	7455	2057	5398
2105	7593	2229	5364
2106	7437	1973	5464
2107	7290	1858	5432
2108	7786	2262	5524
2109	7849	2344	5505
2110	7638	2120	5518
2111	7459	1914	5545
2112	7657	2151	5506
2113	7986	2404	5582
2114	7690	2152	5538
2115	7410	1922	5488
2116	7640	2135	5505
2117	7896	2320	5576
2118	7464	2067	5397
2119	7483	1984	5499
2120	7681	2191	5490
2121	7899	2333	5566
2122	7794	2131	5663
2123	7531	1937	5594
2124	7681	2165	5516
2125	7981	2401	5580
2126	7616	2083	5533
2127	7399	1840	5559
2128	7691	2177	5514
2129	7902	2336	5566
2130	7752	2061	5691
2131	7514	1871	5643
2132	7751	2125	5626
2133	7905	2301	5604
2134	7597	2011	5586
2135	7487	1827	5660
2136	7691	2095	5596
2137	8043	2375	5668
2138	7684	2100	5584
2139	7513	1865	5648
2140	7880	2213	5667
2141	7937	2307	5630
2142	7686	2046	5640
2143	7741	1954	5787
2144	7800	2122	5678
2145	7925	2302	5623
2146	7769	2121	5648
2147	7574	1903	5671
2148	7841	2157	5684
2149	7873	2275	5598
2150	7722	2101	5621
2151	7451	1889	5562
2152	7807	2262	5545
2153	8337	2582	5755
2154	7947	2172	5775
2155	7619	1934	5685
2156	7994	2277	5717
2157	7987	2315	5672
2158	7581	1961	5620
2159	7481	1896	5585
2160	7775	2135	5640
2161	8159	2388	5771
2162	7985	2278	5707
2163	7640	1983	5657
2164	7779	2129	5650
2165	7923	2324	5599
2166	7670	2082	5588
2167	7374	1877	5497
2168	7540	2095	5445
2169	7774	2255	5519
2170	7663	2172	5491
2171	7374	1900	5474
2172	7571	2094	5477
2173	7801	2288	5513
2174	7548	2034	5514
2175	7459	1988	5471
2176	7647	2218	5429
2177	7628	2255	5373
2178	7623	2194	5429
2179	7554	2096	5458
2180	7663	2243	5420
2181	7751	2322	5429
2182	7386	2066	5320
2183	7187	1872	5315
2184	7567	2199	5368
2185	7851	2479	5372
2186	7532	2172	5360
2187	7399	2019	5380
2188	7586	2180	5406
2189	7532	2259	5273
2190	7206	2017	5189
2191	7315	1973	5342
2192	7619	2247	5372
2193	7634	2363	5271
2194	7285	2049	5236
2195	7039	1853	5186
2196	7261	2105	5156
2197	7521	2366	5155
2198	7210	2103	5107
2199	7022	1910	5112
2200	7585	2352	5233
2201	7516	2363	5153
2202	7232	2119	5113
2203	6952	1937	5015
2204	7030	2047	4983
2205	7272	2231	5041
2206	7045	2028	5017
2207	6968	1952	5016
2208	7128	2173	4955
2209	7177	2279	4898
2210	6956	2047	4909
2211	6935	1988	4947
2212	7094	2158	4936
2213	7159	2297	4862
2214	6828	2087	4741
2215	6561	1854	4707
2216	6862	2106	4756
2217	6982	2286	4696
2218	6674	2021	4653
2219	6535	1845	4690
2220	6866	2073	4793
2221	7064	2265	4799
2222	6789	2041	4748
2223	6491	1815	4676
2224	6781	2129	4652
2225	6817	2227	4590
2226	6737	2137	4600
2227	6572	1987	4585
2228	6746	2181	4565
2229	6865	2288	4577
2230	6436	1993	4443
2231	6216	1843	4373
2232	6826	2290	4536
2233	7006	2489	4517
2234	6490	2146	4344
2235	6335	1974	4361
2236	6481	2140	4341
2237	6676	2331	4345
2238	6508	2164	4344
2239	6379	2033	4346
2240	6439	2177	4262
2241	6418	2214	4204
2242	6376	2104	4272
2243	6148	1913	4235
2244	6307	2131	4176
2245	6383	2298	4085
2246	6141	2049	4092
2247	5959	1869	4090
2248	6475	2328	4147
2249	6464	2352	4112
2250	6231	2183	4048
2251	6056	2014	4042
2252	6354	2273	4081
2253	6370	2322	4048
2254	5990	2003	3987
2255	5975	1957	4018
2256	6196	2203	3993
2257	6202	2326	3876
2258	5985	2056	3929
2259	5880	1939	3941
2260	6162	2217	3945
2261	6161	2282	3879
2262	5967	2112	3855
2263	5779	1956	3823
2264	5877	2122	3755
2265	5976	2239	3737
2266	5826	2025	3801
2267	5703	1907	3796
2268	5891	2130	3761
2269	5903	2163	3740
2270	5664	2008	3656
2271	5839	2088	3751
2272	6063	2289	3774
2273	6020	2324	3696
2274	5649	2052	3597
2275	5415	1863	3552
2276	5753	2196	3557
2277	5943	2344	3599
2278	5825	2141	3684
2279	5567	1945	3622
2280	5674	2133	3541
2281	5943	2350	3593
2282	5715	2148	3567
2283	5466	1967	3499
2284	5917	2361	3556
2285	5940	2399	3541
2286	5403	2009	3394
2287	5245	1865	3380
2288	5626	2182	3444
2289	6281	2705	3576
2290	5886	2385	3501
2291	5332	1926	3406
2292	5693	2311	3382
2293	5895	2474	3421
2294	5508	2092	3416
2295	5229	1877	3352
2296	5608	2222	3386
2297	5887	2462	3425
2298	5457	2113	3344
2299	5263	1972	3291
2300	5337	2097	3240
2301	5476	2240	3236
2302	5270	2019	3251
2303	5106	1851	3255
2304	5399	2164	3235
2305	5435	2288	3147
2306	5145	1971	3174
2307	5062	1854	3208
2308	5231	2103	3128
2309	5386	2301	3085
2310	5237	2049	3188
2311	5130	1941	3189
2312	5327	2138	3189
2313	5413	2274	3139
2314	5140	2023	3117
2315	4965	1892	3073
2316	5187	2160	3027
2317	5345	2285	3060
2318	5138	2070	3068
2319	4961	1893	3068
2320	5136	2087	3049
2321	5185	2206	2979
2322	5138	2093	3045
2323	4988	1949	3039
2324	5205	2176	3029
2325	5293	2232	3061
2326	5109	2077	3032
2327	5099	2057	3042
2328	5441	2328	3113
2329	5413	2370	3043
2330	5116	2113	3003
2331	4945	1909	3036
2332	5292	2228	3064
2333	5362	2350	3012
2334	5047	2116	2931
2335	5101	2037	3064
2336	5364	2279	3085
2337	5390	2342	3048
2338	5052	2024	3028
2339	4923	1920	3003
2340	5108	2185	2923
2341	5235	2292	2943
2342	4938	2042	2896
2343	4748	1861	2887
2344	4985	2093	2892
2345	5099	2174	2925
2346	5198	2141	3057
2347	4941	1919	3022
2348	5087	2106	2981
2349	5336	2356	2980
2350	5015	2088	2927
2351	4740	1863	2877
2352	5190	2316	2874
2353	5324	2447	2877
2354	5071	2112	2959
2355	4896	1959	2937
2356	5246	2303	2943
2357	5350	2386	2964
2358	4933	2064	2869
2359	4826	1941	2885
2360	5064	2149	2915
2361	5071	2222	2849
2362	4941	2066	2875
2363	4853	1937	2916
2364	5068	2118	2950
2365	5202	2222	2980
2366	4935	1957	2978
2367	4764	1811	2953
2368	4977	2102	2875
2369	5332	2401	2931
2370	5081	2170	2911
2371	4726	1898	2828
2372	4973	2107	2866
2373	5139	2251	2888
2374	4854	2023	2831
2375	4706	1880	2826
2376	5078	2169	2909
2377	5169	2215	2954
2378	4938	2032	2906
2379	4921	1956	2965
2380	5115	2186	2929
2381	5131	2277	2854
2382	4851	2018	2833
2383	4726	1867	2859
2384	4938	2111	2827
2385	5333	2417	2916
2386	5102	2177	2925
2387	4753	1897	2856
2388	5097	2186	2911
2389	5205	2284	2921
2390	4930	2072	2858
2391	4974	2027	2947
2392	5200	2250	2950
2393	5275	2395	2880
2394	5025	2099	2926
2395	4686	1860	2826
2396	4924	2117	2807
2397	5150	2320	2830
2398	4927	2113	2814
2399	4913	2022	2891
2400	5205	2253	2952
2401	5353	2395	2958
2402	4982	2081	2901
2403	4898	1954	2944
2404	5207	2253	2954
2405	5237	2294	2943
2406	5112	2189	2923
2407	4939	2042	2897
2408	5255	2345	2910
2409	5311	2350	2961
2410	4934	2076	2858
2411	4747	1915	2832
2412	5021	2139	2882
2413	5324	2403	2921
2414	5107	2193	2914
2415	4932	2025	2907
2416	5390	2457	2933
2417	5337	2457	2880
2418	4898	2081	2817
2419	4697	1896	2801
2420	4989	2149	2840
2421	5085	2257	2828
2422	4855	2021	2834
2423	4716	1916	2800
2424	4972	2127	2845
2425	5124	2255	2869
2426	4805	1956	2849
2427	4708	1873	2835
2428	5017	2121	2896
2429	5006	2172	2834
2430	4896	2052	2844
2431	4868	2031	2837
2432	5129	2234	2895
2433	5214	2331	2883
2434	4920	2089	2831
2435	4665	1908	2757
2436	5122	2281	2841
2437	5165	2379	2786
2438	4807	2119	2688
2439	4766	2063	2703
2440	4831	2161	2670
2441	5121	2363	2758
2442	4926	2136	2790
2443	4749	1962	2787
2444	4951	2229	2722
2445	5066	2376	2690
2446	4851	2113	2738
2447	4812	2062	2750
2448	4907	2227	2680
2449	4974	2301	2673
2450	4730	2064	2666
2451	4661	2008	2653
2452	4840	2210	2630
2453	5009	2331	2678
2454	4715	2078	2637
2455	4508	1932	2576
2456	4644	2098	2546
2457	4746	2220	2526
2458	4703	2165	2538
2459	4584	2000	2584
2460	4713	2133	2580
2461	4789	2256	2533
2462	4553	2040	2513
2463	4433	1885	2548
2464	4705	2167	2538
2465	4970	2421	2549
2466	4680	2193	2487
2467	4395	1967	2428
2468	4600	2193	2407
2469	4586	2239	2347
2470	4456	2072	2384
2471	4259	1896	2363
2472	4506	2161	2345
2473	4530	2294	2236
2474	4308	2003	2305
2475	4505	2133	2372
2476	4529	2296	2233
2477	4584	2279	2305
2478	4368	2086	2282
2479	4187	1931	2256
2480	4414	2143	2271
2481	4389	2220	2169
2482	4204	2025	2179
2483	4041	1841	2200
2484	4185	2045	2140
2485	4518	2342	2176
2486	4295	2093	2202
2487	4059	1982	2077
2488	4258	2177	2081
2489	4313	2260	2053
2490	4221	2126	2095
2491	3955	1933	2022
2492	4086	2123	1963
2493	4045	2115	1930
2494	3914	1953	1961
2495	3838	1946	1892
2496	3967	2086	1881
2497	4124	2258	1866
2498	4102	2211	1891
2499	3844	1979	1865
2500	3902	2104	1798
2501	4074	2269	1805
2502	3894	2055	1839
2503	3797	1921	1876
2504	3906	2132	1774
2505	3957	2235	1722
2506	3717	2031	1686
2507	3656	1961	1695
2508	3993	2298	1695
2509	4058	2368	1690
2510	3807	2098	1709
2511	3785	2027	1758
2512	3900	2233	1667
2513	3928	2331	1597
2514	3615	2015	1600
2515	3416	1833	1583
2516	3774	2171	1603
2517	4005	2375	1630
2518	3911	2214	1697
2519	3669	2054	1615
2520	3882	2311	1571
2521	4008	2421	1587
2522	3752	2144	1608
2523	3433	1916	1517
2524	3576	2061	1515
2525	3735	2267	1468
2526	3502	2060	1442
2527	3255	1825	1430
2528	3818	2311	1507
2529	3816	2368	1448
2530	3504	2079	1425
2531	3296	1912	1384
2532	3620	2241	1379
2533	3819	2352	1467
2534	3392	1987	1405
2535	3262	1932	1330
2536	3826	2467	1359
2537	3716	2436	1280
2538	3330	2018	1312
2539	3272	1984	1288
2540	3404	2178	1226
2541	3548	2301	1247
2542	3341	2041	1300
2543	3271	1946	1325
2544	3629	2332	1297
2545	3617	2377	1240
2546	3386	2103	1283
2547	3124	1923	1201
2548	3370	2207	1163
2549	3475	2268	1207
2550	3431	2225	1206
2551	3254	2029	1225
2552	3233	2070	1163
2553	3393	2223	1170
2554	3196	2007	1189
2555	2964	1861	1103
2556	3252	2138	1114
2557	3441	2286	1155
2558	3327	2136	1191
2559	3101	2002	1099
2560	3225	2148	1077
2561	3631	2441	1190
2562	3385	2203	1182
2563	3116	1986	1130
2564	3261	2143	1118
2565	3329	2210	1119
2566	3143	2011	1132
2567	2961	1854	1107
2568	3126	2052	1074
2569	3242	2165	1077
2570	3042	2007	1035
2571	2973	1954	1019
2572	3240	2224	1016
2573	3348	2329	1019
2574	3335	2218	1117
2575	3196	2032	1164
2576	3278	2240	1038
2577	3391	2377	1014
2578	3330	2245	1085
2579	3085	2053	1032
2580	3169	2157	1012
2581	3453	2387	1066
2582	3179	2141	1038
2583	2842	1925	917
2584	3047	2125	922
2585	3204	2285	919
2586	3025	2128	897
2587	2881	1948	933
2588	3201	2196	1005
2589	3323	2334	989
2590	3194	2217	977
2591	2929	1992	937
2592	3093	2100	993
2593	3287	2335	952
2594	3049	2095	954
2595	2897	1968	929
2596	3218	2273	945
2597	3321	2368	953
2598	2933	2032	901
2599	2819	1868	951
2600	3197	2230	967
2601	3338	2356	982
2602	3131	2143	988
2603	2955	2050	905
2604	3138	2217	921
2605	3244	2301	943
2606	3061	2157	904
2607	2813	1972	841
2608	3085	2234	851
2609	3210	2310	900
2610	2989	2084	905
2611	2821	1914	907
2612	3069	2122	947
2613	3239	2278	961
2614	2953	2025	928
2615	2987	2045	942
2616	3240	2303	937
2617	3318	2392	926
2618	3047	2109	938
2619	2817	1920	897
2620	3164	2160	1004
2621	3438	2371	1067
2622	3254	2197	1057
2623	3031	2012	1019
2624	3281	2284	997
2625	3302	2342	960
2626	2965	2045	920
2627	2812	1943	869
2628	3001	2135	866
2629	3211	2309	902
2630	3082	2097	985
2631	2867	1956	911
2632	3111	2212	899
2633	3195	2280	915
2634	2942	2034	908
2635	2858	1929	929
2636	3128	2194	934
2637	3280	2323	957
2638	2995	2068	927
2639	2773	1885	888
2640	3069	2160	909
2641	3144	2259	885
2642	2808	1962	846
2643	2680	1772	908
2644	2988	2057	931
2645	3235	2305	930
2646	3162	2183	979
2647	2854	1977	877
2648	3162	2226	936
2649	3261	2346	915
2650	2981	2079	902
2651	2841	1912	929
2652	3139	2209	930
2653	3292	2341	951
2654	3070	2133	937
2655	2886	1943	943
2656	3129	2171	958
2657	3187	2267	920
2658	2945	2027	918
2659	2778	1864	914
2660	3110	2206	904
2661	3163	2283	880
2662	2974	1994	980
2663	2868	1888	980
2664	3074	2113	961
2665	3522	2453	1069
2666	3205	2155	1050
2667	2897	1942	955
2668	3203	2265	938
2669	3220	2305	915
2670	3040	2075	965
2671	2910	1948	962
2672	3204	2235	969
2673	3241	2293	948
2674	3059	2065	994
2675	2818	1869	949
2676	3169	2223	946
2677	3397	2378	1019
2678	3009	2011	998
2679	2914	1934	980
2680	3153	2198	955
2681	3512	2505	1007
2682	3179	2172	1007
2683	2891	1938	953
2684	3217	2227	990
2685	3365	2343	1022
2686	3082	2063	1019
2687	3005	1974	1031
2688	3222	2162	1060
2689	3264	2218	1046
2690	2954	1931	1023
2691	2906	1975	931
2692	3237	2234	1003
2693	3287	2243	1044
2694	3020	2056	964
2695	2832	1896	936
2696	3102	2125	977
2697	3249	2256	993
2698	3145	2157	988
2699	2924	1937	987
2700	3185	2225	960
2701	3239	2328	911
2702	2958	2014	944
2703	2948	1952	996
2704	3141	2160	981
2705	3366	2373	993
2706	3281	2193	1088
2707	3255	2145	1110
2708	3298	2288	1010
2709	3399	2344	1055
2710	3134	2093	1041
2711	2956	1961	995
2712	3221	2262	959
2713	3311	2385	926
2714	3014	2055	959
2715	2853	1872	981
2716	3350	2266	1084
2717	3435	2397	1038
2718	3129	2077	1052
2719	2877	1849	1028
2720	3219	2180	1039
2721	3464	2358	1106
2722	3029	2046	983
2723	2921	1961	960
2724	3260	2207	1053
2725	3266	2267	999
2726	3072	2117	955
2727	2906	1914	992
2728	3083	2124	959
2729	3300	2275	1025
2730	2978	2006	972
2731	2878	1925	953
2732	3335	2332	1003
2733	3400	2427	973
2734	3061	2101	960
2735	2949	1995	954
2736	3207	2250	957
2737	3294	2401	893
2738	3002	2085	917
2739	2800	1842	958
2740	3166	2182	984
2741	3438	2438	1000
2742	3118	2125	993
2743	2893	1875	1018
2744	3260	2210	1050
2745	3409	2380	1029
2746	2956	2012	944
2747	2793	1858	935
2748	3161	2198	963
2749	3262	2284	978
2750	2916	1971	945
2751	2828	1832	996
2752	3088	2120	968
2753	3170	2261	909
2754	3053	2092	961
2755	2799	1898	901
2756	3080	2150	930
2757	3234	2268	966
2758	2949	2037	912
2759	2822	1936	886
2760	3026	2115	911
2761	3247	2291	956
2762	2964	2007	957
2763	2789	1843	946
2764	3306	2292	1014
2765	3350	2343	1007
2766	3010	2061	949
2767	2881	1936	945
2768	3136	2206	930
2769	3188	2262	926
2770	2969	2044	925
2771	2816	1866	950
2772	3014	2133	881
2773	3149	2270	879
2774	2950	2012	938
2775	3096	2041	1055
2776	3293	2284	1009
2777	3383	2407	976
2778	3117	2122	995
2779	2834	1911	923
2780	3124	2195	929
2781	3110	2222	888
2782	3290	2286	1004
2783	2965	1997	968
2784	7285	5297	1988
2785	5565	4072	1493
2786	2879	2029	850
2787	2722	1860	862
2788	3080	2147	933
2789	3268	2287	981
2790	3024	2086	938
2791	2912	1978	934
2792	3102	2142	960
2793	3335	2356	979
2794	2978	2071	907
2795	2738	1859	879
2796	3157	2204	953
2797	3333	2362	971
2798	3109	2081	1028
2799	2899	1917	982
2800	3166	2237	929
2801	3261	2314	947
2802	2965	2030	935
2803	2970	2006	964
2804	3353	2356	997
2805	3261	2351	910
2806	2868	1989	879
2807	2828	1932	896
2808	3125	2162	963
2809	3210	2254	956
2810	3129	2143	986
2811	2818	1891	927
2812	2979	2091	888
2813	3134	2186	948
2814	2911	1973	938
2815	2729	1902	827
2816	3127	2193	934
2817	3318	2369	949
2818	3049	2106	943
2819	3045	2030	1015
2820	3174	2209	965
2821	3297	2312	985
2822	3178	2141	1037
2823	2939	1966	973
2824	3131	2178	953
2825	3231	2234	997
2826	2946	1951	995
2827	2854	1839	1015
2828	3161	2190	971
2829	3299	2319	980
2830	3027	2018	1009
2831	3026	1961	1065
2832	3257	2208	1049
2833	3404	2333	1071
2834	2995	1996	999
2835	2925	1939	986
2836	3228	2231	997
2837	3231	2277	954
2838	2923	1967	956
2839	2885	1903	982
2840	3096	2146	950
2841	3352	2359	993
2842	3216	2203	1013
2843	3094	2005	1089
2844	3276	2257	1019
2845	3382	2416	966
2846	3173	2184	989
2847	2883	1923	960
2848	3052	2132	920
2849	3334	2375	959
2850	3039	2087	952
2851	2841	1949	892
2852	3172	2183	989
2853	3327	2297	1030
2854	3064	2082	982
2855	3023	2009	1014
2856	3319	2321	998
2857	3372	2394	978
2858	3213	2150	1063
2859	3075	1983	1092
2860	3178	2120	1058
2861	3354	2320	1034
2862	3025	2025	1000
2863	2878	1878	1000
2864	3452	2338	1114
2865	3477	2360	1117
2866	3115	2030	1085
2867	3231	2092	1139
2868	3760	2590	1170
2869	3455	2417	1038
2870	3082	2052	1030
2871	3108	1982	1126
2872	3297	2227	1070
2873	3286	2300	986
2874	3088	2001	1087
2875	3136	2007	1129
2876	3283	2194	1089
2877	3315	2240	1075
2878	3077	1959	1118
2879	2908	1824	1084
2880	3196	2139	1057
2881	3381	2330	1051
2882	3039	2034	1005
2883	3026	1961	1065
2884	3336	2273	1063
2885	3440	2357	1083
2886	3149	2042	1107
2887	3005	1916	1089
2888	3285	2166	1119
2889	3368	2280	1088
2890	3089	2034	1055
2891	2941	1885	1056
2892	3307	2233	1074
2893	3500	2395	1105
2894	3181	2056	1125
2895	3038	1951	1087
2896	3182	2188	994
2897	3352	2305	1047
2898	3172	2095	1077
2899	2939	1891	1048
2900	3209	2119	1090
2901	3462	2364	1098
2902	3147	2071	1076
2903	2886	1836	1050
2904	3217	2150	1067
2905	3347	2273	1074
2906	3078	2027	1051
2907	2928	1919	1009
2908	3282	2224	1058
2909	3351	2290	1061
2910	2925	1955	970
2911	2785	1803	982
2912	3211	2123	1088
2913	3452	2313	1139
2914	3119	2093	1026
2915	2947	1884	1063
2916	3190	2119	1071
2917	3446	2333	1113
2918	3166	2066	1100
2919	2951	1897	1054
2920	3160	2141	1019
2921	3273	2245	1028
2922	3207	2107	1100
2923	3022	1897	1125
2924	3216	2127	1089
2925	3402	2346	1056
2926	3241	2140	1101
2927	2977	1923	1054
2928	3247	2189	1058
2929	3285	2257	1028
2930	3004	1990	1014
2931	2948	1900	1048
2932	3403	2305	1098
2933	3434	2346	1088
2934	3096	2052	1044
2935	2864	1846	1018
2936	3104	2056	1048
2937	3510	2432	1078
2938	3186	2123	1063
2939	2978	1919	1059
2940	3282	2157	1125
2941	3361	2257	1104
2942	3128	2100	1028
2943	2889	1901	988
2944	3391	2299	1092
2945	3370	2375	995
2946	2915	2010	905
2947	2828	1845	983
2948	3310	2237	1073
2949	3321	2301	1020
2950	3088	1995	1093
2951	2951	1914	1037
2952	3087	2117	970
2953	3271	2290	981
2954	2908	1951	957
2955	2851	1872	979
2956	3185	2225	960
2957	3226	2301	925
2958	3015	2078	937
2959	2823	1873	950
2960	3135	2178	957
2961	3291	2332	959
2962	3110	2115	995
2963	2954	1997	957
2964	3226	2227	999
2965	3248	2235	1013
2966	3172	2089	1083
2967	2908	1908	1000
2968	2986	2101	885
2969	3244	2334	910
2970	2977	2012	965
2971	2899	1860	1039
2972	3201	2157	1044
2973	3215	2243	972
2974	2890	1979	911
2975	2819	1899	920
2976	3285	2280	1005
2977	3267	2304	963
2978	2961	2031	930
2979	2822	1898	924
2980	3077	2217	860
2981	3103	2266	837
2982	3159	2180	979
2983	3048	2056	992
2984	3110	2184	926
2985	3295	2386	909
2986	3010	2089	921
2987	2826	1887	939
2988	3130	2179	951
2989	3269	2343	926
2990	2863	2019	844
2991	2699	1831	868
2992	3014	2114	900
2993	3152	2278	874
2994	2908	1978	930
2995	2773	1904	869
2996	3179	2249	930
2997	3395	2379	1016
2998	2990	2011	979
2999	2737	1827	910
3000	3007	2178	829
3001	3333	2446	887
3002	2978	2068	910
3003	2757	1871	886
3004	3139	2225	914
3005	3267	2323	944
3006	3003	2077	926
3007	2730	1863	867
3008	3169	2248	921
3009	3376	2441	935
3010	3229	2240	989
3011	3051	2023	1028
3012	3074	2121	953
3013	3107	2222	885
3014	2860	1974	886
3015	2752	1852	900
3016	3026	2141	885
3017	3165	2274	891
3018	2883	2036	847
3019	2715	1864	851
3020	3023	2163	860
3021	3193	2301	892
3022	3014	2054	960
3023	2842	1906	936
3024	3139	2214	925
3025	3232	2310	922
3026	2924	2050	874
3027	2676	1808	868
3028	3015	2133	882
3029	3199	2320	879
3030	3003	2086	917
3031	2825	1902	923
3032	3022	2117	905
3033	3190	2310	880
3034	3042	2116	926
3035	2828	1896	932
3036	3170	2227	943
3037	3247	2374	873
3038	2954	2055	899
3039	2795	1872	923
3040	3058	2073	985
3041	3307	2340	967
3042	3015	2105	910
3043	2689	1818	871
3044	2947	2062	885
3045	3196	2300	896
3046	3014	2086	928
3047	2800	1886	914
3048	2958	2029	929
3049	3061	2163	898
3050	2973	2040	933
3051	2850	1913	937
3052	2972	2117	855
3053	3006	2187	819
3054	2983	2049	934
3055	2848	1905	943
3056	3054	2104	950
3057	3208	2223	985
3058	2892	1983	909
3059	2680	1851	829
3060	3104	2202	902
3061	3204	2283	921
3062	2961	2002	959
3063	2758	1821	937
3064	3017	2057	960
3065	3169	2254	915
3066	2882	2035	847
3067	2753	1878	875
3068	3110	2162	948
3069	3152	2285	867
3070	2945	2042	903
3071	2995	2022	973
3072	3096	2135	961
3073	3153	2220	933
3074	3068	2055	1013
3075	2813	1888	925
3076	3045	2190	855
3077	3172	2327	845
3078	2862	2013	849
3079	2812	1916	896
3080	3103	2232	871
3081	3414	2480	934
3082	3022	2124	898
3083	2716	1846	870
3084	3069	2188	881
3085	3234	2337	897
3086	2865	1975	890
3087	2741	1825	916
3088	3132	2180	952
3089	3299	2344	955
3090	3139	2178	961
3091	2862	1948	914
3092	2937	2097	840
3093	3182	2272	910
3094	3112	2113	999
3095	2920	1998	922
3096	3046	2179	867
3097	3239	2347	892
3098	3018	2075	943
3099	2783	1872	911
3100	2978	2136	842
3101	3197	2309	888
3102	2945	2084	861
3103	2769	1909	860
3104	3033	2200	833
3105	3195	2272	923
3106	2941	2021	920
3107	2762	1892	870
3108	3100	2145	955
3109	3178	2210	968
3110	2969	2015	954
3111	2883	1935	948
3112	2961	2080	881
3113	2995	2200	795
3114	2986	2193	793
3115	2800	1975	825
3116	3111	2228	883
3117	3229	2338	891
3118	2826	1987	839
3119	2604	1821	783
3120	3035	2099	936
3121	3248	2321	927
3122	2983	2101	882
3123	2815	1922	893
3124	3085	2173	912
3125	3261	2325	936
3126	3021	2133	888
3127	2802	1960	842
3128	3007	2211	796
3129	3102	2309	793
3130	2952	2108	844
3131	2815	1948	867
3132	3082	2177	905
3133	3168	2304	864
3134	3008	2125	883
3135	2813	1940	873
3136	3049	2199	850
3137	3086	2259	827
3138	2909	2050	859
3139	2685	1874	811
3140	2900	2102	798
3141	2939	2156	783
3142	2758	1942	816
3143	2760	1904	856
3144	2945	2113	832
3145	3069	2373	696
3146	3034	2236	798
3147	2989	2045	944
3148	3000	2094	906
3149	3077	2235	842
3150	2831	1992	839
3151	2726	1893	833
3152	3017	2157	860
3153	3239	2379	860
3154	2992	2109	883
3155	2824	1948	876
3156	3214	2372	842
3157	3291	2474	817
3158	2841	2035	806
3159	2636	1859	777
3160	3176	2246	930
3161	3299	2376	923
3162	2883	2061	822
3163	2750	1916	834
3164	2923	2123	800
3165	3004	2240	764
3166	2706	1982	724
3167	2642	1869	773
3168	3033	2219	814
3169	3077	2318	759
3170	2822	2023	799
3171	2669	1848	821
3172	2930	2136	794
3173	3094	2291	803
3174	2782	2025	757
3175	2651	1859	792
3176	2843	2065	778
3177	3053	2225	828
3178	2907	2068	839
3179	2766	1913	853
3180	2948	2151	797
3181	3361	2518	843
3182	3002	2183	819
3183	2677	1888	789
3184	2874	2103	771
3185	2976	2241	735
3186	2842	2050	792
3187	2686	1857	829
3188	2910	2100	810
3189	3003	2226	777
3190	2773	1995	778
3191	2669	1857	812
3192	3036	2255	781
3193	3126	2293	833
3194	3080	2170	910
3195	2728	1956	772
3196	2851	2084	767
3197	3202	2346	856
3198	2900	2048	852
3199	2671	1853	818
3200	2912	2180	732
3201	3154	2347	807
3202	3078	2184	894
3203	2708	1886	822
3204	2982	2122	860
3205	3171	2313	858
3206	2961	2146	815
3207	2787	1932	855
3208	3289	2329	960
3209	3283	2387	896
3210	2783	1935	848
3211	2654	1842	812
3212	2918	2130	788
3213	3026	2271	755
3214	2860	2039	821
3215	2615	1826	789
3216	2825	2030	795
3217	3004	2206	798
3218	2915	2081	834
3219	2798	1964	834
3220	2964	2141	823
3221	3047	2244	803
3222	2852	2025	827
3223	2650	1849	801
3224	3101	2247	854
3225	3199	2361	838
3226	2795	2008	787
3227	2616	1827	789
3228	2909	2116	793
3229	3028	2276	752
3230	2893	2119	774
3231	2715	1915	800
3232	2829	2052	777
3233	3013	2260	753
3234	3100	2236	864
3235	2862	2035	827
3236	2823	2074	749
3237	3061	2276	785
3238	2974	2170	804
3239	2667	1915	752
3240	2871	2124	747
3241	2991	2214	777
3242	2795	2001	794
3243	2786	1956	830
3244	3029	2181	848
3245	3093	2306	787
3246	2836	2041	795
3247	2747	1928	819
3248	3003	2206	797
3249	3345	2490	855
3250	2865	2094	771
3251	2607	1857	750
3252	2910	2129	781
3253	3041	2257	784
3254	2840	2051	789
3255	2658	1857	801
3256	2903	2133	770
3257	3118	2304	814
3258	2937	2119	818
3259	2605	1895	710
3260	2879	2174	705
3261	3012	2267	745
3262	2728	1963	765
3263	2632	1868	764
3264	2935	2204	731
3265	3043	2268	775
3266	2758	1949	809
3267	2599	1813	786
3268	2942	2177	765
3269	3191	2375	816
3270	2948	2113	835
3271	2782	1987	795
3272	3000	2222	778
3273	2989	2292	697
3274	2788	2045	743
3275	2670	1919	751
3276	3225	2391	834
3277	3199	2390	809
3278	2736	2016	720
3279	2607	1905	702
3280	2949	2208	741
3281	3032	2312	720
3282	2838	2039	799
3283	2700	1913	787
3284	2866	2095	771
3285	3019	2242	777
3286	2835	2034	801
3287	2710	1897	813
3288	3020	2230	790
3289	2998	2274	724
3290	3675	2771	904
3291	3250	2407	843
3292	2771	2048	723
3293	2888	2203	685
3294	2699	1998	701
3295	2616	1885	731
3296	2828	2107	721
3297	2892	2185	707
3298	2656	1984	672
3299	2606	1889	717
3300	2793	2063	730
3301	2887	2222	665
3302	2745	2035	710
3303	2569	1817	752
3304	2725	2030	695
3305	2755	2085	670
3306	2668	1974	694
3307	2535	1853	682
3308	2822	2011	811
3309	2834	2074	760
3310	2678	1978	700
3311	2586	1842	744
3312	2726	2034	692
3313	2743	2087	656
3314	2620	1946	674
3315	2644	1888	756
3316	2848	2098	750
3317	2864	2153	711
3318	2632	1934	698
3319	2700	1954	746
3320	2797	2103	694
3321	2743	2074	669
3322	2717	1954	763
3323	2604	1875	729
3324	2678	1952	726
3325	2869	2132	737
3326	2785	2034	751
3327	2633	1901	732
3328	2918	2147	771
3329	3166	2360	806
3330	2833	2050	783
3331	2710	1952	758
3332	2876	2154	722
3333	2791	2137	654
3334	2628	1954	674
3335	2531	1867	664
3336	2760	2102	658
3337	2902	2208	694
3338	2936	2164	772
3339	2692	1940	752
3340	3131	2330	801
3341	3002	2315	687
3342	2685	2028	657
3343	2638	1927	711
3344	2737	2035	702
3345	3025	2244	781
3346	2901	2154	747
3347	2741	2007	734
3348	2789	2105	684
3349	2801	2145	656
3350	2677	2008	669
3351	2549	1858	691
3352	2843	2109	734
3353	3030	2291	739
3354	2780	2060	720
3355	2651	1919	732
3356	2755	2052	703
3357	2751	2077	674
3358	2687	2034	653
3359	2557	1882	675
3360	2850	2084	766
3361	3024	2240	784
3362	2862	2085	777
3363	2645	1919	726
3364	2798	2118	680
3365	2896	2220	676
3366	2793	2062	731
3367	2778	2017	761
3368	2905	2173	732
3369	3001	2293	708
3370	2855	2057	798
3371	2684	1915	769
3372	2876	2136	740
3373	3028	2228	800
3374	2750	2004	746
3375	2647	1929	718
3376	2866	2123	743
3377	2764	2096	668
3378	2622	1941	681
3379	3114	2329	785
3380	2954	2229	725
3381	2799	2095	704
3382	2722	2002	720
3383	2563	1896	667
3384	2905	2180	725
3385	3058	2297	761
3386	2736	1979	757
3387	2556	1807	749
3388	2771	2030	741
3389	2803	2136	667
3390	2822	2106	716
3391	2562	1909	653
3392	2625	1977	648
3393	2924	2171	753
3394	2801	2037	764
3395	2842	2043	799
3396	2897	2148	749
3397	2833	2145	688
3398	2650	1951	699
3399	2508	1858	650
3400	2667	2018	649
3401	2825	2145	680
3402	2691	1993	698
3403	2570	1892	678
3404	2856	2167	689
3405	2890	2193	697
3406	2611	1941	670
3407	2630	1925	705
3408	2872	2174	698
3409	2930	2277	653
3410	2867	2151	716
3411	2583	1861	722
3412	2906	2157	749
3413	2850	2151	699
3414	2658	1983	675
3415	2632	1917	715
3416	2740	2061	679
3417	2744	2089	655
3418	2612	1931	681
3419	2513	1847	666
3420	2711	2033	678
3421	2821	2190	631
3422	2621	1957	664
3423	2444	1787	657
3424	2582	1922	660
3425	2828	2170	658
3426	2765	2073	692
3427	2593	1934	659
3428	2771	2088	683
3429	2892	2196	696
3430	2772	2047	725
3431	2526	1862	664
3432	2683	2017	666
3433	2761	2096	665
3434	2769	2094	675
3435	2660	1953	707
3436	2680	2023	657
3437	2803	2133	670
3438	2678	2010	668
3439	2599	1932	667
3440	2830	2161	669
3441	2738	2116	622
3442	2739	2077	662
3443	2659	1960	699
3444	2739	2055	684
3445	2709	2050	659
3446	2500	1843	657
3447	2482	1835	647
3448	2604	1972	632
3449	2748	2121	627
3450	2847	2092	755
3451	2645	1950	695
3452	2781	2098	683
3453	2783	2126	657
3454	2796	2097	699
3455	2632	1942	690
3456	2897	2176	721
3457	2983	2254	729
3458	2635	2008	627
3459	2459	1870	589
3460	2728	2089	639
3461	2912	2233	679
3462	2713	2025	688
3463	2457	1785	672
3464	2726	2033	693
3465	2823	2171	652
3466	2613	1958	655
3467	2438	1814	624
3468	2683	2053	630
3469	2851	2192	659
3470	2669	2010	659
3471	2580	1912	668
3472	2863	2165	698
3473	2943	2263	680
3474	2621	1973	648
3475	2450	1806	644
3476	2638	1984	654
3477	2757	2109	648
3478	2636	1932	704
3479	2445	1804	641
3480	2668	2007	661
3481	2770	2127	643
3482	2580	1961	619
3483	2476	1824	652
3484	2658	2021	637
3485	2821	2169	652
3486	2661	1957	704
3487	2636	1877	759
3488	3692	2025	1667
3489	3365	2144	1221
3490	2610	1919	691
3491	2480	1812	668
3492	2688	2047	641
3493	2854	2175	679
3494	3274	2528	746
3495	2914	2196	718
3496	2745	2099	646
3497	2858	2198	660
3498	2781	2068	713
3499	2629	1983	646
3500	2713	2087	626
3501	2824	2216	608
3502	2687	2043	644
3503	2543	1868	675
3504	2676	2044	632
3505	2860	2156	704
3506	2682	2016	666
3507	2675	1982	693
3508	2897	2134	763
3509	2803	2123	680
3510	2702	2000	702
3511	2527	1876	651
3512	2739	2077	662
3513	2843	2162	681
3514	2663	2005	658
3515	2500	1879	621
3516	2679	2034	645
3517	2781	2113	668
3518	2745	2036	709
3519	2687	1997	690
3520	2627	1995	632
3521	2700	2063	637
3522	2787	2062	725
3523	2948	2121	827
3524	2917	2140	777
3525	2887	2165	722
3526	2787	2071	716
3527	2570	1947	623
3528	2808	2129	679
3529	2852	2216	636
3530	2640	2029	611
3531	2547	1924	623
3532	2604	2007	597
3533	2766	2140	626
3534	2601	1977	624
3535	2548	1945	603
3536	2748	2145	603
3537	2789	2173	616
3538	2598	1947	651
3539	2498	1841	657
3540	2684	2051	633
3541	2907	2248	659
3542	2717	2047	670
3543	2591	1952	639
3544	2732	2142	590
3545	2812	2194	618
3546	2713	2062	651
3547	2539	1897	642
3548	3047	2287	760
3549	3000	2276	724
3550	2609	1973	636
3551	2482	1889	593
3552	2791	2099	692
3553	2801	2161	640
3554	2672	2024	648
3555	2644	1924	720
3556	2793	2093	700
3557	2790	2163	627
3558	2578	1995	583
3559	2450	1886	564
3560	2776	2128	648
3561	3050	2288	762
3562	2695	2016	679
3563	2513	1891	622
3564	2764	2133	631
3565	2816	2194	622
3566	2679	2024	655
3567	2602	1953	649
3568	2992	2301	691
3569	2915	2263	652
3570	2768	2123	645
3571	2546	1928	618
3572	2784	2117	667
3573	3047	2339	708
3574	2616	2003	613
3575	2503	1896	607
3576	2630	1981	649
3577	2789	2148	641
3578	2609	1982	627
3579	2588	1896	692
3580	2695	2072	623
3581	2653	2119	534
3582	2728	2035	693
3583	2610	1930	680
3584	2842	2137	705
3585	2913	2259	654
3586	2663	2066	597
3587	2444	1871	573
3588	2794	2175	619
3589	2925	2282	643
3590	2658	2040	618
3591	2509	1864	645
3592	2857	2112	745
3593	2899	2246	653
3594	2760	2107	653
3595	2658	1990	668
3596	2800	2158	642
3597	2970	2303	667
3598	2769	2114	655
3599	2585	1951	634
3600	2810	2168	642
3601	2946	2297	649
3602	2761	2070	691
3603	2547	1908	639
3604	2765	2113	652
3605	2795	2152	643
3606	2777	2085	692
3607	2693	1995	698
3608	2758	2121	637
3609	2681	2126	555
3610	2646	2063	583
3611	2617	2022	595
3612	2919	2261	658
3613	3104	2397	707
3614	2749	2083	666
3615	2588	1945	643
3616	2682	2066	616
3617	2698	2130	568
3618	2608	2007	601
3619	2689	1995	694
3620	2814	2119	695
3621	3022	2323	699
3622	2989	2274	715
3623	2736	2044	692
3624	2827	2115	712
3625	2889	2183	706
3626	2980	2239	741
3627	2660	2023	637
3628	2710	2100	610
3629	2795	2195	600
3630	2737	2095	642
3631	2575	1936	639
3632	2773	2180	593
3633	2923	2328	595
3634	2756	2120	636
3635	2555	1881	674
3636	2684	2059	625
3637	2823	2212	611
3638	2873	2238	635
3639	2736	2100	636
3640	2774	2153	621
3641	2877	2240	637
3642	2668	2054	614
3643	2445	1870	575
3644	2644	2044	600
3645	2839	2229	610
3646	2717	2122	595
3647	2648	2022	626
3648	2861	2246	615
