index	original	background	difference
-----------------------------------------------------
1	3120	2270	850
2	2879	2116	763
3	2776	2044	732
4	2830	2105	725
5	2784	2099	685
6	2917	2188	729
7	3008	2181	827
8	3013	2211	802
9	2898	2187	711
10	2781	2005	776
11	2740	1971	769
12	2825	2099	726
13	2980	2229	751
14	2986	2194	792
15	2803	2039	764
16	2864	2140	724
17	2900	2176	724
18	2947	2107	840
19	2743	1926	817
20	2791	2002	789
21	3015	2159	856
22	2938	2077	861
23	2894	2013	881
24	2954	2131	823
25	2963	2168	795
26	2888	2058	830
27	2686	1903	783
28	2726	1972	754
29	2854	2072	782
30	2891	2063	828
31	2825	1997	828
32	2878	2089	789
33	2888	2100	788
34	2799	2012	787
35	2899	2087	812
36	3006	2155	851
37	3006	2153	853
38	2926	2068	858
39	2756	1954	802
40	2793	2025	768
41	2915	2114	801
42	2794	1998	796
43	2740	1945	795
44	2881	2051	830
45	3048	2199	849
46	3000	2142	858
47	2870	2041	829
48	2838	2047	791
49	2928	2151	777
50	3037	2186	851
51	3003	2143	860
52	2957	2127	830
53	3133	2234	899
54	2923	2052	871
55	2686	1875	811
56	2899	2058	841
57	3178	2280	898
58	2933	2054	879
59	2754	1922	832
60	2977	2063	914
61	3135	2243	892
62	2998	2164	834
63	2883	2021	862
64	2979	2109	870
65	3063	2182	881
66	2961	2090	871
67	2940	1992	948
68	2978	2051	927
69	2912	2063	849
70	2848	1976	872
71	2938	2063	875
72	3250	2306	944
73	3096	2208	888
74	2829	2047	782
75	2690	1906	784
76	2843	2013	830
77	3015	2144	871
78	2906	2082	824
79	2908	2072	836
80	2989	2128	861
81	3082	2190	892
82	2838	2011	827
83	2813	2009	804
84	2990	2097	893
85	3080	2181	899
86	2945	2098	847
87	2935	2044	891
88	3018	2110	908
89	3058	2187	871
90	2966	2098	868
91	3122	2177	945
92	3235	2279	956
93	3005	2130	875
94	2859	2024	835
95	2856	1960	896
96	3070	2140	930
97	3217	2264	953
98	3066	2123	943
99	2957	2050	907
100	2934	2087	847
101	3013	2148	865
102	3107	2098	1009
103	3042	2061	981
104	3210	2265	945
105	3326	2350	976
106	3185	2206	979
107	3015	2063	952
108	3039	2158	881
109	3165	2221	944
110	3047	2111	936
111	3150	2180	970
112	3217	2219	998
113	3103	2120	983
114	3102	2096	1006
115	3039	2086	953
116	3082	2138	944
117	3219	2219	1000
118	2966	2070	896
119	2892	1995	897
120	3005	2083	922
121	2985	2129	856
122	2944	2053	891
123	2875	1936	939
124	2909	2038	871
125	2982	2099	883
126	3031	2078	953
127	3081	2113	968
128	3335	2384	951
129	3263	2322	941
130	3034	2133	901
131	2965	2017	948
132	3238	2189	1049
133	3186	2193	993
134	2952	1992	960
135	2949	2010	939
136	3118	2176	942
137	3217	2223	994
138	3072	2091	981
139	3074	2096	978
140	3046	2061	985
141	3113	2109	1004
142	3121	2162	959
143	3105	2085	1020
144	3179	2154	1025
145	3138	2139	999
146	3184	2160	1024
147	3106	2084	1022
148	3088	2075	1013
149	3285	2253	1032
150	3245	2220	1025
151	2997	2036	961
152	3225	2212	1013
153	3381	2287	1094
154	3361	2212	1149
155	3208	2156	1052
156	3232	2290	942
157	3112	2200	912
158	2939	2042	897
159	3001	2020	981
160	3221	2178	1043
161	3289	2231	1058
162	3105	2099	1006
163	3062	2099	963
164	3308	2268	1040
165	3288	2255	1033
166	3169	2151	1018
167	3123	2068	1055
168	3213	2150	1063
169	3268	2214	1054
170	3131	2131	1000
171	3188	2107	1081
172	3223	2198	1025
173	3257	2230	1027
174	3076	2057	1019
175	3096	2050	1046
176	3098	2112	986
177	3170	2157	1013
178	3108	2075	1033
179	3124	2075	1049
180	3342	2265	1077
181	3380	2267	1113
182	3342	2185	1157
183	3071	1994	1077
184	3083	2102	981
185	3209	2187	1022
186	3113	2071	1042
187	3065	1982	1083
188	3119	2081	1038
189	3235	2226	1009
190	3217	2222	995
191	3208	2135	1073
192	3421	2245	1176
193	3362	2227	1135
194	3195	2107	1088
195	3120	2043	1077
196	3285	2188	1097
197	3327	2218	1109
198	3125	2093	1032
199	3298	2185	1113
200	3325	2236	1089
201	3263	2226	1037
202	3261	2182	1079
203	3153	2061	1092
204	3395	2264	1131
205	3373	2271	1102
206	3189	2110	1079
207	3117	2013	1104
208	3144	2062	1082
209	3390	2238	1152
210	3332	2182	1150
211	3134	2050	1084
212	3413	2293	1120
213	3345	2250	1095
214	3179	2096	1083
215	3115	2020	1095
216	3366	2237	1129
217	3478	2308	1170
218	3181	2053	1128
219	3235	2074	1161
220	3448	2330	1118
221	3404	2292	1112
222	3235	2151	1084
223	3224	2054	1170
224	3287	2148	1139
225	3524	2358	1166
226	3302	2141	1161
227	3296	2116	1180
228	3459	2261	1198
229	3513	2321	1192
230	3269	2141	1128
231	3165	2045	1120
232	3326	2205	1121
233	3663	2417	1246
234	3480	2271	1209
235	3255	2104	1151
236	3287	2137	1150
237	3397	2231	1166
238	3321	2143	1178
239	3265	2079	1186
240	3382	2193	1189
241	3612	2361	1251
242	3481	2238	1243
243	3512	2216	1296
244	3482	2226	1256
245	3355	2205	1150
246	3313	2139	1174
247	3246	2074	1172
248	3452	2233	1219
249	3617	2339	1278
250	3450	2195	1255
251	3231	2024	1207
252	3458	2227	1231
253	3423	2252	1171
254	3406	2209	1197
255	3442	2151	1291
256	3472	2214	1258
257	3482	2219	1263
258	3288	2049	1239
259	3272	2031	1241
260	3364	2137	1227
261	3456	2199	1257
262	3519	2243	1276
263	3391	2116	1275
264	3533	2250	1283
265	3436	2173	1263
266	3369	2120	1249
267	3349	2068	1281
268	3595	2285	1310
269	3648	2313	1335
270	3585	2231	1354
271	3647	2311	1336
272	3556	2253	1303
273	3409	2161	1248
274	3326	2123	1203
275	3489	2153	1336
276	3537	2200	1337
277	3474	2155	1319
278	3351	2098	1253
279	3285	2059	1226
280	3378	2124	1254
281	3441	2166	1275
282	3389	2114	1275
283	3356	2120	1236
284	3573	2281	1292
285	3716	2306	1410
286	3451	2075	1376
287	3324	1993	1331
288	3581	2218	1363
289	3759	2354	1405
290	3717	2285	1432
291	3425	2106	1319
292	3445	2144	1301
293	3552	2245	1307
294	3477	2115	1362
295	3423	2044	1379
296	3515	2161	1354
297	3500	2174	1326
298	3419	2122	1297
299	3436	2064	1372
300	3515	2160	1355
301	3469	2216	1253
302	3393	2076	1317
303	3507	2073	1434
304	3517	2175	1342
305	3544	2206	1338
306	3505	2183	1322
307	3422	2109	1313
308	3561	2141	1420
309	3808	2356	1452
310	3546	2144	1402
311	3400	1992	1408
312	3550	2106	1444
313	3639	2237	1402
314	3692	2280	1412
315	3655	2195	1460
316	3660	2240	1420
317	3566	2184	1382
318	3534	2118	1416
319	3553	2118	1435
320	3590	2189	1401
321	3631	2236	1395
322	3689	2205	1484
323	3557	2113	1444
324	3601	2157	1444
325	3649	2204	1445
326	3484	2084	1400
327	3391	2043	1348
328	3649	2243	1406
329	3823	2318	1505
330	3564	2181	1383
331	3412	2031	1381
332	3680	2238	1442
333	4931	2790	2141
334	4230	2433	1797
335	3628	2197	1431
336	3828	2356	1472
337	3773	2323	1450
338	3623	2147	1476
339	3629	2142	1487
340	3689	2240	1449
341	3745	2279	1466
342	3735	2257	1478
343	3618	2169	1449
344	3618	2154	1464
345	3716	2262	1454
346	3720	2242	1478
347	3525	2060	1465
348	3560	2138	1422
349	3671	2195	1476
350	3649	2161	1488
351	3652	2173	1479
352	3870	2417	1453
353	3744	2332	1412
354	3487	2099	1388
355	3571	2095	1476
356	3743	2210	1533
357	3766	2248	1518
358	3704	2193	1511
359	3513	2052	1461
360	3571	2136	1435
361	3675	2230	1445
362	3643	2241	1402
363	3630	2138	1492
364	3638	2126	1512
365	3679	2155	1524
366	3577	2074	1503
367	3484	1984	1500
368	3724	2229	1495
369	3853	2346	1507
370	3719	2246	1473
371	3606	2164	1442
372	3813	2261	1552
373	3867	2278	1589
374	3679	2154	1525
375	3762	2184	1578
376	3819	2259	1560
377	3862	2302	1560
378	3768	2250	1518
379	3680	2097	1583
380	3821	2273	1548
381	3819	2282	1537
382	3772	2205	1567
383	3642	2076	1566
384	3807	2244	1563
385	3916	2311	1605
386	3751	2190	1561
387	3688	2158	1530
388	3876	2340	1536
389	3971	2421	1550
390	3751	2228	1523
391	3668	2169	1499
392	3855	2281	1574
393	3761	2201	1560
394	3721	2274	1447
395	3629	2171	1458
396	3636	2155	1481
397	3718	2205	1513
398	3733	2158	1575
399	3635	2077	1558
400	3789	2225	1564
401	3814	2282	1532
402	3629	2141	1488
403	3654	2110	1544
404	3956	2337	1619
405	3886	2301	1585
406	3978	2399	1579
407	3794	2211	1583
408	3866	2285	1581
409	3766	2216	1550
410	3596	2073	1523
411	3696	2121	1575
412	3766	2209	1557
413	3805	2246	1559
414	3836	2190	1646
415	3715	2111	1604
416	3843	2255	1588
417	3830	2255	1575
418	3654	2093	1561
419	3571	2011	1560
420	3738	2126	1612
421	3709	2151	1558
422	3573	2083	1490
423	3803	2287	1516
424	3844	2313	1531
425	3802	2305	1497
426	3610	2060	1550
427	3580	1955	1625
428	3818	2199	1619
429	4109	2506	1603
430	3817	2261	1556
431	3728	2116	1612
432	3908	2306	1602
433	4055	2413	1642
434	3811	2174	1637
435	3619	2011	1608
436	3865	2298	1567
437	3928	2382	1546
438	3610	2126	1484
439	3508	2036	1472
440	3818	2277	1541
441	3891	2283	1608
442	3620	2021	1599
443	3667	2041	1626
444	3853	2240	1613
445	3993	2400	1593
446	3834	2214	1620
447	3687	2083	1604
448	3970	2331	1639
449	4092	2441	1651
450	3915	2258	1657
451	3728	2040	1688
452	3848	2208	1640
453	3948	2325	1623
454	3811	2178	1633
455	3707	2077	1630
456	3834	2235	1599
457	4044	2393	1651
458	3773	2170	1603
459	3713	2079	1634
460	3941	2340	1601
461	3951	2392	1559
462	3844	2230	1614
463	3559	1990	1569
464	3709	2155	1554
465	3969	2304	1665
466	3719	2071	1648
467	3600	1980	1620
468	3845	2246	1599
469	4083	2450	1633
470	3972	2344	1628
471	3705	2082	1623
472	3796	2211	1585
473	4015	2408	1607
474	3844	2226	1618
475	3591	1984	1607
476	3765	2156	1609
477	3975	2335	1640
478	3904	2212	1692
479	3600	2002	1598
480	3821	2247	1574
481	4014	2410	1604
482	3982	2347	1635
483	3788	2140	1648
484	3929	2247	1682
485	3986	2300	1686
486	3765	2144	1621
487	3535	1942	1593
488	3834	2208	1626
489	3939	2347	1592
490	3700	2082	1618
491	3600	1955	1645
492	3897	2259	1638
493	4018	2397	1621
494	3812	2161	1651
495	3805	2135	1670
496	3950	2339	1611
497	3922	2313	1609
498	3645	2131	1514
499	3505	1967	1538
500	3741	2202	1539
501	3988	2386	1602
502	3718	2139	1579
503	3680	2037	1643
504	3949	2264	1685
505	3999	2324	1675
506	3937	2251	1686
507	3792	2113	1679
508	4063	2380	1683
509	4195	2516	1679
510	3963	2279	1684
511	3756	2036	1720
512	3835	2281	1554
513	3952	2406	1546
514	3884	2275	1609
515	4001	2237	1764
516	4054	2312	1742
517	3975	2282	1693
518	3828	2160	1668
519	3870	2159	1711
520	4048	2387	1661
521	4034	2383	1651
522	3863	2237	1626
523	3861	2199	1662
524	3901	2307	1594
525	4088	2456	1632
526	3920	2197	1723
527	3666	1973	1693
528	3937	2235	1702
529	4068	2369	1699
530	3876	2143	1733
531	3620	1942	1678
532	3722	2162	1560
533	3912	2313	1599
534	3795	2173	1622
535	4549	2828	1721
536	4425	2717	1708
537	4080	2375	1705
538	3843	2168	1675
539	3684	2028	1656
540	3788	2178	1610
541	4010	2370	1640
542	3803	2162	1641
543	3574	1950	1624
544	3891	2234	1657
545	4074	2429	1645
546	3828	2188	1640
547	3658	2073	1585
548	3949	2312	1637
549	4295	2563	1732
550	3900	2222	1678
551	3578	2000	1578
552	4159	2520	1639
553	4219	2522	1697
554	3989	2302	1687
555	3790	2104	1686
556	3902	2268	1634
557	3962	2289	1673
558	3726	2069	1657
559	3711	2025	1686
560	3850	2214	1636
561	4202	2544	1658
562	3891	2238	1653
563	3625	1980	1645
564	3899	2236	1663
565	4103	2398	1705
566	3873	2184	1689
567	3764	2073	1691
568	3900	2285	1615
569	3954	2371	1583
570	3805	2136	1669
571	3605	1980	1625
572	3832	2241	1591
573	3958	2338	1620
574	3793	2131	1662
575	3605	1973	1632
576	3931	2202	1729
577	4008	2354	1654
578	3864	2198	1666
579	3814	2127	1687
580	3970	2321	1649
581	4113	2396	1717
582	3807	2157	1650
583	3573	1947	1626
584	3790	2172	1618
585	3867	2245	1622
586	3855	2208	1647
587	3667	2082	1585
588	3849	2260	1589
589	4038	2363	1675
590	3935	2189	1746
591	3708	2024	1684
592	3785	2151	1634
593	3931	2296	1635
594	3645	2036	1609
595	3612	1940	1672
596	3774	2161	1613
597	3995	2336	1659
598	4037	2267	1770
599	3779	2058	1721
600	3831	2229	1602
601	3954	2317	1637
602	3866	2196	1670
603	3771	2083	1688
604	3853	2193	1660
605	3937	2260	1677
606	3801	2101	1700
607	3732	1994	1738
608	4016	2273	1743
609	3999	2294	1705
610	3872	2141	1731
611	3820	2079	1741
612	3923	2242	1681
613	4052	2313	1739
614	3943	2229	1714
615	3699	2064	1635
616	3927	2240	1687
617	4106	2361	1745
618	3849	2113	1736
619	3678	2028	1650
620	4150	2443	1707
621	4172	2439	1733
622	3896	2189	1707
623	3816	2065	1751
624	3939	2217	1722
625	4024	2315	1709
626	3865	2175	1690
627	3711	2054	1657
628	4024	2311	1713
629	4107	2363	1744
630	3909	2176	1733
631	3735	2014	1721
632	4017	2250	1767
633	4244	2414	1830
634	4181	2380	1801
635	3938	2148	1790
636	4159	2372	1787
637	4143	2359	1784
638	3948	2174	1774
639	3796	2036	1760
640	3985	2214	1771
641	4064	2264	1800
642	3823	2039	1784
643	3808	2004	1804
644	3915	2186	1729
645	4087	2322	1765
646	4191	2373	1818
647	4081	2205	1876
648	4140	2321	1819
649	4183	2368	1815
650	3863	2042	1821
651	3786	1938	1848
652	4156	2300	1856
653	4258	2407	1851
654	4021	2197	1824
655	3877	2037	1840
656	4057	2181	1876
657	4112	2287	1825
658	4031	2169	1862
659	3829	1977	1852
660	3959	2136	1823
661	4194	2392	1802
662	4009	2214	1795
663	3758	1978	1780
664	3895	2122	1773
665	4035	2256	1779
666	3843	2066	1777
667	3766	2019	1747
668	4017	2229	1788
669	4145	2270	1875
670	4004	2097	1907
671	3891	1977	1914
672	4076	2234	1842
673	4196	2385	1811
674	4103	2258	1845
675	3918	2093	1825
676	4077	2204	1873
677	4147	2270	1877
678	3978	2115	1863
679	3978	2087	1891
680	4114	2237	1877
681	4127	2239	1888
682	4048	2148	1900
683	3884	1994	1890
684	4249	2302	1947
685	4408	2456	1952
686	4033	2169	1864
687	3939	2069	1870
688	4044	2219	1825
689	4218	2317	1901
690	4116	2189	1927
691	3996	2089	1907
692	4113	2251	1862
693	4252	2386	1866
694	4066	2103	1963
695	4011	2007	2004
696	4151	2159	1992
697	4193	2215	1978
698	4107	2130	1977
699	4026	2041	1985
700	4525	2502	2023
701	4492	2479	2013
702	4193	2170	2023
703	4000	2041	1959
704	4328	2369	1959
705	4424	2435	1989
706	4298	2281	2017
707	4014	2064	1950
708	4179	2237	1942
709	4361	2378	1983
710	4077	2112	1965
711	3934	1996	1938
712	4330	2353	1977
713	4544	2488	2056
714	4105	2108	1997
715	4055	2022	2033
716	4337	2301	2036
717	4397	2382	2015
718	4278	2246	2032
719	4122	2076	2046
720	4208	2193	2015
721	4327	2297	2030
722	4380	2288	2092
723	4199	2101	2098
724	4325	2248	2077
725	4549	2430	2119
726	4304	2209	2095
727	4105	2034	2071
728	4258	2197	2061
729	4371	2290	2081
730	4222	2152	2070
731	4129	2002	2127
732	4564	2428	2136
733	4594	2472	2122
734	4396	2216	2180
735	4313	2097	2216
736	4455	2303	2152
737	4483	2366	2117
738	4433	2232	2201
739	4276	2096	2180
740	4660	2402	2258
741	4713	2465	2248
742	4308	2136	2172
743	4191	2003	2188
744	4441	2263	2178
745	4514	2346	2168
746	4387	2237	2150
747	4277	2053	2224
748	4445	2230	2215
749	4479	2330	2149
750	4265	2158	2107
751	4280	2079	2201
752	4495	2301	2194
753	4509	2350	2159
754	4262	2113	2149
755	4136	1929	2207
756	4471	2268	2203
757	4724	2462	2262
758	4492	2261	2231
759	4235	2077	2158
760	4444	2230	2214
761	4585	2365	2220
762	4434	2155	2279
763	4375	2057	2318
764	4625	2251	2374
765	4638	2310	2328
766	4380	2110	2270
767	4382	2012	2370
768	4775	2357	2418
769	4852	2476	2376
770	4506	2157	2349
771	4432	2061	2371
772	4579	2235	2344
773	4827	2364	2463
774	4601	2176	2425
775	4386	2017	2369
776	5032	2673	2359
777	5155	2648	2507
778	4674	2183	2491
779	4561	2088	2473
780	4852	2334	2518
781	5041	2479	2562
782	4786	2263	2523
783	4582	2054	2528
784	4692	2209	2483
785	4754	2264	2490
786	4644	2237	2407
787	4632	2095	2537
788	4901	2268	2633
789	4934	2311	2623
790	4633	2060	2573
791	4526	1961	2565
792	4887	2306	2581
793	5257	2531	2726
794	4969	2215	2754
795	4638	1987	2651
796	4893	2278	2615
797	4945	2364	2581
798	4652	2086	2566
799	4778	2136	2642
800	5006	2349	2657
801	5039	2380	2659
802	4756	2158	2598
803	4635	2017	2618
804	4921	2271	2650
805	5030	2389	2641
806	4809	2143	2666
807	4682	2025	2657
808	5095	2376	2719
809	5185	2443	2742
810	5003	2247	2756
811	5006	2228	2778
812	5135	2383	2752
813	5220	2444	2776
814	5117	2350	2767
815	4918	2158	2760
816	5204	2439	2765
817	5233	2442	2791
818	4966	2182	2784
819	4984	2140	2844
820	5144	2294	2850
821	5183	2343	2840
822	5306	2424	2882
823	5117	2264	2853
824	5124	2291	2833
825	5246	2317	2929
826	5109	2179	2930
827	5053	2162	2891
828	5251	2371	2880
829	5471	2492	2979
830	5111	2187	2924
831	4921	2055	2866
832	5136	2231	2905
833	5221	2336	2885
834	5086	2182	2904
835	5058	2062	2996
836	5360	2396	2964
837	5427	2479	2948
838	5143	2170	2973
839	5040	2047	2993
840	5315	2303	3012
841	5369	2346	3023
842	5100	2140	2960
843	4942	1993	2949
844	5280	2269	3011
845	5581	2529	3052
846	5340	2288	3052
847	5190	2114	3076
848	5436	2279	3157
849	5544	2333	3211
850	5395	2247	3148
851	5343	2189	3154
852	5430	2294	3136
853	5536	2402	3134
854	5439	2237	3202
855	5207	2063	3144
856	5405	2313	3092
857	5546	2366	3180
858	5444	2193	3251
859	5276	2015	3261
860	5431	2241	3190
861	5603	2361	3242
862	5401	2174	3227
863	5306	2015	3291
864	5448	2192	3256
865	5669	2400	3269
866	5524	2254	3270
867	5354	2048	3306
868	5559	2213	3346
869	5819	2423	3396
870	5643	2277	3366
871	5434	2055	3379
872	5573	2203	3370
873	5668	2304	3364
874	5494	2158	3336
875	5435	2098	3337
876	5624	2276	3348
877	5767	2378	3389
878	5568	2197	3371
879	5432	2065	3367
880	5618	2272	3346
881	5712	2375	3337
882	5630	2259	3371
883	5495	2057	3438
884	5686	2274	3412
885	5757	2417	3340
886	5542	2185	3357
887	5542	2050	3492
888	5650	2152	3498
889	5771	2246	3525
890	5895	2316	3579
891	5721	2163	3558
892	5817	2285	3532
893	6025	2383	3642
894	5896	2217	3679
895	5737	2105	3632
896	5914	2267	3647
897	5988	2295	3693
898	5926	2244	3682
899	5761	2086	3675
900	5945	2261	3684
901	6057	2308	3749
902	5854	2185	3669
903	5849	2126	3723
904	6152	2394	3758
905	6112	2359	3753
906	5907	2196	3711
907	5751	2045	3706
908	6036	2319	3717
909	6225	2477	3748
910	5961	2189	3772
911	5769	1983	3786
912	5955	2174	3781
913	6063	2309	3754
914	5918	2166	3752
915	5794	2006	3788
916	6078	2232	3846
917	6308	2399	3909
918	6051	2176	3875
919	5977	2078	3899
920	6191	2253	3938
921	6225	2339	3886
922	6038	2146	3892
923	5888	1959	3929
924	6005	2106	3899
925	6219	2306	3913
926	6044	2138	3906
927	5946	2014	3932
928	6235	2251	3984
929	6399	2423	3976
930	6138	2203	3935
931	5977	2053	3924
932	6231	2252	3979
933	6529	2448	4081
934	6245	2220	4025
935	5981	1982	3999
936	6222	2177	4045
937	6342	2313	4029
938	6061	2104	3957
939	6512	2395	4117
940	6631	2479	4152
941	6747	2596	4151
942	6273	2206	4067
943	5991	1908	4083
944	6381	2213	4168
945	6601	2408	4193
946	6313	2194	4119
947	6325	2101	4224
948	6291	2264	4027
949	6353	2379	3974
950	6454	2338	4116
951	6314	2207	4107
952	6426	2303	4123
953	6399	2359	4040
954	6322	2210	4112
955	6390	2140	4250
956	6560	2335	4225
957	6873	2619	4254
958	6375	2238	4137
959	6198	2082	4116
960	6476	2326	4150
961	6596	2406	4190
962	6554	2281	4273
963	6573	2307	4266
964	6932	2615	4317
965	6703	2444	4259
966	6271	2087	4184
967	6207	2036	4171
968	6657	2373	4284
969	6622	2373	4249
970	6327	2167	4160
971	6282	2085	4197
972	6318	2162	4156
973	6519	2327	4192
974	6516	2229	4287
975	6363	2064	4299
976	6499	2278	4221
977	6554	2298	4256
978	6363	2115	4248
979	6451	2122	4329
980	6629	2330	4299
981	6753	2385	4368
982	6436	2166	4270
983	6396	2082	4314
984	6765	2324	4441
985	6777	2351	4426
986	6657	2240	4417
987	6554	2102	4452
988	6681	2282	4399
989	6648	2368	4280
990	6404	2125	4279
991	6376	2029	4347
992	6675	2332	4343
993	6806	2435	4371
994	6540	2174	4366
995	6334	2026	4308
996	6597	2292	4305
997	6719	2364	4355
998	6459	2148	4311
999	6404	2148	4256
1000	6633	2266	4367
1001	6676	2289	4387
1002	6494	2129	4365
1003	6331	2008	4323
1004	6682	2309	4373
1005	6719	2390	4329
1006	6380	2123	4257
1007	6282	2027	4255
1008	6519	2274	4245
1009	6718	2405	4313
1010	6862	2462	4400
1011	6575	2244	4331
1012	6458	2226	4232
1013	6829	2543	4286
1014	6554	2250	4304
1015	6342	2041	4301
1016	6530	2255	4275
1017	6674	2340	4334
1018	6601	2206	4395
1019	6457	2031	4426
1020	6693	2273	4420
1021	6829	2397	4432
1022	6778	2303	4475
1023	6763	2200	4563
1024	6744	2305	4439
1025	6753	2331	4422
1026	6524	2126	4398
1027	6398	2052	4346
1028	6772	2383	4389
1029	6874	2395	4479
1030	6770	2251	4519
1031	6659	2148	4511
1032	6729	2265	4464
1033	6782	2331	4451
1034	6731	2236	4495
1035	6676	2107	4569
1036	6772	2216	4556
1037	6966	2421	4545
1038	6924	2357	4567
1039	6760	2218	4542
1040	6761	2339	4422
1041	6840	2440	4400
1042	6681	2241	4440
1043	6518	2065	4453
1044	6514	2094	4420
1045	6888	2420	4468
1046	6732	2280	4452
1047	6522	2060	4462
1048	6745	2320	4425
1049	6895	2457	4438
1050	6692	2253	4439
1051	6527	2133	4394
1052	6829	2474	4355
1053	6821	2467	4354
1054	7148	2739	4409
1055	6728	2347	4381
1056	6617	2236	4381
1057	6768	2416	4352
1058	6621	2248	4373
1059	6403	2045	4358
1060	6577	2287	4290
1061	6674	2397	4277
1062	6322	2158	4164
1063	6330	2132	4198
1064	6439	2267	4172
1065	6518	2370	4148
1066	6385	2211	4174
1067	6297	2044	4253
1068	6652	2345	4307
1069	6651	2386	4265
1070	6592	2248	4344
1071	6470	2140	4330
1072	6542	2192	4350
1073	6834	2384	4450
1074	6828	2263	4565
1075	6565	2022	4543
1076	6826	2334	4492
1077	6866	2415	4451
1078	6620	2186	4434
1079	6616	2158	4458
1080	6951	2417	4534
1081	6871	2383	4488
1082	6703	2225	4478
1083	6541	2064	4477
1084	6710	2238	4472
1085	6727	2251	4476
1086	6588	2166	4422
1087	6446	2074	4372
1088	6696	2271	4425
1089	6846	2372	4474
1090	6697	2176	4521
1091	6686	2166	4520
1092	6893	2376	4517
1093	6850	2412	4438
1094	6671	2178	4493
1095	6456	2024	4432
1096	6612	2213	4399
1097	6844	2393	4451
1098	6654	2238	4416
1099	6332	2034	4298
1100	6441	2121	4320
1101	6761	2381	4380
1102	6671	2219	4452
1103	6541	2093	4448
1104	6766	2275	4491
1105	6736	2306	4430
1106	6516	2126	4390
1107	6487	2045	4442
1108	6666	2218	4448
1109	6793	2274	4519
1110	6635	2117	4518
1111	6713	2210	4503
1112	6859	2375	4484
1113	6932	2419	4513
1114	6579	2188	4391
1115	6396	2008	4388
1116	6439	2148	4291
1117	6639	2279	4360
1118	6753	2255	4498
1119	6654	2114	4540
1120	6729	2211	4518
1121	6825	2272	4553
1122	6786	2241	4545
1123	6787	2161	4626
1124	7052	2421	4631
1125	7072	2422	4650
1126	6661	2134	4527
1127	6567	2017	4550
1128	6778	2213	4565
1129	6791	2265	4526
1130	6658	2083	4575
1131	6643	2030	4613
1132	6770	2202	4568
1133	6995	2350	4645
1134	6817	2147	4670
1135	6655	2014	4641
1136	6993	2348	4645
1137	7090	2436	4654
1138	6787	2194	4593
1139	6708	2072	4636
1140	6877	2286	4591
1141	7020	2313	4707
1142	6916	2208	4708
1143	7005	2236	4769
1144	6994	2341	4653
1145	6941	2322	4619
1146	6952	2219	4733
1147	6754	2066	4688
1148	6912	2198	4714
1149	7018	2295	4723
1150	6860	2112	4748
1151	7119	2229	4890
1152	7166	2258	4908
1153	7175	2297	4878
1154	7089	2198	4891
1155	6925	2114	4811
1156	7123	2273	4850
1157	7484	2557	4927
1158	7133	2252	4881
1159	6837	2035	4802
1160	7135	2354	4781
1161	7215	2420	4795
1162	6993	2175	4818
1163	6955	2094	4861
1164	7099	2237	4862
1165	7186	2392	4794
1166	7043	2229	4814
1167	6974	2091	4883
1168	7368	2368	5000
1169	7406	2397	5009
1170	7050	2122	4928
1171	7264	2291	4973
1172	7477	2526	4951
1173	7463	2493	4970
1174	7230	2218	5012
1175	7017	2044	4973
1176	7238	2264	4974
1177	7424	2330	5094
1178	7213	2166	5047
1179	7055	1969	5086
1180	7172	2129	5043
1181	7424	2350	5074
1182	7296	2175	5121
1183	7199	2031	5168
1184	7322	2261	5061
1185	7396	2301	5095
1186	7267	2165	5102
1187	7132	2025	5107
1188	7246	2117	5129
1189	7446	2300	5146
1190	7413	2216	5197
1191	7263	2052	5211
1192	7554	2265	5289
1193	7633	2345	5288
1194	7282	2102	5180
1195	7123	1992	5131
1196	7381	2174	5207
1197	7611	2347	5264
1198	7368	2164	5204
1199	7427	2134	5293
1200	7771	2452	5319
1201	7888	2518	5370
1202	7534	2153	5381
1203	7465	2086	5379
1204	7695	2336	5359
1205	7973	2526	5447
1206	7666	2241	5425
1207	7384	2053	5331
1208	7511	2160	5351
1209	7604	2290	5314
1210	7548	2208	5340
1211	7561	2122	5439
1212	7674	2253	5421
1213	7766	2360	5406
1214	7611	2188	5423
1215	7535	2069	5466
1216	7626	2219	5407
1217	7783	2355	5428
1218	7646	2218	5428
1219	7488	2091	5397
1220	7717	2283	5434
1221	7861	2369	5492
1222	7727	2212	5515
1223	7573	2069	5504
1224	7790	2226	5564
1225	7886	2297	5589
1226	7647	2102	5545
1227	7491	1948	5543
1228	7914	2346	5568
1229	8060	2439	5621
1230	7885	2197	5688
1231	7732	2083	5649
1232	7893	2292	5601
1233	8023	2317	5706
1234	7907	2155	5752
1235	7744	2086	5658
1236	7948	2326	5622
1237	8110	2387	5723
1238	7946	2157	5789
1239	7739	1943	5796
1240	8090	2227	5863
1241	8302	2458	5844
1242	7979	2173	5806
1243	7857	2019	5838
1244	8116	2252	5864
1245	8270	2406	5864
1246	8084	2162	5922
1247	8073	2099	5974
1248	8316	2310	6006
1249	8303	2346	5957
1250	8142	2137	6005
1251	8116	2105	6011
1252	8231	2246	5985
1253	8214	2259	5955
1254	8098	2157	5941
1255	8122	2107	6015
1256	8406	2345	6061
1257	8335	2346	5989
1258	8153	2107	6046
1259	7986	2002	5984
1260	8203	2209	5994
1261	8419	2279	6140
1262	8590	2356	6234
1263	8268	2140	6128
1264	8372	2270	6102
1265	8497	2306	6191
1266	8293	2172	6121
1267	8222	2077	6145
1268	8455	2265	6190
1269	8602	2360	6242
1270	8305	2090	6215
1271	8252	2018	6234
1272	9118	2800	6318
1273	8999	2613	6386
1274	8564	2199	6365
1275	8409	2020	6389
1276	8486	2170	6316
1277	8721	2318	6403
1278	8665	2147	6518
1279	8490	2074	6416
1280	8703	2336	6367
1281	8854	2322	6532
1282	8796	2231	6565
1283	8666	2074	6592
1284	8843	2231	6612
1285	8886	2338	6548
1286	8743	2148	6595
1287	8719	2081	6638
1288	8956	2294	6662
1289	9079	2413	6666
1290	8836	2223	6613
1291	8745	2090	6655
1292	9127	2336	6791
1293	9185	2376	6809
1294	8807	2080	6727
1295	8751	1955	6796
1296	9434	2609	6825
1297	9604	2672	6932
1298	9119	2230	6889
1299	8995	2150	6845
1300	9199	2297	6902
1301	9441	2380	7061
1302	9223	2168	7055
1303	9041	2037	7004
1304	9344	2322	7022
1305	9554	2461	7093
1306	9340	2209	7131
1307	9290	2127	7163
1308	9467	2318	7149
1309	9612	2473	7139
1310	9383	2231	7152
1311	9295	2073	7222
1312	9555	2328	7227
1313	9612	2314	7298
1314	9505	2227	7278
1315	9444	2166	7278
1316	9680	2337	7343
1317	9734	2354	7380
1318	9607	2142	7465
1319	9522	2012	7510
1320	9685	2251	7434
1321	10029	2486	7543
1322	9749	2199	7550
1323	9474	1991	7483
1324	9684	2188	7496
1325	9731	2234	7497
1326	9672	2101	7571
1327	9558	1996	7562
1328	9838	2259	7579
1329	10128	2421	7707
1330	9931	2224	7707
1331	9669	2001	7668
1332	9814	2165	7649
1333	10006	2371	7635
1334	9841	2163	7678
1335	9778	2014	7764
1336	10059	2263	7796
1337	10071	2353	7718
1338	9915	2162	7753
1339	9781	2013	7768
1340	10038	2250	7788
1341	10250	2383	7867
1342	10032	2153	7879
1343	9932	2021	7911
1344	10047	2208	7839
1345	10257	2338	7919
1346	10362	2301	8061
1347	10115	2147	7968
1348	10159	2204	7955
1349	10190	2270	7920
1350	10116	2116	8000
1351	9958	1973	7985
1352	10414	2397	8017
1353	10387	2408	7979
1354	10121	2075	8046
1355	10100	2037	8063
1356	10334	2233	8101
1357	10495	2295	8200
1358	10560	2268	8292
1359	10530	2216	8314
1360	10516	2270	8246
1361	10487	2333	8154
1362	10461	2169	8292
1363	10373	2027	8346
1364	10586	2304	8282
1365	10690	2417	8273
1366	10548	2244	8304
1367	10335	2075	8260
1368	10600	2308	8292
1369	10869	2392	8477
1370	10673	2208	8465
1371	10436	2066	8370
1372	10710	2287	8423
1373	10933	2466	8467
1374	10666	2257	8409
1375	10534	2075	8459
1376	10624	2257	8367
1377	10693	2282	8411
1378	10605	2197	8408
1379	10518	2113	8405
1380	10651	2228	8423
1381	10649	2299	8350
1382	10545	2154	8391
1383	10500	2024	8476
1384	10726	2215	8511
1385	10789	2341	8448
1386	10648	2127	8521
1387	10493	2015	8478
1388	11011	2460	8551
1389	11138	2541	8597
1390	10820	2249	8571
1391	10701	2153	8548
1392	10907	2308	8599
1393	10965	2376	8589
1394	10678	2120	8558
1395	10516	1952	8564
1396	10752	2215	8537
1397	10896	2396	8500
1398	10706	2165	8541
1399	10735	2139	8596
1400	10927	2307	8620
1401	11006	2360	8646
1402	10744	2148	8596
1403	10789	2110	8679
1404	11072	2250	8822
1405	11153	2318	8835
1406	10809	2107	8702
1407	10708	2024	8684
1408	10928	2128	8800
1409	11213	2305	8908
1410	11039	2198	8841
1411	10877	2039	8838
1412	11063	2176	8887
1413	11158	2341	8817
1414	11092	2225	8867
1415	11139	2150	8989
1416	11271	2295	8976
1417	11399	2349	9050
1418	11409	2293	9116
1419	11239	2164	9075
1420	11219	2233	8986
1421	11425	2367	9058
1422	11288	2148	9140
1423	11205	2065	9140
1424	11611	2403	9208
1425	11596	2454	9142
1426	11312	2129	9183
1427	11201	1983	9218
1428	11538	2319	9219
1429	11595	2344	9251
1430	11292	2108	9184
1431	11228	2034	9194
1432	11422	2249	9173
1433	11586	2392	9194
1434	11395	2180	9215
1435	11317	2084	9233
1436	11661	2443	9218
1437	11777	2512	9265
1438	11416	2223	9193
1439	11338	2140	9198
1440	11662	2446	9216
1441	11578	2397	9181
1442	11312	2109	9203
1443	11188	2021	9167
1444	11637	2329	9308
1445	11618	2358	9260
1446	11206	2080	9126
1447	11223	1978	9245
1448	11392	2217	9175
1449	11387	2286	9101
1450	11346	2206	9140
1451	11182	2063	9119
1452	11357	2201	9156
1453	11393	2214	9179
1454	11098	2004	9094
1455	11113	1985	9128
1456	11373	2296	9077
1457	11327	2331	8996
1458	11059	2121	8938
1459	10955	1959	8996
1460	11269	2261	9008
1461	11347	2397	8950
1462	10955	2118	8837
1463	11041	2110	8931
1464	11264	2232	9032
1465	11184	2280	8904
1466	11176	2298	8878
1467	10986	2135	8851
1468	11146	2327	8819
1469	11381	2436	8945
1470	11083	2195	8888
1471	10831	2025	8806
1472	11096	2253	8843
1473	11089	2302	8787
1474	10964	2161	8803
1475	10942	2042	8900
1476	11215	2298	8917
1477	11437	2417	9020
1478	11158	2154	9004
1479	10918	2062	8856
1480	11014	2214	8800
1481	11070	2285	8785
1482	11093	2200	8893
1483	11118	2154	8964
1484	11334	2336	8998
1485	11387	2445	8942
1486	11270	2338	8932
1487	11047	2159	8888
1488	11241	2245	8996
1489	11296	2284	9012
1490	10953	2101	8852
1491	11142	2242	8900
1492	11348	2353	8995
1493	11318	2291	9027
1494	11064	2064	9000
1495	10918	2018	8900
1496	11274	2318	8956
1497	11291	2305	8986
1498	11038	2103	8935
1499	10907	1994	8913
1500	11099	2222	8877
1501	11284	2355	8929
1502	11084	2151	8933
1503	10973	2062	8911
1504	11101	2304	8797
1505	11326	2456	8870
1506	11063	2200	8863
1507	10796	2012	8784
1508	10916	2105	8811
1509	11301	2439	8862
1510	11000	2179	8821
1511	10780	1972	8808
1512	11076	2251	8825
1513	11161	2405	8756
1514	11022	2301	8721
1515	10841	2114	8727
1516	11015	2322	8693
1517	11154	2394	8760
1518	10968	2252	8716
1519	10645	2053	8592
1520	10953	2274	8679
1521	11228	2465	8763
1522	11059	2315	8744
1523	10686	2068	8618
1524	10703	2134	8569
1525	10824	2270	8554
1526	10745	2206	8539
1527	10630	2044	8586
1528	10655	2166	8489
1529	10773	2247	8526
1530	10610	2107	8503
1531	10680	2136	8544
1532	10800	2296	8504
1533	10737	2306	8431
1534	10686	2175	8511
1535	10658	2154	8504
1536	10767	2210	8557
1537	10796	2299	8497
1538	10740	2300	8440
1539	10596	2184	8412
1540	10788	2368	8420
1541	10867	2379	8488
1542	10826	2361	8465
1543	10769	2322	8447
1544	10772	2292	8480
1545	10685	2247	8438
1546	10387	2061	8326
1547	10326	2033	8293
1548	10500	2243	8257
1549	10636	2313	8323
1550	10525	2150	8375
1551	10279	1977	8302
1552	10679	2319	8360
1553	10732	2463	8269
1554	10368	2154	8214
1555	10284	2036	8248
1556	10399	2200	8199
1557	10611	2400	8211
1558	10322	2116	8206
1559	10249	2015	8234
1560	10375	2189	8186
1561	10608	2367	8241
1562	10439	2203	8236
1563	10313	2081	8232
1564	10438	2246	8192
1565	10479	2315	8164
1566	10243	2139	8104
1567	10153	2042	8111
1568	10702	2508	8194
1569	10719	2518	8201
1570	10201	2146	8055
1571	9999	2057	7942
1572	11122	3058	8064
1573	10806	2799	8007
1574	10007	2133	7874
1575	9903	2062	7841
1576	10427	2509	7918
1577	10320	2439	7881
1578	10027	2207	7820
1579	10166	2216	7950
1580	10090	2302	7788
1581	10097	2346	7751
1582	9872	2127	7745
1583	9773	2033	7740
1584	9920	2122	7798
1585	9964	2239	7725
1586	9862	2171	7691
1587	9706	2067	7639
1588	9908	2220	7688
1589	10101	2381	7720
1590	9752	2170	7582
1591	9523	1989	7534
1592	9762	2234	7528
1593	9828	2261	7567
1594	9662	2120	7542
1595	9774	2194	7580
1596	10355	2696	7659
1597	10124	2516	7608
1598	9632	2152	7480
1599	9575	2026	7549
1600	9862	2244	7618
1601	9816	2249	7567
1602	9681	2207	7474
1603	9669	2145	7524
1604	9748	2260	7488
1605	9709	2272	7437
1606	9605	2125	7480
1607	9631	2095	7536
1608	9799	2274	7525
1609	9785	2256	7529
1610	9612	2083	7529
1611	9565	2013	7552
1612	9856	2271	7585
1613	9855	2307	7548
1614	9783	2220	7563
1615	9510	2033	7477
1616	9712	2270	7442
1617	9876	2351	7525
1618	9857	2306	7551
1619	9681	2183	7498
1620	9870	2339	7531
1621	9916	2390	7526
1622	9598	2134	7464
1623	9511	2042	7469
1624	9854	2442	7412
1625	9892	2469	7423
1626	9673	2191	7482
1627	9561	2054	7507
1628	9950	2492	7458
1629	10080	2581	7499
1630	9667	2218	7449
1631	9391	1995	7396
1632	9678	2306	7372
1633	9754	2322	7432
1634	9592	2166	7426
1635	9436	2055	7381
1636	9648	2212	7436
1637	9678	2242	7436
1638	9450	2081	7369
1639	9409	2059	7350
1640	9844	2437	7407
1641	9876	2474	7402
1642	9634	2254	7380
1643	9365	2024	7341
1644	9433	2165	7268
1645	9455	2255	7200
1646	9421	2163	7258
1647	9223	2027	7196
1648	9464	2276	7188
1649	9621	2355	7266
1650	9433	2121	7312
1651	9412	2017	7395
1652	9660	2259	7401
1653	9697	2327	7370
1654	9381	2061	7320
1655	9341	2007	7334
1656	9472	2175	7297
1657	9423	2188	7235
1658	9322	2117	7205
1659	9189	2056	7133
1660	9484	2347	7137
1661	9776	2551	7225
1662	9471	2251	7220
1663	9244	2063	7181
1664	9452	2282	7170
1665	9556	2343	7213
1666	9437	2205	7232
1667	9402	2147	7255
1668	9457	2264	7193
1669	9437	2311	7126
1670	9372	2189	7183
1671	9356	2143	7213
1672	9539	2273	7266
1673	9561	2308	7253
1674	9269	2139	7130
1675	9207	1986	7221
1676	9409	2191	7218
1677	9545	2302	7243
1678	9455	2173	7282
1679	9307	2052	7255
1680	9594	2358	7236
1681	9688	2458	7230
1682	9455	2202	7253
1683	9291	2014	7277
1684	9663	2324	7339
1685	9666	2361	7305
1686	9339	2076	7263
1687	9426	2102	7324
1688	9584	2248	7336
1689	9487	2261	7226
1690	9385	2155	7230
1691	9319	2074	7245
1692	9610	2336	7274
1693	9600	2333	7267
1694	9330	2066	7264
1695	9294	2042	7252
1696	9612	2237	7375
1697	9684	2314	7370
1698	9401	2162	7239
1699	9338	2089	7249
1700	9668	2376	7292
1701	9767	2466	7301
1702	9359	2141	7218
1703	9273	2063	7210
1704	9451	2210	7241
1705	9483	2312	7171
1706	9375	2129	7246
1707	9305	2072	7233
1708	9658	2344	7314
1709	9804	2505	7299
1710	9674	2361	7313
1711	9399	2130	7269
1712	9613	2292	7321
1713	9864	2412	7452
1714	9644	2185	7459
1715	9339	1974	7365
1716	9543	2193	7350
1717	9719	2306	7413
1718	9522	2158	7364
1719	9531	2093	7438
1720	9672	2338	7334
1721	9683	2343	7340
1722	9605	2160	7445
1723	9346	2043	7303
1724	9646	2302	7344
1725	9833	2405	7428
1726	9520	2173	7347
1727	9445	2048	7397
1728	9572	2082	7490
1729	9758	2320	7438
1730	9606	2142	7464
1731	9520	2064	7456
1732	9632	2251	7381
1733	9684	2257	7427
1734	9533	2084	7449
1735	9418	1949	7469
1736	9616	2124	7492
1737	9869	2349	7520
1738	9816	2275	7541
1739	9589	2099	7490
1740	9782	2237	7545
1741	9828	2307	7521
1742	9685	2191	7494
1743	9627	2101	7526
1744	9639	2223	7416
1745	9756	2265	7491
1746	9666	2116	7550
1747	9728	2092	7636
1748	9901	2240	7661
1749	9961	2309	7652
1750	9643	2116	7527
1751	9474	1960	7514
1752	9743	2179	7564
1753	9932	2349	7583
1754	9667	2187	7480
1755	9524	2007	7517
1756	9808	2250	7558
1757	9997	2339	7658
1758	9817	2144	7673
1759	9638	1993	7645
1760	9824	2183	7641
1761	9824	2227	7597
1762	9796	2138	7658
1763	9688	2017	7671
1764	9875	2287	7588
1765	10098	2379	7719
1766	9832	2114	7718
1767	9785	2032	7753
1768	9803	2155	7648
1769	9864	2246	7618
1770	9793	2155	7638
1771	9913	2132	7781
1772	10070	2307	7763
1773	10194	2430	7764
1774	10056	2337	7719
1775	9761	2098	7663
1776	9930	2229	7701
1777	10147	2289	7858
1778	9780	2060	7720
1779	9652	1953	7699
1780	9864	2130	7734
1781	10127	2246	7881
1782	10116	2244	7872
1783	9865	2097	7768
1784	9981	2126	7855
1785	10310	2362	7948
1786	10137	2249	7888
1787	9749	1998	7751
1788	10043	2225	7818
1789	10261	2359	7902
1790	10180	2239	7941
1791	9990	2057	7933
1792	10118	2142	7976
1793	10335	2371	7964
1794	10019	2126	7893
1795	9820	1983	7837
1796	10134	2252	7882
1797	10318	2338	7980
1798	10187	2241	7946
1799	10145	2159	7986
1800	10309	2333	7976
1801	10271	2324	7947
1802	9977	2066	7911
1803	9939	2004	7935
1804	10154	2185	7969
1805	10549	2514	8035
1806	10231	2213	8018
1807	9976	1967	8009
1808	10275	2214	8061
1809	10237	2188	8049
1810	10243	2083	8160
1811	10281	2017	8264
1812	10190	2118	8072
1813	10514	2394	8120
1814	10439	2299	8140
1815	10250	2067	8183
1816	10608	2351	8257
1817	10612	2450	8162
1818	10301	2248	8053
1819	10102	2030	8072
1820	10259	2136	8123
1821	10520	2241	8279
1822	10453	2161	8292
1823	10104	1999	8105
1824	10374	2215	8159
1825	10568	2336	8232
1826	10343	2106	8237
1827	10396	2105	8291
1828	10745	2520	8225
1829	10657	2415	8242
1830	10439	2194	8245
1831	10215	2031	8184
1832	10487	2285	8202
1833	10575	2342	8233
1834	10352	2104	8248
1835	10207	1971	8236
1836	10363	2166	8197
1837	10472	2306	8166
1838	10478	2292	8186
1839	10280	2106	8174
1840	10403	2180	8223
1841	10526	2233	8293
1842	10234	2075	8159
1843	10022	1997	8025
1844	10246	2168	8078
1845	10458	2315	8143
1846	10102	2072	8030
1847	10124	1994	8130
1848	10289	2159	8130
1849	10238	2239	7999
1850	10135	2124	8011
1851	10018	2017	8001
1852	10104	2133	7971
1853	10264	2247	8017
1854	10202	2161	8041
1855	10011	2009	8002
1856	10237	2234	8003
1857	10472	2360	8112
1858	10115	2160	7955
1859	9930	2014	7916
1860	10178	2169	8009
1861	10248	2300	7948
1862	10060	2119	7941
1863	9825	1957	7868
1864	9991	2235	7756
1865	10360	2521	7839
1866	9978	2160	7818
1867	9713	1921	7792
1868	10016	2210	7806
1869	10176	2370	7806
1870	9787	2051	7736
1871	9687	1934	7753
1872	10133	2306	7827
1873	10052	2293	7759
1874	9582	1940	7642
1875	9399	1820	7579
1876	9985	2341	7644
1877	10001	2409	7592
1878	9635	2036	7599
1879	9370	1889	7481
1880	9864	2314	7550
1881	9980	2423	7557
1882	9502	2063	7439
1883	9396	1917	7479
1884	9698	2234	7464
1885	9798	2308	7490
1886	9376	1990	7386
1887	9255	1856	7399
1888	9644	2292	7352
1889	9815	2438	7377
1890	9499	2153	7346
1891	9150	1949	7201
1892	9456	2254	7202
1893	9610	2284	7326
1894	9212	2041	7171
1895	9116	1898	7218
1896	9521	2217	7304
1897	9662	2354	7308
1898	9200	2105	7095
1899	9057	1922	7135
1900	9367	2168	7199
1901	9391	2272	7119
1902	9273	2062	7211
1903	9036	1883	7153
1904	9188	2078	7110
1905	9239	2216	7023
1906	9000	2002	6998
1907	8901	1924	6977
1908	9151	2209	6942
1909	9385	2355	7030
1910	9134	2070	7064
1911	9100	1910	7190
1912	9249	2144	7105
1913	9239	2329	6910
1914	9129	2219	6910
1915	9186	2177	7009
1916	9295	2364	6931
1917	9255	2383	6872
1918	8960	2140	6820
1919	8715	1946	6769
1920	9037	2230	6807
1921	9098	2346	6752
1922	8714	2022	6692
1923	8723	1962	6761
1924	8957	2286	6671
1925	8887	2267	6620
1926	8574	1998	6576
1927	8693	1989	6704
1928	9004	2267	6737
1929	9003	2443	6560
1930	8643	2060	6583
1931	8390	1881	6509
1932	8775	2208	6567
1933	8860	2278	6582
1934	8431	2023	6408
1935	8371	1941	6430
1936	8523	2163	6360
1937	8890	2470	6420
1938	8621	2185	6436
1939	8197	1865	6332
1940	8461	2144	6317
1941	8575	2326	6249
1942	8326	2121	6205
1943	8079	1897	6182
1944	8338	2131	6207
1945	8562	2303	6259
1946	8230	2059	6171
1947	8000	1905	6095
1948	8286	2223	6063
1949	8360	2332	6028
1950	8108	2076	6032
1951	7979	1941	6038
1952	8314	2238	6076
1953	8354	2319	6035
1954	8092	2132	5960
1955	7818	1926	5892
1956	8025	2125	5900
1957	8235	2281	5954
1958	7890	2030	5860
1959	7927	2026	5901
1960	8110	2272	5838
1961	8029	2278	5751
1962	7811	2014	5797
1963	7696	1875	5821
1964	7881	2089	5792
1965	8107	2305	5802
1966	7892	2100	5792
1967	7755	1978	5777
1968	7932	2269	5663
1969	7974	2363	5611
1970	7746	2064	5682
1971	7530	1856	5674
1972	7616	2005	5611
1973	7905	2309	5596
1974	7596	2056	5540
1975	7385	1861	5524
1976	7539	2069	5470
1977	7881	2330	5551
1978	7822	2213	5609
1979	7559	2045	5514
1980	7843	2303	5540
1981	7939	2376	5563
1982	7638	2127	5511
1983	7467	1952	5515
1984	7590	2213	5377
1985	7887	2500	5387
1986	7662	2212	5450
1987	7231	1866	5365
1988	7450	2095	5355
1989	7753	2406	5347
1990	7427	2098	5329
1991	7261	1955	5306
1992	7641	2269	5372
1993	7719	2412	5307
1994	7350	2043	5307
1995	7272	1881	5391
1996	7406	2150	5256
1997	7484	2279	5205
1998	7205	1977	5228
1999	7122	1911	5211
2000	7379	2193	5186
2001	7467	2283	5184
2002	7119	1962	5157
2003	7120	1961	5159
2004	7437	2300	5137
2005	7536	2404	5132
2006	7148	2103	5045
2007	6981	1933	5048
2008	7483	2336	5147
2009	7426	2403	5023
2010	7409	2368	5041
2011	7234	2161	5073
2012	7296	2238	5058
2013	7563	2391	5172
2014	7196	2108	5088
2015	6861	1880	4981
2016	7142	2193	4949
2017	7304	2320	4984
2018	7050	2032	5018
2019	6754	1874	4880
2020	7130	2167	4963
2021	7340	2362	4978
2022	6977	2027	4950
2023	6889	1923	4966
2024	7218	2276	4942
2025	7281	2321	4960
2026	7080	2122	4958
2027	6963	2044	4919
2028	7070	2211	4859
2029	7191	2242	4949
2030	6930	2010	4920
2031	6817	1919	4898
2032	7166	2244	4922
2033	7336	2336	5000
2034	7313	2292	5021
2035	6933	2033	4900
2036	6912	2184	4728
2037	7311	2442	4869
2038	7084	2103	4981
2039	6861	1936	4925
2040	7031	2190	4841
2041	7095	2283	4812
2042	6873	2079	4794
2043	6711	1904	4807
2044	7087	2227	4860
2045	7421	2491	4930
2046	6999	2148	4851
2047	6578	1878	4700
2048	6915	2172	4743
2049	7181	2325	4856
2050	6752	2010	4742
2051	6715	1887	4828
2052	7070	2273	4797
2053	7209	2439	4770
2054	6867	2099	4768
2055	6712	1948	4764
2056	7063	2271	4792
2057	6993	2255	4738
2058	6745	1942	4803
2059	6615	1876	4739
2060	6893	2168	4725
2061	7146	2345	4801
2062	6900	2074	4826
2063	6969	2072	4897
2064	7209	2349	4860
2065	7101	2313	4788
2066	6858	1982	4876
2067	6812	1870	4942
2068	7151	2300	4851
2069	7196	2453	4743
2070	6841	2076	4765
2071	6724	1924	4800
2072	6960	2185	4775
2073	7284	2486	4798
2074	7039	2196	4843
2075	6576	1857	4719
2076	6878	2133	4745
2077	7092	2317	4775
2078	7069	2285	4784
2079	6768	2023	4745
2080	6869	2121	4748
2081	6995	2182	4813
2082	6849	2007	4842
2083	6696	1883	4813
2084	7165	2307	4858
2085	7128	2324	4804
2086	6708	1988	4720
2087	6594	1803	4791
2088	6813	2074	4739
2089	6919	2210	4709
2090	6759	1967	4792
2091	6675	1863	4812
2092	6985	2158	4827
2093	7085	2281	4804
2094	6823	2062	4761
2095	6631	1860	4771
2096	6886	2125	4761
2097	7074	2263	4811
2098	6928	2111	4817
2099	7059	2154	4905
2100	7203	2297	4906
2101	7164	2316	4848
2102	6931	2016	4915
2103	6766	1831	4935
2104	6941	2057	4884
2105	7107	2229	4878
2106	6857	1973	4884
2107	6778	1858	4920
2108	7233	2262	4971
2109	7250	2344	4906
2110	7132	2120	5012
2111	6929	1914	5015
2112	7142	2151	4991
2113	7401	2404	4997
2114	7099	2152	4947
2115	6909	1922	4987
2116	7142	2135	5007
2117	7353	2320	5033
2118	7078	2067	5011
2119	7064	1984	5080
2120	7240	2191	5049
2121	7420	2333	5087
2122	7262	2131	5131
2123	6978	1937	5041
2124	7193	2165	5028
2125	7497	2401	5096
2126	7166	2083	5083
2127	6965	1840	5125
2128	7290	2177	5113
2129	7426	2336	5090
2130	7218	2061	5157
2131	6992	1871	5121
2132	7274	2125	5149
2133	7452	2301	5151
2134	7068	2011	5057
2135	6875	1827	5048
2136	7162	2095	5067
2137	7561	2375	5186
2138	7285	2100	5185
2139	7013	1865	5148
2140	7374	2213	5161
2141	7453	2307	5146
2142	7160	2046	5114
2143	7133	1954	5179
2144	7310	2122	5188
2145	7474	2302	5172
2146	7223	2121	5102
2147	7056	1903	5153
2148	7321	2157	5164
2149	7382	2275	5107
2150	7254	2101	5153
2151	7032	1889	5143
2152	7395	2262	5133
2153	7748	2582	5166
2154	7352	2172	5180
2155	7101	1934	5167
2156	7428	2277	5151
2157	7488	2315	5173
2158	7090	1961	5129
2159	6987	1896	5091
2160	7321	2135	5186
2161	7602	2388	5214
2162	7484	2278	5206
2163	7156	1983	5173
2164	7206	2129	5077
2165	7357	2324	5033
2166	7157	2082	5075
2167	6947	1877	5070
2168	7152	2095	5057
2169	7291	2255	5036
2170	7218	2172	5046
2171	6951	1900	5051
2172	7138	2094	5044
2173	7357	2288	5069
2174	7057	2034	5023
2175	6932	1988	4944
2176	7137	2218	4919
2177	7219	2255	4964
2178	7139	2194	4945
2179	7062	2096	4966
2180	7193	2243	4950
2181	7301	2322	4979
2182	6968	2066	4902
2183	6694	1872	4822
2184	7090	2199	4891
2185	7400	2479	4921
2186	7039	2172	4867
2187	6878	2019	4859
2188	6964	2180	4784
2189	7028	2259	4769
2190	6858	2017	4841
2191	6917	1973	4944
2192	7141	2247	4894
2193	7267	2363	4904
2194	6879	2049	4830
2195	6598	1853	4745
2196	6860	2105	4755
2197	7050	2366	4684
2198	6727	2103	4624
2199	6585	1910	4675
2200	7101	2352	4749
2201	7089	2363	4726
2202	6721	2119	4602
2203	6555	1937	4618
2204	6628	2047	4581
2205	6822	2231	4591
2206	6578	2028	4550
2207	6502	1952	4550
2208	6638	2173	4465
2209	6721	2279	4442
2210	6523	2047	4476
2211	6485	1988	4497
2212	6615	2158	4457
2213	6804	2297	4507
2214	6518	2087	4431
2215	6221	1854	4367
2216	6505	2106	4399
2217	6643	2286	4357
2218	6312	2021	4291
2219	6140	1845	4295
2220	6471	2073	4398
2221	6714	2265	4449
2222	6357	2041	4316
2223	6011	1815	4196
2224	6352	2129	4223
2225	6494	2227	4267
2226	6407	2137	4270
2227	6178	1987	4191
2228	6290	2181	4109
2229	6441	2288	4153
2230	6118	1993	4125
2231	5912	1843	4069
2232	6385	2290	4095
2233	6586	2489	4097
2234	6182	2146	4036
2235	6013	1974	4039
2236	6100	2140	3960
2237	6309	2331	3978
2238	6147	2164	3983
2239	5977	2033	3944
2240	6051	2177	3874
2241	6114	2214	3900
2242	6034	2104	3930
2243	5759	1913	3846
2244	5966	2131	3835
2245	6064	2298	3766
2246	5810	2049	3761
2247	5614	1869	3745
2248	6033	2328	3705
2249	6027	2352	3675
2250	5880	2183	3697
2251	5771	2014	3757
2252	6019	2273	3746
2253	6021	2322	3699
2254	5655	2003	3652
2255	5677	1957	3720
2256	5845	2203	3642
2257	5911	2326	3585
2258	5588	2056	3532
2259	5488	1939	3549
2260	5798	2217	3581
2261	5890	2282	3608
2262	5664	2112	3552
2263	5524	1956	3568
2264	5599	2122	3477
2265	5717	2239	3478
2266	5591	2025	3566
2267	5420	1907	3513
2268	5515	2130	3385
2269	5574	2163	3411
2270	5343	2008	3335
2271	5536	2088	3448
2272	5785	2289	3496
2273	5720	2324	3396
2274	5404	2052	3352
2275	5184	1863	3321
2276	5544	2196	3348
2277	5718	2344	3374
2278	5481	2141	3340
2279	5206	1945	3261
2280	5358	2133	3225
2281	5723	2350	3373
2282	5410	2148	3262
2283	5135	1967	3168
2284	5604	2361	3243
2285	5667	2399	3268
2286	5168	2009	3159
2287	4933	1865	3068
2288	5316	2182	3134
2289	5920	2705	3215
2290	5567	2385	3182
2291	5095	1926	3169
2292	5475	2311	3164
2293	5572	2474	3098
2294	5156	2092	3064
2295	4964	1877	3087
2296	5270	2222	3048
2297	5479	2462	3017
2298	5097	2113	2984
2299	4942	1972	2970
2300	5061	2097	2964
2301	5241	2240	3001
2302	5046	2019	3027
2303	4879	1851	3028
2304	5180	2164	3016
2305	5261	2288	2973
2306	4897	1971	2926
2307	4791	1854	2937
2308	4978	2103	2875
2309	5176	2301	2875
2310	4895	2049	2846
2311	4836	1941	2895
2312	5051	2138	2913
2313	5202	2274	2928
2314	4892	2023	2869
2315	4702	1892	2810
2316	4972	2160	2812
2317	5120	2285	2835
2318	4885	2070	2815
2319	4748	1893	2855
2320	4916	2087	2829
2321	4992	2206	2786
2322	4950	2093	2857
2323	4834	1949	2885
2324	4947	2176	2771
2325	4974	2232	2742
2326	4930	2077	2853
2327	4874	2057	2817
2328	5153	2328	2825
2329	5200	2370	2830
2330	4877	2113	2764
2331	4643	1909	2734
2332	4990	2228	2762
2333	5112	2350	2762
2334	4805	2116	2689
2335	4796	2037	2759
2336	5107	2279	2828
2337	5137	2342	2795
2338	4787	2024	2763
2339	4737	1920	2817
2340	4945	2185	2760
2341	5016	2292	2724
2342	4744	2042	2702
2343	4568	1861	2707
2344	4783	2093	2690
2345	4878	2174	2704
2346	4990	2141	2849
2347	4707	1919	2788
2348	4813	2106	2707
2349	5131	2356	2775
2350	4810	2088	2722
2351	4552	1863	2689
2352	5088	2316	2772
2353	5186	2447	2739
2354	4839	2112	2727
2355	4633	1959	2674
2356	5014	2303	2711
2357	5164	2386	2778
2358	4783	2064	2719
2359	4672	1941	2731
2360	4909	2149	2760
2361	4974	2222	2752
2362	4797	2066	2731
2363	4679	1937	2742
2364	4818	2118	2700
2365	4968	2222	2746
2366	4708	1957	2751
2367	4563	1811	2752
2368	4840	2102	2738
2369	5203	2401	2802
2370	4959	2170	2789
2371	4615	1898	2717
2372	4764	2107	2657
2373	4984	2251	2733
2374	4798	2023	2775
2375	4604	1880	2724
2376	4948	2169	2779
2377	4975	2215	2760
2378	4790	2032	2758
2379	4708	1956	2752
2380	4990	2186	2804
2381	5048	2277	2771
2382	4740	2018	2722
2383	4549	1867	2682
2384	4786	2111	2675
2385	5233	2417	2816
2386	5057	2177	2880
2387	4701	1897	2804
2388	4885	2186	2699
2389	4958	2284	2674
2390	4844	2072	2772
2391	4885	2027	2858
2392	5101	2250	2851
2393	5169	2395	2774
2394	4915	2099	2816
2395	4628	1860	2768
2396	4864	2117	2747
2397	5061	2320	2741
2398	4904	2113	2791
2399	4875	2022	2853
2400	5059	2253	2806
2401	5297	2395	2902
2402	4971	2081	2890
2403	4797	1954	2843
2404	5059	2253	2806
2405	5061	2294	2767
2406	5044	2189	2855
2407	4889	2042	2847
2408	5180	2345	2835
2409	5169	2350	2819
2410	4852	2076	2776
2411	4671	1915	2756
2412	4896	2139	2757
2413	5213	2403	2810
2414	5088	2193	2895
2415	4901	2025	2876
2416	5308	2457	2851
2417	5304	2457	2847
2418	4904	2081	2823
2419	4735	1896	2839
2420	4969	2149	2820
2421	5067	2257	2810
2422	4872	2021	2851
2423	4753	1916	2837
2424	4964	2127	2837
2425	5095	2255	2840
2426	4774	1956	2818
2427	4760	1873	2887
2428	5004	2121	2883
2429	5029	2172	2857
2430	4955	2052	2903
2431	4926	2031	2895
2432	5061	2234	2827
2433	5195	2331	2864
2434	5007	2089	2918
2435	4782	1908	2874
2436	5201	2281	2920
2437	5334	2379	2955
2438	4979	2119	2860
2439	4882	2063	2819
2440	4940	2161	2779
2441	5254	2363	2891
2442	5077	2136	2941
2443	4936	1962	2974
2444	5044	2229	2815
2445	5212	2376	2836
2446	5030	2113	2917
2447	5022	2062	2960
2448	5123	2227	2896
2449	5193	2301	2892
2450	4924	2064	2860
2451	4889	2008	2881
2452	5052	2210	2842
2453	5200	2331	2869
2454	4911	2078	2833
2455	4725	1932	2793
2456	4869	2098	2771
2457	5048	2220	2828
2458	5049	2165	2884
2459	4897	2000	2897
2460	5013	2133	2880
2461	5052	2256	2796
2462	4832	2040	2792
2463	4709	1885	2824
2464	4925	2167	2758
2465	5181	2421	2760
2466	4988	2193	2795
2467	4762	1967	2795
2468	4897	2193	2704
2469	4920	2239	2681
2470	4766	2072	2694
2471	4589	1896	2693
2472	4833	2161	2672
2473	4973	2294	2679
2474	4755	2003	2752
2475	4919	2133	2786
2476	5016	2296	2720
2477	4968	2279	2689
2478	4769	2086	2683
2479	4578	1931	2647
2480	4756	2143	2613
2481	4842	2220	2622
2482	4639	2025	2614
2483	4427	1841	2586
2484	4604	2045	2559
2485	4998	2342	2656
2486	4762	2093	2669
2487	4536	1982	2554
2488	4770	2177	2593
2489	4832	2260	2572
2490	4729	2126	2603
2491	4456	1933	2523
2492	4567	2123	2444
2493	4626	2115	2511
2494	4422	1953	2469
2495	4379	1946	2433
2496	4534	2086	2448
2497	4734	2258	2476
2498	4753	2211	2542
2499	4448	1979	2469
2500	4492	2104	2388
2501	4637	2269	2368
2502	4467	2055	2412
2503	4374	1921	2453
2504	4495	2132	2363
2505	4590	2235	2355
2506	4371	2031	2340
2507	4262	1961	2301
2508	4627	2298	2329
2509	4694	2368	2326
2510	4439	2098	2341
2511	4361	2027	2334
2512	4537	2233	2304
2513	4667	2331	2336
2514	4288	2015	2273
2515	4056	1833	2223
2516	4460	2171	2289
2517	4681	2375	2306
2518	4536	2214	2322
2519	4350	2054	2296
2520	4577	2311	2266
2521	4664	2421	2243
2522	4400	2144	2256
2523	4169	1916	2253
2524	4265	2061	2204
2525	4453	2267	2186
2526	4215	2060	2155
2527	3999	1825	2174
2528	4488	2311	2177
2529	4577	2368	2209
2530	4266	2079	2187
2531	4042	1912	2130
2532	4371	2241	2130
2533	4612	2352	2260
2534	4120	1987	2133
2535	3943	1932	2011
2536	4546	2467	2079
2537	4477	2436	2041
2538	4064	2018	2046
2539	4039	1984	2055
2540	4170	2178	1992
2541	4285	2301	1984
2542	4060	2041	2019
2543	3989	1946	2043
2544	4397	2332	2065
2545	4394	2377	2017
2546	4088	2103	1985
2547	3885	1923	1962
2548	4187	2207	1980
2549	4264	2268	1996
2550	4240	2225	2015
2551	4006	2029	1977
2552	3944	2070	1874
2553	4119	2223	1896
2554	3906	2007	1899
2555	3734	1861	1873
2556	3990	2138	1852
2557	4174	2286	1888
2558	4139	2136	2003
2559	4005	2002	2003
2560	4048	2148	1900
2561	4423	2441	1982
2562	4232	2203	2029
2563	3892	1986	1906
2564	3998	2143	1855
2565	4136	2210	1926
2566	3942	2011	1931
2567	3803	1854	1949
2568	3952	2052	1900
2569	4041	2165	1876
2570	3882	2007	1875
2571	3839	1954	1885
2572	4033	2224	1809
2573	4127	2329	1798
2574	4055	2218	1837
2575	3888	2032	1856
2576	4107	2240	1867
2577	4245	2377	1868
2578	4047	2245	1802
2579	3801	2053	1748
2580	3897	2157	1740
2581	4185	2387	1798
2582	3960	2141	1819
2583	3686	1925	1761
2584	3906	2125	1781
2585	4057	2285	1772
2586	3834	2128	1706
2587	3675	1948	1727
2588	3953	2196	1757
2589	4106	2334	1772
2590	4010	2217	1793
2591	3796	1992	1804
2592	3904	2100	1804
2593	4127	2335	1792
2594	3876	2095	1781
2595	3727	1968	1759
2596	4017	2273	1744
2597	4170	2368	1802
2598	3876	2032	1844
2599	3731	1868	1863
2600	4092	2230	1862
2601	4207	2356	1851
2602	3980	2143	1837
2603	3824	2050	1774
2604	3945	2217	1728
2605	4108	2301	1807
2606	4002	2157	1845
2607	3727	1972	1755
2608	3928	2234	1694
2609	4076	2310	1766
2610	3860	2084	1776
2611	3668	1914	1754
2612	3916	2122	1794
2613	4099	2278	1821
2614	3733	2025	1708
2615	3799	2045	1754
2616	4129	2303	1826
2617	4214	2392	1822
2618	3879	2109	1770
2619	3647	1920	1727
2620	3946	2160	1786
2621	4221	2371	1850
2622	4043	2197	1846
2623	3814	2012	1802
2624	4137	2284	1853
2625	4135	2342	1793
2626	3795	2045	1750
2627	3681	1943	1738
2628	3840	2135	1705
2629	4084	2309	1775
2630	3909	2097	1812
2631	3798	1956	1842
2632	4033	2212	1821
2633	4109	2280	1829
2634	3832	2034	1798
2635	3688	1929	1759
2636	3927	2194	1733
2637	4086	2323	1763
2638	3845	2068	1777
2639	3708	1885	1823
2640	3946	2160	1786
2641	4032	2259	1773
2642	3714	1962	1752
2643	3532	1772	1760
2644	3864	2057	1807
2645	4140	2305	1835
2646	4032	2183	1849
2647	3737	1977	1760
2648	4033	2226	1807
2649	4124	2346	1778
2650	3846	2079	1767
2651	3653	1912	1741
2652	3951	2209	1742
2653	4137	2341	1796
2654	3926	2133	1793
2655	3725	1943	1782
2656	3995	2171	1824
2657	4064	2267	1797
2658	3810	2027	1783
2659	3657	1864	1793
2660	3990	2206	1784
2661	4045	2283	1762
2662	3869	1994	1875
2663	3781	1888	1893
2664	3941	2113	1828
2665	4318	2453	1865
2666	4042	2155	1887
2667	3741	1942	1799
2668	4083	2265	1818
2669	4125	2305	1820
2670	3911	2075	1836
2671	3713	1948	1765
2672	4037	2235	1802
2673	4058	2293	1765
2674	3853	2065	1788
2675	3609	1869	1740
2676	4010	2223	1787
2677	4264	2378	1886
2678	3837	2011	1826
2679	3734	1934	1800
2680	4032	2198	1834
2681	4398	2505	1893
2682	4018	2172	1846
2683	3701	1938	1763
2684	4044	2227	1817
2685	4196	2343	1853
2686	3912	2063	1849
2687	3808	1974	1834
2688	4013	2162	1851
2689	4080	2218	1862
2690	3753	1931	1822
2691	3738	1975	1763
2692	4043	2234	1809
2693	4077	2243	1834
2694	3832	2056	1776
2695	3619	1896	1723
2696	3829	2125	1704
2697	4040	2256	1784
2698	3950	2157	1793
2699	3750	1937	1813
2700	4003	2225	1778
2701	4047	2328	1719
2702	3720	2014	1706
2703	3721	1952	1769
2704	3885	2160	1725
2705	4062	2373	1689
2706	3946	2193	1753
2707	3935	2145	1790
2708	4038	2288	1750
2709	4135	2344	1791
2710	3865	2093	1772
2711	3681	1961	1720
2712	3985	2262	1723
2713	4039	2385	1654
2714	3685	2055	1630
2715	3506	1872	1634
2716	4019	2266	1753
2717	4151	2397	1754
2718	3825	2077	1748
2719	3558	1849	1709
2720	3919	2180	1739
2721	4192	2358	1834
2722	3749	2046	1703
2723	3642	1961	1681
2724	3856	2207	1649
2725	3873	2267	1606
2726	3719	2117	1602
2727	3491	1914	1577
2728	3681	2124	1557
2729	3913	2275	1638
2730	3611	2006	1605
2731	3522	1925	1597
2732	3947	2332	1615
2733	4044	2427	1617
2734	3682	2101	1581
2735	3555	1995	1560
2736	3768	2250	1518
2737	3865	2401	1464
2738	3616	2085	1531
2739	3379	1842	1537
2740	3719	2182	1537
2741	4030	2438	1592
2742	3692	2125	1567
2743	3441	1875	1566
2744	3778	2210	1568
2745	3941	2380	1561
2746	3537	2012	1525
2747	3381	1858	1523
2748	3682	2198	1484
2749	3763	2284	1479
2750	3413	1971	1442
2751	3263	1832	1431
2752	3547	2120	1427
2753	3707	2261	1446
2754	3546	2092	1454
2755	3268	1898	1370
2756	3565	2150	1415
2757	3713	2268	1445
2758	3430	2037	1393
2759	3336	1936	1400
2760	3500	2115	1385
2761	3674	2291	1383
2762	3388	2007	1381
2763	3235	1843	1392
2764	3740	2292	1448
2765	3803	2343	1460
2766	3462	2061	1401
2767	3291	1936	1355
2768	3551	2206	1345
2769	3599	2262	1337
2770	3372	2044	1328
2771	3215	1866	1349
2772	3417	2133	1284
2773	3544	2270	1274
2774	3325	2012	1313
2775	3352	2041	1311
2776	3560	2284	1276
2777	3730	2407	1323
2778	3491	2122	1369
2779	3185	1911	1274
2780	3504	2195	1309
2781	3591	2222	1369
2782	3694	2286	1408
2783	3358	1997	1361
2784	7626	5297	2329
2785	6036	4072	1964
2786	3222	2029	1193
2787	3012	1860	1152
2788	3417	2147	1270
2789	3623	2287	1336
2790	3351	2086	1265
2791	3283	1978	1305
2792	3417	2142	1275
2793	3569	2356	1213
2794	3327	2071	1256
2795	3077	1859	1218
2796	3469	2204	1265
2797	3651	2362	1289
2798	3368	2081	1287
2799	3155	1917	1238
2800	3481	2237	1244
2801	3570	2314	1256
2802	3270	2030	1240
2803	3294	2006	1288
2804	3655	2356	1299
2805	3564	2351	1213
2806	3171	1989	1182
2807	3120	1932	1188
2808	3312	2162	1150
2809	3460	2254	1206
2810	3369	2143	1226
2811	3063	1891	1172
2812	3190	2091	1099
2813	3337	2186	1151
2814	3153	1973	1180
2815	2985	1902	1083
2816	3356	2193	1163
2817	3554	2369	1185
2818	3327	2106	1221
2819	3257	2030	1227
2820	3304	2209	1095
2821	3414	2312	1102
2822	3359	2141	1218
2823	3160	1966	1194
2824	3317	2178	1139
2825	3430	2234	1196
2826	3182	1951	1231
2827	3009	1839	1170
2828	3370	2190	1180
2829	3502	2319	1183
2830	3166	2018	1148
2831	3146	1961	1185
2832	3416	2208	1208
2833	3578	2333	1245
2834	3232	1996	1236
2835	3130	1939	1191
2836	3337	2231	1106
2837	3364	2277	1087
2838	3116	1967	1149
2839	3053	1903	1150
2840	3269	2146	1123
2841	3505	2359	1146
2842	3397	2203	1194
2843	3268	2005	1263
2844	3469	2257	1212
2845	3543	2416	1127
2846	3281	2184	1097
2847	3014	1923	1091
2848	3191	2132	1059
2849	3509	2375	1134
2850	3196	2087	1109
2851	3021	1949	1072
2852	3331	2183	1148
2853	3458	2297	1161
2854	3219	2082	1137
2855	3203	2009	1194
2856	3493	2321	1172
2857	3507	2394	1113
2858	3354	2150	1204
2859	3204	1983	1221
2860	3288	2120	1168
2861	3535	2320	1215
2862	3177	2025	1152
2863	3030	1878	1152
2864	3554	2338	1216
2865	3610	2360	1250
2866	3212	2030	1182
2867	3297	2092	1205
2868	3844	2590	1254
2869	3671	2417	1254
2870	3208	2052	1156
2871	3156	1982	1174
2872	3388	2227	1161
2873	3436	2300	1136
2874	3199	2001	1198
2875	3174	2007	1167
2876	3331	2194	1137
2877	3396	2240	1156
2878	3173	1959	1214
2879	3017	1824	1193
2880	3275	2139	1136
2881	3488	2330	1158
2882	3187	2034	1153
2883	3133	1961	1172
2884	3441	2273	1168
2885	3518	2357	1161
2886	3151	2042	1109
2887	3072	1916	1156
2888	3355	2166	1189
2889	3509	2280	1229
2890	3249	2034	1215
2891	3058	1885	1173
2892	3388	2233	1155
2893	3579	2395	1184
2894	3193	2056	1137
2895	3071	1951	1120
2896	3314	2188	1126
2897	3432	2305	1127
2898	3208	2095	1113
2899	2985	1891	1094
2900	3191	2119	1072
2901	3524	2364	1160
2902	3249	2071	1178
2903	2987	1836	1151
2904	3298	2150	1148
2905	3458	2273	1185
2906	3150	2027	1123
2907	3008	1919	1089
2908	3353	2224	1129
2909	3401	2290	1111
2910	3047	1955	1092
2911	2868	1803	1065
2912	3257	2123	1134
2913	3456	2313	1143
2914	3147	2093	1054
2915	3009	1884	1125
2916	3201	2119	1082
2917	3465	2333	1132
2918	3213	2066	1147
2919	2979	1897	1082
2920	3180	2141	1039
2921	3288	2245	1043
2922	3231	2107	1124
2923	3040	1897	1143
2924	3244	2127	1117
2925	3431	2346	1085
2926	3263	2140	1123
2927	2999	1923	1076
2928	3211	2189	1022
2929	3288	2257	1031
2930	3044	1990	1054
2931	2980	1900	1080
2932	3474	2305	1169
2933	3419	2346	1073
2934	3057	2052	1005
2935	2821	1846	975
2936	3030	2056	974
2937	3445	2432	1013
2938	3165	2123	1042
2939	2982	1919	1063
2940	3222	2157	1065
2941	3352	2257	1095
2942	3136	2100	1036
2943	2851	1901	950
2944	3272	2299	973
2945	3315	2375	940
2946	2920	2010	910
2947	2839	1845	994
2948	3270	2237	1033
2949	3315	2301	1014
2950	3005	1995	1010
2951	2875	1914	961
2952	3040	2117	923
2953	3234	2290	944
2954	2840	1951	889
2955	2799	1872	927
2956	3146	2225	921
2957	3145	2301	844
2958	2903	2078	825
2959	2726	1873	853
2960	3058	2178	880
2961	3230	2332	898
2962	3059	2115	944
2963	2927	1997	930
2964	3122	2227	895
2965	3140	2235	905
2966	3049	2089	960
2967	2848	1908	940
2968	2983	2101	882
2969	3247	2334	913
2970	2922	2012	910
2971	2827	1860	967
2972	3066	2157	909
2973	3110	2243	867
2974	2827	1979	848
2975	2709	1899	810
2976	3138	2280	858
2977	3162	2304	858
2978	2887	2031	856
2979	2794	1898	896
2980	3060	2217	843
2981	3085	2266	819
2982	3077	2180	897
2983	2897	2056	841
2984	3019	2184	835
2985	3238	2386	852
2986	2899	2089	810
2987	2717	1887	830
2988	3082	2179	903
2989	3229	2343	886
2990	2788	2019	769
2991	2580	1831	749
2992	2902	2114	788
2993	3047	2278	769
2994	2738	1978	760
2995	2654	1904	750
2996	3067	2249	818
2997	3244	2379	865
2998	2878	2011	867
2999	2660	1827	833
3000	2922	2178	744
3001	3259	2446	813
3002	2894	2068	826
3003	2653	1871	782
3004	2984	2225	759
3005	3086	2323	763
3006	2871	2077	794
3007	2624	1863	761
3008	2990	2248	742
3009	3244	2441	803
3010	3089	2240	849
3011	2898	2023	875
3012	2913	2121	792
3013	2987	2222	765
3014	2791	1974	817
3015	2667	1852	815
3016	2895	2141	754
3017	3064	2274	790
3018	2829	2036	793
3019	2644	1864	780
3020	2947	2163	784
3021	3111	2301	810
3022	2909	2054	855
3023	2730	1906	824
3024	3011	2214	797
3025	3116	2310	806
3026	2783	2050	733
3027	2543	1808	735
3028	2904	2133	771
3029	3134	2320	814
3030	2939	2086	853
3031	2753	1902	851
3032	2946	2117	829
3033	3120	2310	810
3034	2953	2116	837
3035	2714	1896	818
3036	3036	2227	809
3037	3223	2374	849
3038	2826	2055	771
3039	2626	1872	754
3040	2911	2073	838
3041	3188	2340	848
3042	2864	2105	759
3043	2555	1818	737
3044	2823	2062	761
3045	3102	2300	802
3046	2979	2086	893
3047	2711	1886	825
3048	2792	2029	763
3049	2897	2163	734
3050	2783	2040	743
3051	2730	1913	817
3052	2858	2117	741
3053	2915	2187	728
3054	2850	2049	801
3055	2720	1905	815
3056	2913	2104	809
3057	3008	2223	785
3058	2765	1983	782
3059	2622	1851	771
3060	3027	2202	825
3061	3101	2283	818
3062	2850	2002	848
3063	2636	1821	815
3064	2906	2057	849
3065	3039	2254	785
3066	2742	2035	707
3067	2594	1878	716
3068	2974	2162	812
3069	3106	2285	821
3070	2869	2042	827
3071	2867	2022	845
3072	3006	2135	871
3073	3070	2220	850
3074	2897	2055	842
3075	2644	1888	756
3076	2932	2190	742
3077	3105	2327	778
3078	2722	2013	709
3079	2689	1916	773
3080	3018	2232	786
3081	3342	2480	862
3082	2959	2124	835
3083	2607	1846	761
3084	2985	2188	797
3085	3106	2337	769
3086	2687	1975	712
3087	2574	1825	749
3088	2949	2180	769
3089	3131	2344	787
3090	3033	2178	855
3091	2716	1948	768
3092	2784	2097	687
3093	3025	2272	753
3094	2983	2113	870
3095	2810	1998	812
3096	2858	2179	679
3097	3044	2347	697
3098	2826	2075	751
3099	2644	1872	772
3100	2846	2136	710
3101	3063	2309	754
3102	2795	2084	711
3103	2702	1909	793
3104	2946	2200	746
3105	3002	2272	730
3106	2766	2021	745
3107	2649	1892	757
3108	2959	2145	814
3109	3032	2210	822
3110	2790	2015	775
3111	2688	1935	753
3112	2818	2080	738
3113	2896	2200	696
3114	2898	2193	705
3115	2695	1975	720
3116	2947	2228	719
3117	3076	2338	738
3118	2743	1987	756
3119	2522	1821	701
3120	2757	2099	658
3121	3029	2321	708
3122	2794	2101	693
3123	2593	1922	671
3124	2885	2173	712
3125	3087	2325	762
3126	2869	2133	736
3127	2650	1960	690
3128	2890	2211	679
3129	2978	2309	669
3130	2825	2108	717
3131	2701	1948	753
3132	2914	2177	737
3133	2981	2304	677
3134	2883	2125	758
3135	2719	1940	779
3136	2931	2199	732
3137	2920	2259	661
3138	2717	2050	667
3139	2548	1874	674
3140	2786	2102	684
3141	2815	2156	659
3142	2610	1942	668
3143	2603	1904	699
3144	2777	2113	664
3145	2928	2373	555
3146	2880	2236	644
3147	2829	2045	784
3148	2792	2094	698
3149	2868	2235	633
3150	2628	1992	636
3151	2522	1893	629
3152	2833	2157	676
3153	3028	2379	649
3154	2790	2109	681
3155	2649	1948	701
3156	3064	2372	692
3157	3172	2474	698
3158	2707	2035	672
3159	2513	1859	654
3160	2972	2246	726
3161	3076	2376	700
3162	2745	2061	684
3163	2623	1916	707
3164	2764	2123	641
3165	2837	2240	597
3166	2556	1982	574
3167	2455	1869	586
3168	2869	2219	650
3169	2966	2318	648
3170	2652	2023	629
3171	2484	1848	636
3172	2766	2136	630
3173	2913	2291	622
3174	2690	2025	665
3175	2497	1859	638
3176	2683	2065	618
3177	2915	2225	690
3178	2773	2068	705
3179	2607	1913	694
3180	2773	2151	622
3181	3209	2518	691
3182	2840	2183	657
3183	2559	1888	671
3184	2753	2103	650
3185	2889	2241	648
3186	2729	2050	679
3187	2492	1857	635
3188	2739	2100	639
3189	2868	2226	642
3190	2603	1995	608
3191	2490	1857	633
3192	2895	2255	640
3193	2960	2293	667
3194	2934	2170	764
3195	2625	1956	669
3196	2712	2084	628
3197	3076	2346	730
3198	2801	2048	753
3199	2526	1853	673
3200	2766	2180	586
3201	2958	2347	611
3202	2919	2184	735
3203	2607	1886	721
3204	2778	2122	656
3205	2970	2313	657
3206	2833	2146	687
3207	2635	1932	703
3208	3083	2329	754
3209	3127	2387	740
3210	2610	1935	675
3211	2499	1842	657
3212	2766	2130	636
3213	2906	2271	635
3214	2720	2039	681
3215	2455	1826	629
3216	2607	2030	577
3217	2811	2206	605
3218	2745	2081	664
3219	2667	1964	703
3220	2772	2141	631
3221	2880	2244	636
3222	2693	2025	668
3223	2503	1849	654
3224	2892	2247	645
3225	3031	2361	670
3226	2646	2008	638
3227	2476	1827	649
3228	2714	2116	598
3229	2860	2276	584
3230	2763	2119	644
3231	2604	1915	689
3232	2701	2052	649
3233	2881	2260	621
3234	2940	2236	704
3235	2741	2035	706
3236	2714	2074	640
3237	2922	2276	646
3238	2781	2170	611
3239	2486	1915	571
3240	2696	2124	572
3241	2783	2214	569
3242	2615	2001	614
3243	2648	1956	692
3244	2877	2181	696
3245	2934	2306	628
3246	2648	2041	607
3247	2560	1928	632
3248	2855	2206	649
3249	3185	2490	695
3250	2706	2094	612
3251	2478	1857	621
3252	2763	2129	634
3253	2896	2257	639
3254	2731	2051	680
3255	2550	1857	693
3256	2796	2133	663
3257	2972	2304	668
3258	2784	2119	665
3259	2499	1895	604
3260	2713	2174	539
3261	2836	2267	569
3262	2561	1963	598
3263	2468	1868	600
3264	2811	2204	607
3265	2919	2268	651
3266	2581	1949	632
3267	2417	1813	604
3268	2753	2177	576
3269	2974	2375	599
3270	2762	2113	649
3271	2612	1987	625
3272	2779	2222	557
3273	2819	2292	527
3274	2624	2045	579
3275	2555	1919	636
3276	3041	2391	650
3277	3048	2390	658
3278	2620	2016	604
3279	2455	1905	550
3280	2775	2208	567
3281	2872	2312	560
3282	2663	2039	624
3283	2512	1913	599
3284	2676	2095	581
3285	2863	2242	621
3286	2654	2034	620
3287	2552	1897	655
3288	2848	2230	618
3289	2826	2274	552
3290	3510	2771	739
3291	3051	2407	644
3292	2564	2048	516
3293	2703	2203	500
3294	2537	1998	539
3295	2457	1885	572
3296	2670	2107	563
3297	2735	2185	550
3298	2503	1984	519
3299	2527	1889	638
3300	2658	2063	595
3301	2720	2222	498
3302	2615	2035	580
3303	2407	1817	590
3304	2542	2030	512
3305	2582	2085	497
3306	2495	1974	521
3307	2362	1853	509
3308	2618	2011	607
3309	2632	2074	558
3310	2511	1978	533
3311	2437	1842	595
3312	2614	2034	580
3313	2604	2087	517
3314	2438	1946	492
3315	2451	1888	563
3316	2673	2098	575
3317	2677	2153	524
3318	2486	1934	552
3319	2582	1954	628
3320	2654	2103	551
3321	2594	2074	520
3322	2556	1954	602
3323	2440	1875	565
3324	2474	1952	522
3325	2669	2132	537
3326	2611	2034	577
3327	2471	1901	570
3328	2689	2147	542
3329	2970	2360	610
3330	2650	2050	600
3331	2532	1952	580
3332	2686	2154	532
3333	2683	2137	546
3334	2537	1954	583
3335	2441	1867	574
3336	2638	2102	536
3337	2727	2208	519
3338	2753	2164	589
3339	2555	1940	615
3340	2960	2330	630
3341	2883	2315	568
3342	2568	2028	540
3343	2498	1927	571
3344	2536	2035	501
3345	2878	2244	634
3346	2798	2154	644
3347	2606	2007	599
3348	2649	2105	544
3349	2670	2145	525
3350	2545	2008	537
3351	2421	1858	563
3352	2678	2109	569
3353	2913	2291	622
3354	2682	2060	622
3355	2495	1919	576
3356	2587	2052	535
3357	2608	2077	531
3358	2568	2034	534
3359	2418	1882	536
3360	2653	2084	569
3361	2877	2240	637
3362	2732	2085	647
3363	2472	1919	553
3364	2662	2118	544
3365	2756	2220	536
3366	2670	2062	608
3367	2669	2017	652
3368	2808	2173	635
3369	2827	2293	534
3370	2703	2057	646
3371	2537	1915	622
3372	2685	2136	549
3373	2810	2228	582
3374	2590	2004	586
3375	2495	1929	566
3376	2661	2123	538
3377	2603	2096	507
3378	2474	1941	533
3379	2984	2329	655
3380	2833	2229	604
3381	2624	2095	529
3382	2521	2002	519
3383	2390	1896	494
3384	2691	2180	511
3385	2836	2297	539
3386	2543	1979	564
3387	2380	1807	573
3388	2592	2030	562
3389	2617	2136	481
3390	2633	2106	527
3391	2417	1909	508
3392	2470	1977	493
3393	2730	2171	559
3394	2598	2037	561
3395	2641	2043	598
3396	2712	2148	564
3397	2664	2145	519
3398	2489	1951	538
3399	2367	1858	509
3400	2496	2018	478
3401	2624	2145	479
3402	2505	1993	512
3403	2371	1892	479
3404	2678	2167	511
3405	2790	2193	597
3406	2477	1941	536
3407	2463	1925	538
3408	2748	2174	574
3409	2845	2277	568
3410	2746	2151	595
3411	2463	1861	602
3412	2743	2157	586
3413	2713	2151	562
3414	2502	1983	519
3415	2457	1917	540
3416	2558	2061	497
3417	2590	2089	501
3418	2475	1931	544
3419	2373	1847	526
3420	2562	2033	529
3421	2708	2190	518
3422	2482	1957	525
3423	2270	1787	483
3424	2407	1922	485
3425	2717	2170	547
3426	2648	2073	575
3427	2471	1934	537
3428	2651	2088	563
3429	2717	2196	521
3430	2567	2047	520
3431	2370	1862	508
3432	2523	2017	506
3433	2644	2096	548
3434	2652	2094	558
3435	2516	1953	563
3436	2543	2023	520
3437	2632	2133	499
3438	2534	2010	524
3439	2497	1932	565
3440	2692	2161	531
3441	2604	2116	488
3442	2629	2077	552
3443	2513	1960	553
3444	2552	2055	497
3445	2555	2050	505
3446	2315	1843	472
3447	2309	1835	474
3448	2457	1972	485
3449	2637	2121	516
3450	2666	2092	574
3451	2511	1950	561
3452	2609	2098	511
3453	2621	2126	495
3454	2632	2097	535
3455	2476	1942	534
3456	2736	2176	560
3457	2794	2254	540
3458	2453	2008	445
3459	2314	1870	444
3460	2561	2089	472
3461	2758	2233	525
3462	2545	2025	520
3463	2307	1785	522
3464	2559	2033	526
3465	2691	2171	520
3466	2485	1958	527
3467	2319	1814	505
3468	2549	2053	496
3469	2709	2192	517
3470	2513	2010	503
3471	2424	1912	512
3472	2709	2165	544
3473	2779	2263	516
3474	2449	1973	476
3475	2278	1806	472
3476	2460	1984	476
3477	2609	2109	500
3478	2508	1932	576
3479	2312	1804	508
3480	2511	2007	504
3481	2634	2127	507
3482	2428	1961	467
3483	2341	1824	517
3484	2508	2021	487
3485	2658	2169	489
3486	2471	1957	514
3487	2428	1877	551
3488	3513	2025	1488
3489	3265	2144	1121
3490	2460	1919	541
3491	2328	1812	516
3492	2590	2047	543
3493	2702	2175	527
3494	2935	2528	407
3495	2662	2196	466
3496	2614	2099	515
3497	2709	2198	511
3498	2597	2068	529
3499	2502	1983	519
3500	2592	2087	505
3501	2669	2216	453
3502	2498	2043	455
3503	2354	1868	486
3504	2527	2044	483
3505	2704	2156	548
3506	2549	2016	533
3507	2530	1982	548
3508	2695	2134	561
3509	2624	2123	501
3510	2537	2000	537
3511	2437	1876	561
3512	2620	2077	543
3513	2656	2162	494
3514	2473	2005	468
3515	2341	1879	462
3516	2484	2034	450
3517	2617	2113	504
3518	2575	2036	539
3519	2502	1997	505
3520	2434	1995	439
3521	2473	2063	410
3522	2577	2062	515
3523	2760	2121	639
3524	2747	2140	607
3525	2718	2165	553
3526	2604	2071	533
3527	2382	1947	435
3528	2654	2129	525
3529	2713	2216	497
3530	2482	2029	453
3531	2342	1924	418
3532	2432	2007	425
3533	2630	2140	490
3534	2428	1977	451
3535	2395	1945	450
3536	2645	2145	500
3537	2698	2173	525
3538	2478	1947	531
3539	2373	1841	532
3540	2538	2051	487
3541	2764	2248	516
3542	2554	2047	507
3543	2442	1952	490
3544	2581	2142	439
3545	2620	2194	426
3546	2554	2062	492
3547	2419	1897	522
3548	2894	2287	607
3549	2825	2276	549
3550	2433	1973	460
3551	2342	1889	453
3552	2618	2099	519
3553	2689	2161	528
3554	2538	2024	514
3555	2477	1924	553
3556	2613	2093	520
3557	2626	2163	463
3558	2393	1995	398
3559	2243	1886	357
3560	2596	2128	468
3561	2827	2288	539
3562	2493	2016	477
3563	2330	1891	439
3564	2632	2133	499
3565	2647	2194	453
3566	2469	2024	445
3567	2440	1953	487
3568	2828	2301	527
3569	2784	2263	521
3570	2605	2123	482
3571	2373	1928	445
3572	2571	2117	454
3573	2865	2339	526
3574	2490	2003	487
3575	2389	1896	493
3576	2463	1981	482
3577	2568	2148	420
3578	2387	1982	405
3579	2390	1896	494
3580	2528	2072	456
3581	2527	2119	408
3582	2563	2035	528
3583	2430	1930	500
3584	2634	2137	497
3585	2795	2259	536
3586	2527	2066	461
3587	2289	1871	418
3588	2613	2175	438
3589	2761	2282	479
3590	2590	2040	550
3591	2409	1864	545
3592	2699	2112	587
3593	2773	2246	527
3594	2602	2107	495
3595	2490	1990	500
3596	2653	2158	495
3597	2833	2303	530
3598	2633	2114	519
3599	2418	1951	467
3600	2650	2168	482
3601	2823	2297	526
3602	2650	2070	580
3603	2417	1908	509
3604	2575	2113	462
3605	2594	2152	442
3606	2607	2085	522
3607	2542	1995	547
3608	2595	2121	474
3609	2574	2126	448
3610	2573	2063	510
3611	2470	2022	448
3612	2734	2261	473
3613	2905	2397	508
3614	2516	2083	433
3615	2376	1945	431
3616	2519	2066	453
3617	2555	2130	425
3618	2393	2007	386
3619	2491	1995	496
3620	2648	2119	529
3621	2844	2323	521
3622	2855	2274	581
3623	2613	2044	569
3624	2605	2115	490
3625	2661	2183	478
3626	2776	2239	537
3627	2506	2023	483
3628	2534	2100	434
3629	2625	2195	430
3630	2555	2095	460
3631	2426	1936	490
3632	2637	2180	457
3633	2762	2328	434
3634	2629	2120	509
3635	2424	1881	543
3636	2542	2059	483
3637	2687	2212	475
3638	2740	2238	502
3639	2592	2100	492
3640	2649	2153	496
3641	2744	2240	504
3642	2505	2054	451
3643	2299	1870	429
3644	2463	2044	419
3645	2700	2229	471
3646	2602	2122	480
3647	2500	2022	478
3648	2689	2246	443
