index	original	background	difference
-----------------------------------------------------
1	1418	0	1418
2	1401	0	1401
3	1418	0	1418
4	1409	0	1409
5	1379	0	1379
6	1409	0	1409
7	1428	0	1428
8	1429	0	1429
9	1390	0	1390
10	1419	0	1419
11	1410	0	1410
12	1390	0	1390
13	1417	0	1417
14	1447	0	1447
15	1411	0	1411
16	1396	0	1396
17	1413	0	1413
18	1439	0	1439
19	1432	0	1432
20	1421	0	1421
21	1398	0	1398
22	1423	0	1423
23	1424	0	1424
24	1395	0	1395
25	1424	0	1424
26	1429	0	1429
27	1404	0	1404
28	1407	0	1407
29	1420	0	1420
30	1449	0	1449
31	1436	0	1436
32	1453	0	1453
33	1426	0	1426
34	1432	0	1432
35	1440	0	1440
36	1426	0	1426
37	1428	0	1428
38	1444	0	1444
39	1415	0	1415
40	1411	0	1411
41	1436	0	1436
42	1443	0	1443
43	1418	0	1418
44	1415	0	1415
45	1432	0	1432
46	1410	0	1410
47	1418	0	1418
48	1445	0	1445
49	1445	0	1445
50	1468	0	1468
51	1452	0	1452
52	1419	0	1419
53	1424	0	1424
54	1422	0	1422
55	1373	0	1373
56	1412	0	1412
57	1452	0	1452
58	1461	0	1461
59	1430	0	1430
60	1452	0	1452
61	1479	0	1479
62	1494	0	1494
63	1485	0	1485
64	1459	0	1459
65	1448	0	1448
66	1451	0	1451
67	1456	0	1456
68	1452	0	1452
69	1465	0	1465
70	1450	0	1450
71	1454	0	1454
72	1489	0	1489
73	1469	0	1469
74	1484	0	1484
75	1471	0	1471
76	1429	0	1429
77	1417	0	1417
78	1448	0	1448
79	1457	0	1457
80	1465	0	1465
81	1466	0	1466
82	1457	0	1457
83	1431	0	1431
84	1452	0	1452
85	1450	0	1450
86	1468	0	1468
87	1455	0	1455
88	1458	0	1458
89	1440	0	1440
90	1455	0	1455
91	1498	0	1498
92	1494	0	1494
93	1475	0	1475
94	1461	0	1461
95	1465	0	1465
96	1478	0	1478
97	1467	0	1467
98	1461	0	1461
99	1476	0	1476
100	1482	0	1482
101	1490	0	1490
102	1507	0	1507
103	1480	0	1480
104	1484	0	1484
105	1470	0	1470
106	1487	0	1487
107	1486	0	1486
108	1497	0	1497
109	1461	0	1461
110	1488	0	1488
111	1484	0	1484
112	1469	0	1469
113	1464	0	1464
114	1469	0	1469
115	1481	0	1481
116	1500	0	1500
117	1478	0	1478
118	1469	0	1469
119	1445	0	1445
120	1455	0	1455
121	1483	0	1483
122	1482	0	1482
123	1467	0	1467
124	1466	0	1466
125	1498	0	1498
126	1495	0	1495
127	1479	0	1479
128	1496	0	1496
129	1467	0	1467
130	1472	0	1472
131	1463	0	1463
132	1475	0	1475
133	1490	0	1490
134	1485	0	1485
135	1467	0	1467
136	1497	0	1497
137	1502	0	1502
138	1487	0	1487
139	1496	0	1496
140	1466	0	1466
141	1449	0	1449
142	1476	0	1476
143	1497	0	1497
144	1478	0	1478
145	1476	0	1476
146	1497	0	1497
147	1490	0	1490
148	1488	0	1488
149	1474	0	1474
150	1485	0	1485
151	1477	0	1477
152	1511	0	1511
153	1505	0	1505
154	1499	0	1499
155	1506	0	1506
156	1501	0	1501
157	1464	0	1464
158	1480	0	1480
159	1482	0	1482
160	1485	0	1485
161	1514	0	1514
162	1492	0	1492
163	1482	0	1482
164	1503	0	1503
165	1468	0	1468
166	1469	0	1469
167	1480	0	1480
168	1483	0	1483
169	1486	0	1486
170	1498	0	1498
171	1515	0	1515
172	1494	0	1494
173	1480	0	1480
174	1534	0	1534
175	1547	0	1547
176	1501	0	1501
177	1495	0	1495
178	1499	0	1499
179	1520	0	1520
180	1528	0	1528
181	1519	0	1519
182	1556	0	1556
183	1536	0	1536
184	1491	0	1491
185	1501	0	1501
186	1509	0	1509
187	1523	0	1523
188	1516	0	1516
189	1526	0	1526
190	1514	0	1514
191	1510	0	1510
192	1524	0	1524
193	1481	0	1481
194	1511	0	1511
195	1533	0	1533
196	1533	0	1533
197	1519	0	1519
198	1521	0	1521
199	1547	0	1547
200	1540	0	1540
201	1509	0	1509
202	1499	0	1499
203	1503	0	1503
204	1513	0	1513
205	1526	0	1526
206	1550	0	1550
207	1536	0	1536
208	1527	0	1527
209	1506	0	1506
210	1538	0	1538
211	1530	0	1530
212	1545	0	1545
213	1541	0	1541
214	1536	0	1536
215	1531	0	1531
216	1545	0	1545
217	1530	0	1530
218	1516	0	1516
219	1536	0	1536
220	1517	0	1517
221	1524	0	1524
222	1512	0	1512
223	1523	0	1523
224	1547	0	1547
225	1530	0	1530
226	1525	0	1525
227	1526	0	1526
228	1535	0	1535
229	1522	0	1522
230	1564	0	1564
231	1555	0	1555
232	1520	0	1520
233	1522	0	1522
234	1520	0	1520
235	1541	0	1541
236	1542	0	1542
237	1527	0	1527
238	1541	0	1541
239	1557	0	1557
240	1540	0	1540
241	1550	0	1550
242	1549	0	1549
243	1580	0	1580
244	1589	0	1589
245	1553	0	1553
246	1566	0	1566
247	1541	0	1541
248	1565	0	1565
249	1583	0	1583
250	1573	0	1573
251	1570	0	1570
252	1549	0	1549
253	1535	0	1535
254	1588	0	1588
255	1592	0	1592
256	1570	0	1570
257	1559	0	1559
258	1548	0	1548
259	1569	0	1569
260	1575	0	1575
261	1538	0	1538
262	1604	0	1604
263	1580	0	1580
264	1536	0	1536
265	1544	0	1544
266	1573	0	1573
267	1558	0	1558
268	1585	0	1585
269	1577	0	1577
270	1577	0	1577
271	1619	0	1619
272	1593	0	1593
273	1569	0	1569
274	1549	0	1549
275	1568	0	1568
276	1567	0	1567
277	1540	0	1540
278	1536	0	1536
279	1587	0	1587
280	1573	0	1573
281	1584	0	1584
282	1622	0	1622
283	1613	0	1613
284	1588	0	1588
285	1555	0	1555
286	1554	0	1554
287	1545	0	1545
288	1535	0	1535
289	1568	0	1568
290	1572	0	1572
291	1553	0	1553
292	1567	0	1567
293	1548	0	1548
294	1547	0	1547
295	1564	0	1564
296	1567	0	1567
297	1550	0	1550
298	1585	0	1585
299	1573	0	1573
300	1581	0	1581
301	1583	0	1583
302	1588	0	1588
303	1588	0	1588
304	1597	0	1597
305	1566	0	1566
306	1553	0	1553
307	1553	0	1553
308	1549	0	1549
309	1581	0	1581
310	1585	0	1585
311	1565	0	1565
312	1594	0	1594
313	1585	0	1585
314	1590	0	1590
315	1617	0	1617
316	1593	0	1593
317	1559	0	1559
318	1564	0	1564
319	1584	0	1584
320	1599	0	1599
321	1580	0	1580
322	1572	0	1572
323	1560	0	1560
324	1553	0	1553
325	1560	0	1560
326	1567	0	1567
327	1584	0	1584
328	1573	0	1573
329	1576	0	1576
330	1607	0	1607
331	1580	0	1580
332	1583	0	1583
333	1608	0	1608
334	1590	0	1590
335	1601	0	1601
336	1600	0	1600
337	1582	0	1582
338	1583	0	1583
339	1592	0	1592
340	1633	0	1633
341	1584	0	1584
342	1558	0	1558
343	1572	0	1572
344	1577	0	1577
345	1565	0	1565
346	1576	0	1576
347	1578	0	1578
348	1538	0	1538
349	1561	0	1561
350	1579	0	1579
351	1576	0	1576
352	1574	0	1574
353	1563	0	1563
354	1594	0	1594
355	1600	0	1600
356	1586	0	1586
357	1544	0	1544
358	1571	0	1571
359	1586	0	1586
360	1565	0	1565
361	1570	0	1570
362	1618	0	1618
363	1600	0	1600
364	1552	0	1552
365	1567	0	1567
366	1567	0	1567
367	1544	0	1544
368	1579	0	1579
369	1599	0	1599
370	1606	0	1606
371	1606	0	1606
372	1596	0	1596
373	1574	0	1574
374	1592	0	1592
375	1592	0	1592
376	1587	0	1587
377	1560	0	1560
378	1579	0	1579
379	1574	0	1574
380	1595	0	1595
381	1573	0	1573
382	1569	0	1569
383	1603	0	1603
384	1608	0	1608
385	1575	0	1575
386	1583	0	1583
387	1578	0	1578
388	1599	0	1599
389	1588	0	1588
390	1616	0	1616
391	1601	0	1601
392	1570	0	1570
393	1566	0	1566
394	1559	0	1559
395	1581	0	1581
396	1591	0	1591
397	1560	0	1560
398	1579	0	1579
399	1607	0	1607
400	1590	0	1590
401	1570	0	1570
402	1567	0	1567
403	1576	0	1576
404	1604	0	1604
405	1592	0	1592
406	1626	0	1626
407	1629	0	1629
408	1597	0	1597
409	1568	0	1568
410	1597	0	1597
411	1621	0	1621
412	1602	0	1602
413	1588	0	1588
414	1599	0	1599
415	1629	0	1629
416	1626	0	1626
417	1583	0	1583
418	1558	0	1558
419	1569	0	1569
420	1597	0	1597
421	1600	0	1600
422	1599	0	1599
423	1633	0	1633
424	1625	0	1625
425	1580	0	1580
426	1584	0	1584
427	1599	0	1599
428	1631	0	1631
429	1636	0	1636
430	1613	0	1613
431	1574	0	1574
432	1616	0	1616
433	1652	0	1652
434	1624	0	1624
435	1607	0	1607
436	1595	0	1595
437	1573	0	1573
438	1590	0	1590
439	1600	0	1600
440	1618	0	1618
441	1575	0	1575
442	1602	0	1602
443	1616	0	1616
444	1582	0	1582
445	1581	0	1581
446	1641	0	1641
447	1612	0	1612
448	1609	0	1609
449	1610	0	1610
450	1595	0	1595
451	1589	0	1589
452	1615	0	1615
453	1603	0	1603
454	1579	0	1579
455	1587	0	1587
456	1593	0	1593
457	1603	0	1603
458	1628	0	1628
459	1613	0	1613
460	1614	0	1614
461	1621	0	1621
462	1616	0	1616
463	1619	0	1619
464	1609	0	1609
465	1607	0	1607
466	1604	0	1604
467	1610	0	1610
468	1589	0	1589
469	1617	0	1617
470	1663	0	1663
471	1645	0	1645
472	1612	0	1612
473	1595	0	1595
474	1607	0	1607
475	1602	0	1602
476	1583	0	1583
477	1598	0	1598
478	1604	0	1604
479	1572	0	1572
480	1602	0	1602
481	1597	0	1597
482	1608	0	1608
483	1628	0	1628
484	1633	0	1633
485	1625	0	1625
486	1622	0	1622
487	1591	0	1591
488	1599	0	1599
489	1595	0	1595
490	1589	0	1589
491	1593	0	1593
492	1625	0	1625
493	1610	0	1610
494	1587	0	1587
495	1571	0	1571
496	1576	0	1576
497	1592	0	1592
498	1616	0	1616
499	1626	0	1626
500	1619	0	1619
501	1598	0	1598
502	1602	0	1602
503	1612	0	1612
504	1621	0	1621
505	1613	0	1613
506	1610	0	1610
507	1582	0	1582
508	1591	0	1591
509	1610	0	1610
510	1626	0	1626
511	1605	0	1605
512	1600	0	1600
513	1603	0	1603
514	1613	0	1613
515	1619	0	1619
516	1609	0	1609
517	1613	0	1613
518	1611	0	1611
519	1619	0	1619
520	1622	0	1622
521	1600	0	1600
522	1602	0	1602
523	1631	0	1631
524	1611	0	1611
525	1664	0	1664
526	1637	0	1637
527	1617	0	1617
528	1596	0	1596
529	1586	0	1586
530	1612	0	1612
531	1590	0	1590
532	1572	0	1572
533	1589	0	1589
534	1661	0	1661
535	1689	0	1689
536	1608	0	1608
537	1591	0	1591
538	1587	0	1587
539	1606	0	1606
540	1592	0	1592
541	1585	0	1585
542	1640	0	1640
543	1609	0	1609
544	1583	0	1583
545	1600	0	1600
546	1607	0	1607
547	1630	0	1630
548	1633	0	1633
549	1629	0	1629
550	1624	0	1624
551	1615	0	1615
552	1641	0	1641
553	1624	0	1624
554	1607	0	1607
555	1571	0	1571
556	1571	0	1571
557	1581	0	1581
558	1586	0	1586
559	1596	0	1596
560	1609	0	1609
561	1617	0	1617
562	1634	0	1634
563	1617	0	1617
564	1627	0	1627
565	1612	0	1612
566	1581	0	1581
567	1578	0	1578
568	1622	0	1622
569	1601	0	1601
570	1594	0	1594
571	1596	0	1596
572	1603	0	1603
573	1599	0	1599
574	1588	0	1588
575	1611	0	1611
576	1612	0	1612
577	1588	0	1588
578	1622	0	1622
579	1600	0	1600
580	1586	0	1586
581	1586	0	1586
582	1614	0	1614
583	1612	0	1612
584	1625	0	1625
585	1611	0	1611
586	1609	0	1609
587	1602	0	1602
588	1629	0	1629
589	1612	0	1612
590	1600	0	1600
591	1605	0	1605
592	1596	0	1596
593	1620	0	1620
594	1597	0	1597
595	1591	0	1591
596	1625	0	1625
597	1628	0	1628
598	1641	0	1641
599	1617	0	1617
600	1613	0	1613
601	1621	0	1621
602	1608	0	1608
603	1600	0	1600
604	1611	0	1611
605	1607	0	1607
606	1615	0	1615
607	1656	0	1656
608	1645	0	1645
609	1600	0	1600
610	1607	0	1607
611	1604	0	1604
612	1600	0	1600
613	1593	0	1593
614	1605	0	1605
615	1610	0	1610
616	1608	0	1608
617	1625	0	1625
618	1651	0	1651
619	1651	0	1651
620	1640	0	1640
621	1627	0	1627
622	1647	0	1647
623	1634	0	1634
624	1624	0	1624
625	1629	0	1629
626	1625	0	1625
627	1622	0	1622
628	1638	0	1638
629	1650	0	1650
630	1652	0	1652
631	1630	0	1630
632	1617	0	1617
633	1648	0	1648
634	1653	0	1653
635	1634	0	1634
636	1635	0	1635
637	1637	0	1637
638	1648	0	1648
639	1656	0	1656
640	1632	0	1632
641	1615	0	1615
642	1642	0	1642
643	1651	0	1651
644	1665	0	1665
645	1678	0	1678
646	1680	0	1680
647	1658	0	1658
648	1666	0	1666
649	1679	0	1679
650	1663	0	1663
651	1643	0	1643
652	1649	0	1649
653	1658	0	1658
654	1684	0	1684
655	1674	0	1674
656	1681	0	1681
657	1680	0	1680
658	1684	0	1684
659	1710	0	1710
660	1710	0	1710
661	1661	0	1661
662	1651	0	1651
663	1664	0	1664
664	1674	0	1674
665	1653	0	1653
666	1639	0	1639
667	1637	0	1637
668	1640	0	1640
669	1653	0	1653
670	1668	0	1668
671	1683	0	1683
672	1702	0	1702
673	1687	0	1687
674	1669	0	1669
675	1678	0	1678
676	1684	0	1684
677	1701	0	1701
678	1714	0	1714
679	1695	0	1695
680	1689	0	1689
681	1689	0	1689
682	1731	0	1731
683	1740	0	1740
684	1732	0	1732
685	1724	0	1724
686	1719	0	1719
687	1731	0	1731
688	1704	0	1704
689	1711	0	1711
690	1737	0	1737
691	1733	0	1733
692	1715	0	1715
693	1749	0	1749
694	1779	0	1779
695	1770	0	1770
696	1738	0	1738
697	1721	0	1721
698	1726	0	1726
699	1751	0	1751
700	1766	0	1766
701	1755	0	1755
702	1750	0	1750
703	1751	0	1751
704	1756	0	1756
705	1730	0	1730
706	1750	0	1750
707	1743	0	1743
708	1741	0	1741
709	1741	0	1741
710	1718	0	1718
711	1727	0	1727
712	1763	0	1763
713	1745	0	1745
714	1738	0	1738
715	1741	0	1741
716	1763	0	1763
717	1774	0	1774
718	1788	0	1788
719	1790	0	1790
720	1776	0	1776
721	1750	0	1750
722	1779	0	1779
723	1801	0	1801
724	1811	0	1811
725	1828	0	1828
726	1822	0	1822
727	1816	0	1816
728	1803	0	1803
729	1798	0	1798
730	1844	0	1844
731	1833	0	1833
732	1842	0	1842
733	1836	0	1836
734	1825	0	1825
735	1837	0	1837
736	1827	0	1827
737	1827	0	1827
738	1835	0	1835
739	1814	0	1814
740	1867	0	1867
741	1856	0	1856
742	1839	0	1839
743	1820	0	1820
744	1842	0	1842
745	1853	0	1853
746	1843	0	1843
747	1821	0	1821
748	1840	0	1840
749	1832	0	1832
750	1847	0	1847
751	1852	0	1852
752	1822	0	1822
753	1825	0	1825
754	1825	0	1825
755	1800	0	1800
756	1821	0	1821
757	1831	0	1831
758	1816	0	1816
759	1817	0	1817
760	1832	0	1832
761	1819	0	1819
762	1844	0	1844
763	1846	0	1846
764	1785	0	1785
765	1812	0	1812
766	1865	0	1865
767	1862	0	1862
768	1876	0	1876
769	1872	0	1872
770	1867	0	1867
771	1872	0	1872
772	1874	0	1874
773	1925	0	1925
774	1904	0	1904
775	1865	0	1865
776	1899	0	1899
777	1903	0	1903
778	1904	0	1904
779	1923	0	1923
780	1885	0	1885
781	1830	0	1830
782	1841	0	1841
783	1876	0	1876
784	1907	0	1907
785	1892	0	1892
786	1875	0	1875
787	1905	0	1905
788	1921	0	1921
789	1905	0	1905
790	1890	0	1890
791	1886	0	1886
792	1921	0	1921
793	1934	0	1934
794	1918	0	1918
795	1909	0	1909
796	1945	0	1945
797	1924	0	1924
798	1871	0	1871
799	1895	0	1895
800	1914	0	1914
801	1891	0	1891
802	1923	0	1923
803	1899	0	1899
804	1896	0	1896
805	1942	0	1942
806	1912	0	1912
807	1929	0	1929
808	1914	0	1914
809	1924	0	1924
810	1958	0	1958
811	1951	0	1951
812	1914	0	1914
813	1897	0	1897
814	1938	0	1938
815	1913	0	1913
816	1930	0	1930
817	1963	0	1963
818	1942	0	1942
819	1905	0	1905
820	1911	0	1911
821	1941	0	1941
822	1968	0	1968
823	1974	0	1974
824	1990	0	1990
825	2008	0	2008
826	2008	0	2008
827	1995	0	1995
828	2038	0	2038
829	2023	0	2023
830	2014	0	2014
831	2006	0	2006
832	2023	0	2023
833	2035	0	2035
834	2019	0	2019
835	2005	0	2005
836	2039	0	2039
837	2021	0	2021
838	2013	0	2013
839	1964	0	1964
840	1937	0	1937
841	1936	0	1936
842	1966	0	1966
843	2011	0	2011
844	2006	0	2006
845	2014	0	2014
846	2025	0	2025
847	2014	0	2014
848	2003	0	2003
849	2008	0	2008
850	2015	0	2015
851	1969	0	1969
852	1987	0	1987
853	2019	0	2019
854	2017	0	2017
855	1992	0	1992
856	1992	0	1992
857	1996	0	1996
858	2013	0	2013
859	2038	0	2038
860	2082	0	2082
861	2033	0	2033
862	2010	0	2010
863	2020	0	2020
864	2034	0	2034
865	2055	0	2055
866	2056	0	2056
867	2032	0	2032
868	2041	0	2041
869	2068	0	2068
870	2068	0	2068
871	2095	0	2095
872	2079	0	2079
873	2058	0	2058
874	2111	0	2111
875	2118	0	2118
876	2077	0	2077
877	2113	0	2113
878	2122	0	2122
879	2121	0	2121
880	2104	0	2104
881	2118	0	2118
882	2165	0	2165
883	2165	0	2165
884	2182	0	2182
885	2156	0	2156
886	2148	0	2148
887	2132	0	2132
888	2141	0	2141
889	2159	0	2159
890	2237	0	2237
891	2268	0	2268
892	2306	0	2306
893	2347	0	2347
894	2452	0	2452
895	2469	0	2469
896	2499	0	2499
897	2571	0	2571
898	2579	0	2579
899	2634	0	2634
900	2681	0	2681
901	2640	0	2640
902	2650	0	2650
903	2649	0	2649
904	2699	0	2699
905	2775	0	2775
906	2777	0	2777
907	2785	0	2785
908	2804	0	2804
909	2812	0	2812
910	2791	0	2791
911	2806	0	2806
912	2801	0	2801
913	2796	0	2796
914	2812	0	2812
915	2874	0	2874
916	2922	0	2922
917	3016	0	3016
918	3217	0	3217
919	3356	0	3356
920	3359	0	3359
921	3357	0	3357
922	3545	0	3545
923	3855	0	3855
924	4142	0	4142
925	4412	0	4412
926	4663	0	4663
927	5023	0	5023
928	5558	0	5558
929	6350	0	6350
930	7325	0	7325
931	7966	0	7966
932	8326	0	8326
933	8726	0	8726
934	9167	0	9167
935	9161	0	9161
936	8771	0	8771
937	8626	0	8626
938	8955	0	8955
939	9317	0	9317
940	9806	0	9806
941	10391	0	10391
942	10970	0	10970
943	11388	0	11388
944	11625	0	11625
945	11258	0	11258
946	10265	0	10265
947	9179	0	9179
948	8576	0	8576
949	8607	0	8607
950	8623	0	8623
951	8234	0	8234
952	7226	0	7226
953	6184	0	6184
954	6039	0	6039
955	6583	0	6583
956	6481	0	6481
957	6072	0	6072
958	5997	0	5997
959	6122	0	6122
960	5778	0	5778
961	5102	0	5102
962	4843	0	4843
963	4515	0	4515
964	4053	0	4053
965	4020	0	4020
966	3950	0	3950
967	3765	0	3765
968	3968	0	3968
969	3787	0	3787
970	3478	0	3478
971	3458	0	3458
972	3279	0	3279
973	3171	0	3171
974	3209	0	3209
975	3165	0	3165
976	3149	0	3149
977	3177	0	3177
978	3206	0	3206
979	3142	0	3142
980	3081	0	3081
981	3111	0	3111
982	3090	0	3090
983	3017	0	3017
984	3017	0	3017
985	2937	0	2937
986	2876	0	2876
987	2899	0	2899
988	2919	0	2919
989	2849	0	2849
990	2837	0	2837
991	2843	0	2843
992	2927	0	2927
993	2965	0	2965
994	2967	0	2967
995	2919	0	2919
996	2927	0	2927
997	2983	0	2983
998	2954	0	2954
999	2845	0	2845
1000	2849	0	2849
1001	2819	0	2819
1002	2873	0	2873
1003	2896	0	2896
1004	2904	0	2904
1005	2911	0	2911
1006	2910	0	2910
1007	2840	0	2840
1008	2773	0	2773
1009	2776	0	2776
1010	2831	0	2831
1011	2794	0	2794
1012	2737	0	2737
1013	2728	0	2728
1014	2743	0	2743
1015	2803	0	2803
1016	2802	0	2802
1017	2799	0	2799
1018	2789	0	2789
1019	2714	0	2714
1020	2683	0	2683
1021	2692	0	2692
1022	2704	0	2704
1023	2631	0	2631
1024	2612	0	2612
1025	2629	0	2629
1026	2672	0	2672
1027	2735	0	2735
1028	2752	0	2752
1029	2662	0	2662
1030	2724	0	2724
1031	2706	0	2706
1032	2600	0	2600
1033	2601	0	2601
1034	2634	0	2634
1035	2663	0	2663
1036	2611	0	2611
1037	2565	0	2565
1038	2617	0	2617
1039	2680	0	2680
1040	2661	0	2661
1041	2685	0	2685
1042	2631	0	2631
1043	2562	0	2562
1044	2559	0	2559
1045	2600	0	2600
1046	2620	0	2620
1047	2641	0	2641
1048	2649	0	2649
1049	2748	0	2748
1050	2719	0	2719
1051	2657	0	2657
1052	2703	0	2703
1053	2676	0	2676
1054	2683	0	2683
1055	2650	0	2650
1056	2667	0	2667
1057	2685	0	2685
1058	2593	0	2593
1059	2571	0	2571
1060	2620	0	2620
1061	2638	0	2638
1062	2638	0	2638
1063	2665	0	2665
1064	2673	0	2673
1065	2667	0	2667
1066	2695	0	2695
1067	2657	0	2657
1068	2677	0	2677
1069	2664	0	2664
1070	2649	0	2649
1071	2694	0	2694
1072	2739	0	2739
1073	2780	0	2780
1074	2751	0	2751
1075	2709	0	2709
1076	2665	0	2665
1077	2666	0	2666
1078	2706	0	2706
1079	2761	0	2761
1080	2774	0	2774
1081	2700	0	2700
1082	2692	0	2692
1083	2663	0	2663
1084	2609	0	2609
1085	2585	0	2585
1086	2627	0	2627
1087	2612	0	2612
1088	2627	0	2627
1089	2615	0	2615
1090	2634	0	2634
1091	2687	0	2687
1092	2659	0	2659
1093	2609	0	2609
1094	2588	0	2588
1095	2542	0	2542
1096	2498	0	2498
1097	2501	0	2501
1098	2496	0	2496
1099	2460	0	2460
1100	2434	0	2434
1101	2435	0	2435
1102	2462	0	2462
1103	2459	0	2459
1104	2455	0	2455
1105	2448	0	2448
1106	2477	0	2477
1107	2497	0	2497
1108	2479	0	2479
1109	2486	0	2486
1110	2465	0	2465
1111	2512	0	2512
1112	2528	0	2528
1113	2545	0	2545
1114	2555	0	2555
1115	2558	0	2558
1116	2488	0	2488
1117	2517	0	2517
1118	2630	0	2630
1119	2607	0	2607
1120	2580	0	2580
1121	2623	0	2623
1122	2648	0	2648
1123	2619	0	2619
1124	2631	0	2631
1125	2631	0	2631
1126	2649	0	2649
1127	2635	0	2635
1128	2646	0	2646
1129	2650	0	2650
1130	2642	0	2642
1131	2680	0	2680
1132	2699	0	2699
1133	2671	0	2671
1134	2651	0	2651
1135	2658	0	2658
1136	2723	0	2723
1137	2746	0	2746
1138	2744	0	2744
1139	2780	0	2780
1140	2773	0	2773
1141	2760	0	2760
1142	2762	0	2762
1143	2765	0	2765
1144	2789	0	2789
1145	2812	0	2812
1146	2793	0	2793
1147	2818	0	2818
1148	2818	0	2818
1149	2755	0	2755
1150	2776	0	2776
1151	2910	0	2910
1152	2896	0	2896
1153	2927	0	2927
1154	2944	0	2944
1155	2952	0	2952
1156	2950	0	2950
1157	2954	0	2954
1158	2949	0	2949
1159	2932	0	2932
1160	2952	0	2952
1161	2948	0	2948
1162	2988	0	2988
1163	3001	0	3001
1164	2964	0	2964
1165	3015	0	3015
1166	3079	0	3079
1167	3076	0	3076
1168	3029	0	3029
1169	3031	0	3031
1170	3049	0	3049
1171	3085	0	3085
1172	3120	0	3120
1173	3088	0	3088
1174	3139	0	3139
1175	3141	0	3141
1176	3109	0	3109
1177	3057	0	3057
1178	3085	0	3085
1179	3072	0	3072
1180	3079	0	3079
1181	3110	0	3110
1182	3140	0	3140
1183	3130	0	3130
1184	3193	0	3193
1185	3167	0	3167
1186	3169	0	3169
1187	3229	0	3229
1188	3225	0	3225
1189	3181	0	3181
1190	3156	0	3156
1191	3198	0	3198
1192	3221	0	3221
1193	3213	0	3213
1194	3223	0	3223
1195	3210	0	3210
1196	3161	0	3161
1197	3164	0	3164
1198	3289	0	3289
1199	3264	0	3264
1200	3245	0	3245
1201	3317	0	3317
1202	3345	0	3345
1203	3341	0	3341
1204	3330	0	3330
1205	3326	0	3326
1206	3356	0	3356
1207	3368	0	3368
1208	3328	0	3328
1209	3315	0	3315
1210	3306	0	3306
1211	3372	0	3372
1212	3431	0	3431
1213	3407	0	3407
1214	3467	0	3467
1215	3472	0	3472
1216	3419	0	3419
1217	3484	0	3484
1218	3487	0	3487
1219	3514	0	3514
1220	3536	0	3536
1221	3549	0	3549
1222	3550	0	3550
1223	3567	0	3567
1224	3649	0	3649
1225	3660	0	3660
1226	3606	0	3606
1227	3616	0	3616
1228	3631	0	3631
1229	3643	0	3643
1230	3708	0	3708
1231	3731	0	3731
1232	3804	0	3804
1233	3788	0	3788
1234	3763	0	3763
1235	3756	0	3756
1236	3770	0	3770
1237	3808	0	3808
1238	3785	0	3785
1239	3857	0	3857
1240	3903	0	3903
1241	3849	0	3849
1242	3790	0	3790
1243	3844	0	3844
1244	3891	0	3891
1245	3904	0	3904
1246	3909	0	3909
1247	3898	0	3898
1248	3890	0	3890
1249	3881	0	3881
1250	3843	0	3843
1251	3919	0	3919
1252	3970	0	3970
1253	3961	0	3961
1254	3933	0	3933
1255	3939	0	3939
1256	3976	0	3976
1257	3976	0	3976
1258	3970	0	3970
1259	3986	0	3986
1260	4079	0	4079
1261	4061	0	4061
1262	4091	0	4091
1263	4084	0	4084
1264	4078	0	4078
1265	4028	0	4028
1266	4037	0	4037
1267	4109	0	4109
1268	4118	0	4118
1269	4108	0	4108
1270	4119	0	4119
1271	4109	0	4109
1272	4189	0	4189
1273	4197	0	4197
1274	4233	0	4233
1275	4187	0	4187
1276	4097	0	4097
1277	4140	0	4140
1278	4193	0	4193
1279	4244	0	4244
1280	4295	0	4295
1281	4281	0	4281
1282	4309	0	4309
1283	4309	0	4309
1284	4311	0	4311
1285	4320	0	4320
1286	4351	0	4351
1287	4329	0	4329
1288	4357	0	4357
1289	4409	0	4409
1290	4432	0	4432
1291	4447	0	4447
1292	4421	0	4421
1293	4469	0	4469
1294	4538	0	4538
1295	4523	0	4523
1296	4597	0	4597
1297	4564	0	4564
1298	4618	0	4618
1299	4689	0	4689
1300	4637	0	4637
1301	4640	0	4640
1302	4649	0	4649
1303	4696	0	4696
1304	4707	0	4707
1305	4684	0	4684
1306	4692	0	4692
1307	4754	0	4754
1308	4803	0	4803
1309	4843	0	4843
1310	4832	0	4832
1311	4831	0	4831
1312	4877	0	4877
1313	4943	0	4943
1314	5057	0	5057
1315	5055	0	5055
1316	4969	0	4969
1317	4947	0	4947
1318	4984	0	4984
1319	4997	0	4997
1320	5022	0	5022
1321	4991	0	4991
1322	4983	0	4983
1323	4968	0	4968
1324	5028	0	5028
1325	5040	0	5040
1326	5126	0	5126
1327	5200	0	5200
1328	5161	0	5161
1329	5117	0	5117
1330	5075	0	5075
1331	5156	0	5156
1332	5206	0	5206
1333	5189	0	5189
1334	5262	0	5262
1335	5251	0	5251
1336	5187	0	5187
1337	5156	0	5156
1338	5153	0	5153
1339	5127	0	5127
1340	5175	0	5175
1341	5221	0	5221
1342	5288	0	5288
1343	5299	0	5299
1344	5298	0	5298
1345	5259	0	5259
1346	5170	0	5170
1347	5114	0	5114
1348	5127	0	5127
1349	5235	0	5235
1350	5283	0	5283
1351	5223	0	5223
1352	5188	0	5188
1353	5172	0	5172
1354	5134	0	5134
1355	5123	0	5123
1356	5110	0	5110
1357	5135	0	5135
1358	5210	0	5210
1359	5208	0	5208
1360	5233	0	5233
1361	5246	0	5246
1362	5264	0	5264
1363	5245	0	5245
1364	5212	0	5212
1365	5141	0	5141
1366	5143	0	5143
1367	5145	0	5145
1368	5108	0	5108
1369	5182	0	5182
1370	5267	0	5267
1371	5326	0	5326
1372	5348	0	5348
1373	5384	0	5384
1374	5361	0	5361
1375	5375	0	5375
1376	5357	0	5357
1377	5363	0	5363
1378	5386	0	5386
1379	5407	0	5407
1380	5426	0	5426
1381	5491	0	5491
1382	5513	0	5513
1383	5486	0	5486
1384	5414	0	5414
1385	5503	0	5503
1386	5652	0	5652
1387	5746	0	5746
1388	5780	0	5780
1389	5775	0	5775
1390	5641	0	5641
1391	5513	0	5513
1392	5496	0	5496
1393	5597	0	5597
1394	5566	0	5566
1395	5503	0	5503
1396	5513	0	5513
1397	5502	0	5502
1398	5517	0	5517
1399	5450	0	5450
1400	5406	0	5406
1401	5388	0	5388
1402	5450	0	5450
1403	5542	0	5542
1404	5550	0	5550
1405	5518	0	5518
1406	5504	0	5504
1407	5444	0	5444
1408	5410	0	5410
1409	5386	0	5386
1410	5448	0	5448
1411	5466	0	5466
1412	5474	0	5474
1413	5534	0	5534
1414	5597	0	5597
1415	5623	0	5623
1416	5627	0	5627
1417	5675	0	5675
1418	5678	0	5678
1419	5770	0	5770
1420	5850	0	5850
1421	5847	0	5847
1422	5909	0	5909
1423	5988	0	5988
1424	6009	0	6009
1425	6084	0	6084
1426	6198	0	6198
1427	6217	0	6217
1428	6256	0	6256
1429	6249	0	6249
1430	6274	0	6274
1431	6273	0	6273
1432	6285	0	6285
1433	6341	0	6341
1434	6410	0	6410
1435	6475	0	6475
1436	6549	0	6549
1437	6551	0	6551
1438	6521	0	6521
1439	6547	0	6547
1440	6684	0	6684
1441	6669	0	6669
1442	6649	0	6649
1443	6701	0	6701
1444	6637	0	6637
1445	6710	0	6710
1446	6659	0	6659
1447	6562	0	6562
1448	6507	0	6507
1449	6507	0	6507
1450	6556	0	6556
1451	6468	0	6468
1452	6490	0	6490
1453	6489	0	6489
1454	6489	0	6489
1455	6543	0	6543
1456	6562	0	6562
1457	6571	0	6571
1458	6603	0	6603
1459	6707	0	6707
1460	6791	0	6791
1461	6793	0	6793
1462	6845	0	6845
1463	6955	0	6955
1464	7022	0	7022
1465	6949	0	6949
1466	6990	0	6990
1467	7089	0	7089
1468	7205	0	7205
1469	7224	0	7224
1470	7222	0	7222
1471	7229	0	7229
1472	7226	0	7226
1473	7131	0	7131
1474	6975	0	6975
1475	7066	0	7066
1476	7120	0	7120
1477	7148	0	7148
1478	7265	0	7265
1479	7295	0	7295
1480	7290	0	7290
1481	7328	0	7328
1482	7231	0	7231
1483	7186	0	7186
1484	7204	0	7204
1485	7164	0	7164
1486	7185	0	7185
1487	7220	0	7220
1488	7216	0	7216
1489	7066	0	7066
1490	6873	0	6873
1491	6888	0	6888
1492	6962	0	6962
1493	6960	0	6960
1494	6861	0	6861
1495	6816	0	6816
1496	6963	0	6963
1497	6981	0	6981
1498	6799	0	6799
1499	6630	0	6630
1500	6683	0	6683
1501	6694	0	6694
1502	6542	0	6542
1503	6488	0	6488
1504	6524	0	6524
1505	6528	0	6528
1506	6486	0	6486
1507	6401	0	6401
1508	6371	0	6371
1509	6360	0	6360
1510	6375	0	6375
1511	6280	0	6280
1512	6271	0	6271
1513	6313	0	6313
1514	6301	0	6301
1515	6210	0	6210
1516	6125	0	6125
1517	6098	0	6098
1518	6072	0	6072
1519	5979	0	5979
1520	5965	0	5965
1521	5955	0	5955
1522	6018	0	6018
1523	5956	0	5956
1524	5877	0	5877
1525	5820	0	5820
1526	5805	0	5805
1527	5739	0	5739
1528	5698	0	5698
1529	5703	0	5703
1530	5627	0	5627
1531	5578	0	5578
1532	5539	0	5539
1533	5513	0	5513
1534	5417	0	5417
1535	5369	0	5369
1536	5380	0	5380
1537	5324	0	5324
1538	5312	0	5312
1539	5341	0	5341
1540	5364	0	5364
1541	5266	0	5266
1542	5152	0	5152
1543	5120	0	5120
1544	5115	0	5115
1545	5113	0	5113
1546	5059	0	5059
1547	4965	0	4965
1548	4928	0	4928
1549	4889	0	4889
1550	4811	0	4811
1551	4827	0	4827
1552	4854	0	4854
1553	4814	0	4814
1554	4744	0	4744
1555	4704	0	4704
1556	4689	0	4689
1557	4656	0	4656
1558	4517	0	4517
1559	4506	0	4506
1560	4518	0	4518
1561	4458	0	4458
1562	4435	0	4435
1563	4331	0	4331
1564	4199	0	4199
1565	4174	0	4174
1566	4185	0	4185
1567	4101	0	4101
1568	4071	0	4071
1569	4039	0	4039
1570	3947	0	3947
1571	3913	0	3913
1572	3910	0	3910
1573	3873	0	3873
1574	3744	0	3744
1575	3671	0	3671
1576	3685	0	3685
1577	3618	0	3618
1578	3628	0	3628
1579	3606	0	3606
1580	3555	0	3555
1581	3510	0	3510
1582	3454	0	3454
1583	3409	0	3409
1584	3361	0	3361
1585	3376	0	3376
1586	3355	0	3355
1587	3316	0	3316
1588	3311	0	3311
1589	3313	0	3313
1590	3278	0	3278
1591	3199	0	3199
1592	3250	0	3250
1593	3174	0	3174
1594	3170	0	3170
1595	3109	0	3109
1596	3159	0	3159
1597	3205	0	3205
1598	3147	0	3147
1599	3115	0	3115
1600	3117	0	3117
1601	3090	0	3090
1602	3077	0	3077
1603	3073	0	3073
1604	3041	0	3041
1605	3052	0	3052
1606	3051	0	3051
1607	3052	0	3052
1608	3055	0	3055
1609	2989	0	2989
1610	2972	0	2972
1611	2994	0	2994
1612	3011	0	3011
1613	2990	0	2990
1614	2962	0	2962
1615	2962	0	2962
1616	3018	0	3018
1617	2985	0	2985
1618	2941	0	2941
1619	2960	0	2960
1620	2964	0	2964
1621	2930	0	2930
1622	2939	0	2939
1623	2947	0	2947
1624	2955	0	2955
1625	2903	0	2903
1626	2889	0	2889
1627	2919	0	2919
1628	2889	0	2889
1629	2856	0	2856
1630	2854	0	2854
1631	2833	0	2833
1632	2809	0	2809
1633	2817	0	2817
1634	2824	0	2824
1635	2837	0	2837
1636	2840	0	2840
1637	2816	0	2816
1638	2761	0	2761
1639	2739	0	2739
1640	2775	0	2775
1641	2765	0	2765
1642	2755	0	2755
1643	2725	0	2725
1644	2748	0	2748
1645	2764	0	2764
1646	2745	0	2745
1647	2725	0	2725
1648	2708	0	2708
1649	2709	0	2709
1650	2729	0	2729
1651	2697	0	2697
1652	2722	0	2722
1653	2685	0	2685
1654	2698	0	2698
1655	2716	0	2716
1656	2675	0	2675
1657	2682	0	2682
1658	2744	0	2744
1659	2723	0	2723
1660	2670	0	2670
1661	2753	0	2753
1662	2772	0	2772
1663	2741	0	2741
1664	2699	0	2699
1665	2716	0	2716
1666	2707	0	2707
1667	2698	0	2698
1668	2709	0	2709
1669	2691	0	2691
1670	2697	0	2697
1671	2730	0	2730
1672	2732	0	2732
1673	2693	0	2693
1674	2679	0	2679
1675	2682	0	2682
1676	2721	0	2721
1677	2682	0	2682
1678	2684	0	2684
1679	2646	0	2646
1680	2650	0	2650
1681	2682	0	2682
1682	2715	0	2715
1683	2672	0	2672
1684	2693	0	2693
1685	2712	0	2712
1686	2666	0	2666
1687	2750	0	2750
1688	2735	0	2735
1689	2695	0	2695
1690	2648	0	2648
1691	2588	0	2588
1692	2627	0	2627
1693	2654	0	2654
1694	2661	0	2661
1695	2663	0	2663
1696	2656	0	2656
1697	2650	0	2650
1698	2654	0	2654
1699	2663	0	2663
1700	2676	0	2676
1701	2671	0	2671
1702	2680	0	2680
1703	2653	0	2653
1704	2651	0	2651
1705	2612	0	2612
1706	2630	0	2630
1707	2625	0	2625
1708	2644	0	2644
1709	2673	0	2673
1710	2674	0	2674
1711	2645	0	2645
1712	2662	0	2662
1713	2665	0	2665
1714	2682	0	2682
1715	2727	0	2727
1716	2704	0	2704
1717	2678	0	2678
1718	2636	0	2636
1719	2642	0	2642
1720	2697	0	2697
1721	2714	0	2714
1722	2684	0	2684
1723	2652	0	2652
1724	2713	0	2713
1725	2693	0	2693
1726	2703	0	2703
1727	2730	0	2730
1728	2690	0	2690
1729	2724	0	2724
1730	2727	0	2727
1731	2731	0	2731
1732	2668	0	2668
1733	2700	0	2700
1734	2727	0	2727
1735	2698	0	2698
1736	2716	0	2716
1737	2747	0	2747
1738	2746	0	2746
1739	2742	0	2742
1740	2720	0	2720
1741	2721	0	2721
1742	2761	0	2761
1743	2765	0	2765
1744	2736	0	2736
1745	2747	0	2747
1746	2706	0	2706
1747	2721	0	2721
1748	2772	0	2772
1749	2697	0	2697
1750	2730	0	2730
1751	2758	0	2758
1752	2741	0	2741
1753	2719	0	2719
1754	2740	0	2740
1755	2698	0	2698
1756	2735	0	2735
1757	2736	0	2736
1758	2748	0	2748
1759	2732	0	2732
1760	2718	0	2718
1761	2752	0	2752
1762	2785	0	2785
1763	2744	0	2744
1764	2753	0	2753
1765	2766	0	2766
1766	2756	0	2756
1767	2739	0	2739
1768	2717	0	2717
1769	2728	0	2728
1770	2786	0	2786
1771	2758	0	2758
1772	2741	0	2741
1773	2766	0	2766
1774	2765	0	2765
1775	2747	0	2747
1776	2741	0	2741
1777	2762	0	2762
1778	2783	0	2783
1779	2766	0	2766
1780	2780	0	2780
1781	2776	0	2776
1782	2778	0	2778
1783	2785	0	2785
1784	2792	0	2792
1785	2774	0	2774
1786	2788	0	2788
1787	2813	0	2813
1788	2776	0	2776
1789	2759	0	2759
1790	2804	0	2804
1791	2793	0	2793
1792	2733	0	2733
1793	2711	0	2711
1794	2730	0	2730
1795	2760	0	2760
1796	2785	0	2785
1797	2752	0	2752
1798	2766	0	2766
1799	2817	0	2817
1800	2755	0	2755
1801	2731	0	2731
1802	2774	0	2774
1803	2803	0	2803
1804	2810	0	2810
1805	2799	0	2799
1806	2791	0	2791
1807	2807	0	2807
1808	2790	0	2790
1809	2749	0	2749
1810	2769	0	2769
1811	2809	0	2809
1812	2837	0	2837
1813	2839	0	2839
1814	2825	0	2825
1815	2804	0	2804
1816	2864	0	2864
1817	2816	0	2816
1818	2854	0	2854
1819	2823	0	2823
1820	2825	0	2825
1821	2786	0	2786
1822	2820	0	2820
1823	2852	0	2852
1824	2832	0	2832
1825	2830	0	2830
1826	2786	0	2786
1827	2828	0	2828
1828	2850	0	2850
1829	2819	0	2819
1830	2767	0	2767
1831	2784	0	2784
1832	2782	0	2782
1833	2756	0	2756
1834	2783	0	2783
1835	2745	0	2745
1836	2724	0	2724
1837	2778	0	2778
1838	2751	0	2751
1839	2738	0	2738
1840	2771	0	2771
1841	2740	0	2740
1842	2700	0	2700
1843	2702	0	2702
1844	2728	0	2728
1845	2725	0	2725
1846	2712	0	2712
1847	2725	0	2725
1848	2765	0	2765
1849	2697	0	2697
1850	2714	0	2714
1851	2677	0	2677
1852	2691	0	2691
1853	2704	0	2704
1854	2674	0	2674
1855	2713	0	2713
1856	2660	0	2660
1857	2660	0	2660
1858	2690	0	2690
1859	2690	0	2690
1860	2646	0	2646
1861	2649	0	2649
1862	2651	0	2651
1863	2643	0	2643
1864	2627	0	2627
1865	2632	0	2632
1866	2642	0	2642
1867	2649	0	2649
1868	2626	0	2626
1869	2593	0	2593
1870	2575	0	2575
1871	2611	0	2611
1872	2611	0	2611
1873	2576	0	2576
1874	2606	0	2606
1875	2622	0	2622
1876	2597	0	2597
1877	2564	0	2564
1878	2584	0	2584
1879	2588	0	2588
1880	2594	0	2594
1881	2615	0	2615
1882	2594	0	2594
1883	2586	0	2586
1884	2578	0	2578
1885	2568	0	2568
1886	2580	0	2580
1887	2538	0	2538
1888	2588	0	2588
1889	2591	0	2591
1890	2580	0	2580
1891	2603	0	2603
1892	2563	0	2563
1893	2520	0	2520
1894	2525	0	2525
1895	2569	0	2569
1896	2584	0	2584
1897	2505	0	2505
1898	2517	0	2517
1899	2561	0	2561
1900	2559	0	2559
1901	2542	0	2542
1902	2544	0	2544
1903	2553	0	2553
1904	2507	0	2507
1905	2477	0	2477
1906	2488	0	2488
1907	2508	0	2508
1908	2481	0	2481
1909	2500	0	2500
1910	2494	0	2494
1911	2471	0	2471
1912	2502	0	2502
1913	2511	0	2511
1914	2479	0	2479
1915	2493	0	2493
1916	2513	0	2513
1917	2492	0	2492
1918	2457	0	2457
1919	2453	0	2453
1920	2488	0	2488
1921	2491	0	2491
1922	2500	0	2500
1923	2502	0	2502
1924	2471	0	2471
1925	2423	0	2423
1926	2480	0	2480
1927	2480	0	2480
1928	2464	0	2464
1929	2490	0	2490
1930	2458	0	2458
1931	2409	0	2409
1932	2431	0	2431
1933	2466	0	2466
1934	2446	0	2446
1935	2426	0	2426
1936	2410	0	2410
1937	2406	0	2406
1938	2423	0	2423
1939	2398	0	2398
1940	2458	0	2458
1941	2481	0	2481
1942	2470	0	2470
1943	2431	0	2431
1944	2433	0	2433
1945	2427	0	2427
1946	2431	0	2431
1947	2430	0	2430
1948	2447	0	2447
1949	2461	0	2461
1950	2422	0	2422
1951	2424	0	2424
1952	2442	0	2442
1953	2419	0	2419
1954	2409	0	2409
1955	2377	0	2377
1956	2405	0	2405
1957	2396	0	2396
1958	2399	0	2399
1959	2402	0	2402
1960	2419	0	2419
1961	2409	0	2409
1962	2395	0	2395
1963	2404	0	2404
1964	2385	0	2385
1965	2389	0	2389
1966	2357	0	2357
1967	2357	0	2357
1968	2403	0	2403
1969	2392	0	2392
1970	2404	0	2404
1971	2404	0	2404
1972	2373	0	2373
1973	2415	0	2415
1974	2391	0	2391
1975	2399	0	2399
1976	2362	0	2362
1977	2372	0	2372
1978	2392	0	2392
1979	2401	0	2401
1980	2375	0	2375
1981	2346	0	2346
1982	2389	0	2389
1983	2375	0	2375
1984	2365	0	2365
1985	2472	0	2472
1986	2437	0	2437
1987	2365	0	2365
1988	2395	0	2395
1989	2404	0	2404
1990	2405	0	2405
1991	2393	0	2393
1992	2375	0	2375
1993	2416	0	2416
1994	2382	0	2382
1995	2338	0	2338
1996	2370	0	2370
1997	2398	0	2398
1998	2317	0	2317
1999	2319	0	2319
2000	2379	0	2379
2001	2370	0	2370
2002	2383	0	2383
2003	2426	0	2426
2004	2408	0	2408
2005	2338	0	2338
2006	2345	0	2345
2007	2362	0	2362
2008	2406	0	2406
2009	2401	0	2401
2010	2365	0	2365
2011	2367	0	2367
2012	2347	0	2347
2013	2348	0	2348
2014	2413	0	2413
2015	2375	0	2375
2016	2380	0	2380
2017	2379	0	2379
2018	2381	0	2381
2019	2370	0	2370
2020	2396	0	2396
2021	2444	0	2444
2022	2391	0	2391
2023	2354	0	2354
2024	2372	0	2372
2025	2392	0	2392
2026	2409	0	2409
2027	2431	0	2431
2028	2365	0	2365
2029	2357	0	2357
2030	2431	0	2431
2031	2426	0	2426
2032	2371	0	2371
2033	2370	0	2370
2034	2457	0	2457
2035	2438	0	2438
2036	2388	0	2388
2037	2399	0	2399
2038	2391	0	2391
2039	2427	0	2427
2040	2433	0	2433
2041	2416	0	2416
2042	2445	0	2445
2043	2442	0	2442
2044	2436	0	2436
2045	2452	0	2452
2046	2467	0	2467
2047	2456	0	2456
2048	2455	0	2455
2049	2480	0	2480
2050	2474	0	2474
2051	2477	0	2477
2052	2493	0	2493
2053	2473	0	2473
2054	2466	0	2466
2055	2469	0	2469
2056	2467	0	2467
2057	2436	0	2436
2058	2423	0	2423
2059	2390	0	2390
2060	2407	0	2407
2061	2445	0	2445
2062	2465	0	2465
2063	2458	0	2458
2064	2441	0	2441
2065	2487	0	2487
2066	2485	0	2485
2067	2482	0	2482
2068	2497	0	2497
2069	2469	0	2469
2070	2470	0	2470
2071	2484	0	2484
2072	2497	0	2497
2073	2472	0	2472
2074	2466	0	2466
2075	2411	0	2411
2076	2420	0	2420
2077	2457	0	2457
2078	2492	0	2492
2079	2452	0	2452
2080	2466	0	2466
2081	2498	0	2498
2082	2478	0	2478
2083	2466	0	2466
2084	2479	0	2479
2085	2451	0	2451
2086	2463	0	2463
2087	2503	0	2503
2088	2498	0	2498
2089	2491	0	2491
2090	2494	0	2494
2091	2478	0	2478
2092	2490	0	2490
2093	2500	0	2500
2094	2506	0	2506
2095	2483	0	2483
2096	2483	0	2483
2097	2492	0	2492
2098	2522	0	2522
2099	2573	0	2573
2100	2529	0	2529
2101	2541	0	2541
2102	2578	0	2578
2103	2560	0	2560
2104	2545	0	2545
2105	2559	0	2559
2106	2571	0	2571
2107	2573	0	2573
2108	2597	0	2597
2109	2563	0	2563
2110	2570	0	2570
2111	2564	0	2564
2112	2591	0	2591
2113	2620	0	2620
2114	2622	0	2622
2115	2603	0	2603
2116	2605	0	2605
2117	2609	0	2609
2118	2599	0	2599
2119	2607	0	2607
2120	2604	0	2604
2121	2598	0	2598
2122	2577	0	2577
2123	2591	0	2591
2124	2614	0	2614
2125	2590	0	2590
2126	2599	0	2599
2127	2586	0	2586
2128	2644	0	2644
2129	2641	0	2641
2130	2629	0	2629
2131	2607	0	2607
2132	2595	0	2595
2133	2615	0	2615
2134	2654	0	2654
2135	2616	0	2616
2136	2629	0	2629
2137	2643	0	2643
2138	2625	0	2625
2139	2611	0	2611
2140	2650	0	2650
2141	2706	0	2706
2142	2689	0	2689
2143	2704	0	2704
2144	2708	0	2708
2145	2673	0	2673
2146	2725	0	2725
2147	2705	0	2705
2148	2722	0	2722
2149	2704	0	2704
2150	2746	0	2746
2151	2711	0	2711
2152	2749	0	2749
2153	2795	0	2795
2154	2763	0	2763
2155	2762	0	2762
2156	2801	0	2801
2157	2821	0	2821
2158	2808	0	2808
2159	2837	0	2837
2160	2873	0	2873
2161	3000	0	3000
2162	3018	0	3018
2163	3014	0	3014
2164	3042	0	3042
2165	3139	0	3139
2166	3283	0	3283
2167	3377	0	3377
2168	3351	0	3351
2169	3336	0	3336
2170	3315	0	3315
2171	3319	0	3319
2172	3372	0	3372
2173	3415	0	3415
2174	3395	0	3395
2175	3450	0	3450
2176	3447	0	3447
2177	3365	0	3365
2178	3301	0	3301
2179	3283	0	3283
2180	3324	0	3324
2181	3326	0	3326
2182	3239	0	3239
2183	3091	0	3091
2184	3049	0	3049
2185	2980	0	2980
2186	2902	0	2902
2187	2841	0	2841
2188	2856	0	2856
2189	2849	0	2849
2190	2792	0	2792
2191	2774	0	2774
2192	2726	0	2726
2193	2715	0	2715
2194	2663	0	2663
2195	2626	0	2626
2196	2667	0	2667
2197	2662	0	2662
2198	2641	0	2641
2199	2624	0	2624
2200	2647	0	2647
2201	2641	0	2641
2202	2625	0	2625
2203	2555	0	2555
2204	2564	0	2564
2205	2600	0	2600
2206	2616	0	2616
2207	2614	0	2614
2208	2572	0	2572
2209	2604	0	2604
2210	2630	0	2630
2211	2611	0	2611
2212	2611	0	2611
2213	2613	0	2613
2214	2602	0	2602
2215	2567	0	2567
2216	2555	0	2555
2217	2615	0	2615
2218	2559	0	2559
2219	2503	0	2503
2220	2528	0	2528
2221	2554	0	2554
2222	2552	0	2552
2223	2514	0	2514
2224	2493	0	2493
2225	2482	0	2482
2226	2488	0	2488
2227	2502	0	2502
2228	2502	0	2502
2229	2473	0	2473
2230	2420	0	2420
2231	2403	0	2403
2232	2465	0	2465
2233	2492	0	2492
2234	2439	0	2439
2235	2432	0	2432
2236	2423	0	2423
2237	2427	0	2427
2238	2412	0	2412
2239	2440	0	2440
2240	2413	0	2413
2241	2396	0	2396
2242	2394	0	2394
2243	2393	0	2393
2244	2408	0	2408
2245	2401	0	2401
2246	2402	0	2402
2247	2385	0	2385
2248	2381	0	2381
2249	2383	0	2383
2250	2425	0	2425
2251	2416	0	2416
2252	2404	0	2404
2253	2370	0	2370
2254	2360	0	2360
2255	2373	0	2373
2256	2376	0	2376
2257	2364	0	2364
2258	2358	0	2358
2259	2316	0	2316
2260	2324	0	2324
2261	2315	0	2315
2262	2301	0	2301
2263	2307	0	2307
2264	2334	0	2334
2265	2289	0	2289
2266	2302	0	2302
2267	2319	0	2319
2268	2299	0	2299
2269	2253	0	2253
2270	2270	0	2270
2271	2290	0	2290
2272	2271	0	2271
2273	2231	0	2231
2274	2263	0	2263
2275	2269	0	2269
2276	2249	0	2249
2277	2243	0	2243
2278	2258	0	2258
2279	2239	0	2239
2280	2218	0	2218
2281	2197	0	2197
2282	2178	0	2178
2283	2206	0	2206
2284	2255	0	2255
2285	2258	0	2258
2286	2212	0	2212
2287	2212	0	2212
2288	2188	0	2188
2289	2227	0	2227
2290	2239	0	2239
2291	2214	0	2214
2292	2227	0	2227
2293	2186	0	2186
2294	2186	0	2186
2295	2205	0	2205
2296	2180	0	2180
2297	2222	0	2222
2298	2220	0	2220
2299	2160	0	2160
2300	2148	0	2148
2301	2171	0	2171
2302	2196	0	2196
2303	2220	0	2220
2304	2191	0	2191
2305	2206	0	2206
2306	2223	0	2223
2307	2185	0	2185
2308	2178	0	2178
2309	2222	0	2222
2310	2252	0	2252
2311	2192	0	2192
2312	2203	0	2203
2313	2241	0	2241
2314	2266	0	2266
2315	2231	0	2231
2316	2246	0	2246
2317	2258	0	2258
2318	2238	0	2238
2319	2247	0	2247
2320	2267	0	2267
2321	2282	0	2282
2322	2256	0	2256
2323	2254	0	2254
2324	2260	0	2260
2325	2224	0	2224
2326	2258	0	2258
2327	2264	0	2264
2328	2267	0	2267
2329	2269	0	2269
2330	2248	0	2248
2331	2273	0	2273
2332	2259	0	2259
2333	2220	0	2220
2334	2231	0	2231
2335	2219	0	2219
2336	2227	0	2227
2337	2274	0	2274
2338	2237	0	2237
2339	2222	0	2222
2340	2237	0	2237
2341	2194	0	2194
2342	2234	0	2234
2343	2212	0	2212
2344	2196	0	2196
2345	2194	0	2194
2346	2235	0	2235
2347	2190	0	2190
2348	2191	0	2191
2349	2222	0	2222
2350	2200	0	2200
2351	2263	0	2263
2352	2276	0	2276
2353	2242	0	2242
2354	2264	0	2264
2355	2272	0	2272
2356	2251	0	2251
2357	2257	0	2257
2358	2260	0	2260
2359	2266	0	2266
2360	2274	0	2274
2361	2259	0	2259
2362	2293	0	2293
2363	2218	0	2218
2364	2216	0	2216
2365	2225	0	2225
2366	2233	0	2233
2367	2276	0	2276
2368	2286	0	2286
2369	2281	0	2281
2370	2278	0	2278
2371	2288	0	2288
2372	2282	0	2282
2373	2285	0	2285
2374	2252	0	2252
2375	2273	0	2273
2376	2272	0	2272
2377	2270	0	2270
2378	2339	0	2339
2379	2292	0	2292
2380	2276	0	2276
2381	2295	0	2295
2382	2295	0	2295
2383	2303	0	2303
2384	2291	0	2291
2385	2279	0	2279
2386	2266	0	2266
2387	2260	0	2260
2388	2246	0	2246
2389	2263	0	2263
2390	2284	0	2284
2391	2320	0	2320
2392	2331	0	2331
2393	2313	0	2313
2394	2300	0	2300
2395	2332	0	2332
2396	2329	0	2329
2397	2361	0	2361
2398	2343	0	2343
2399	2329	0	2329
2400	2315	0	2315
2401	2317	0	2317
2402	2359	0	2359
2403	2394	0	2394
2404	2367	0	2367
2405	2311	0	2311
2406	2335	0	2335
2407	2358	0	2358
2408	2346	0	2346
2409	2292	0	2292
2410	2346	0	2346
2411	2349	0	2349
2412	2357	0	2357
2413	2345	0	2345
2414	2343	0	2343
2415	2399	0	2399
2416	2419	0	2419
2417	2351	0	2351
2418	2397	0	2397
2419	2437	0	2437
2420	2491	0	2491
2421	2444	0	2444
2422	2417	0	2417
2423	2404	0	2404
2424	2368	0	2368
2425	2365	0	2365
2426	2398	0	2398
2427	2395	0	2395
2428	2383	0	2383
2429	2388	0	2388
2430	2410	0	2410
2431	2410	0	2410
2432	2432	0	2432
2433	2440	0	2440
2434	2437	0	2437
2435	2428	0	2428
2436	2428	0	2428
2437	2416	0	2416
2438	2449	0	2449
2439	2440	0	2440
2440	2416	0	2416
2441	2480	0	2480
2442	2464	0	2464
2443	2459	0	2459
2444	2442	0	2442
2445	2464	0	2464
2446	2460	0	2460
2447	2452	0	2452
2448	2482	0	2482
2449	2474	0	2474
2450	2440	0	2440
2451	2454	0	2454
2452	2450	0	2450
2453	2434	0	2434
2454	2436	0	2436
2455	2415	0	2415
2456	2429	0	2429
2457	2409	0	2409
2458	2443	0	2443
2459	2455	0	2455
2460	2448	0	2448
2461	2449	0	2449
2462	2423	0	2423
2463	2409	0	2409
2464	2430	0	2430
2465	2431	0	2431
2466	2417	0	2417
2467	2401	0	2401
2468	2427	0	2427
2469	2417	0	2417
2470	2409	0	2409
2471	2401	0	2401
2472	2421	0	2421
2473	2433	0	2433
2474	2446	0	2446
2475	2440	0	2440
2476	2437	0	2437
2477	2377	0	2377
2478	2382	0	2382
2479	2415	0	2415
2480	2403	0	2403
2481	2376	0	2376
2482	2361	0	2361
2483	2319	0	2319
2484	2306	0	2306
2485	2360	0	2360
2486	2373	0	2373
2487	2329	0	2329
2488	2366	0	2366
2489	2347	0	2347
2490	2304	0	2304
2491	2294	0	2294
2492	2327	0	2327
2493	2284	0	2284
2494	2308	0	2308
2495	2328	0	2328
2496	2288	0	2288
2497	2255	0	2255
2498	2289	0	2289
2499	2294	0	2294
2500	2284	0	2284
2501	2295	0	2295
2502	2278	0	2278
2503	2241	0	2241
2504	2198	0	2198
2505	2213	0	2213
2506	2228	0	2228
2507	2219	0	2219
2508	2219	0	2219
2509	2165	0	2165
2510	2148	0	2148
2511	2193	0	2193
2512	2190	0	2190
2513	2184	0	2184
2514	2192	0	2192
2515	2188	0	2188
2516	2206	0	2206
2517	2148	0	2148
2518	2163	0	2163
2519	2187	0	2187
2520	2194	0	2194
2521	2167	0	2167
2522	2148	0	2148
2523	2128	0	2128
2524	2110	0	2110
2525	2116	0	2116
2526	2124	0	2124
2527	2095	0	2095
2528	2123	0	2123
2529	2096	0	2096
2530	2084	0	2084
2531	2074	0	2074
2532	2098	0	2098
2533	2080	0	2080
2534	2093	0	2093
2535	2101	0	2101
2536	2140	0	2140
2537	2077	0	2077
2538	2085	0	2085
2539	2083	0	2083
2540	2057	0	2057
2541	2110	0	2110
2542	2086	0	2086
2543	2073	0	2073
2544	2094	0	2094
2545	2051	0	2051
2546	2060	0	2060
2547	2036	0	2036
2548	2040	0	2040
2549	2041	0	2041
2550	2053	0	2053
2551	2043	0	2043
2552	2043	0	2043
2553	2058	0	2058
2554	2039	0	2039
2555	2019	0	2019
2556	2029	0	2029
2557	2015	0	2015
2558	2032	0	2032
2559	2055	0	2055
2560	2026	0	2026
2561	2006	0	2006
2562	2008	0	2008
2563	1978	0	1978
2564	1965	0	1965
2565	1971	0	1971
2566	1980	0	1980
2567	1977	0	1977
2568	1995	0	1995
2569	2003	0	2003
2570	2040	0	2040
2571	2041	0	2041
2572	2023	0	2023
2573	2034	0	2034
2574	2053	0	2053
2575	2050	0	2050
2576	2037	0	2037
2577	2076	0	2076
2578	2048	0	2048
2579	2042	0	2042
2580	2055	0	2055
2581	2055	0	2055
2582	2063	0	2063
2583	2050	0	2050
2584	2063	0	2063
2585	2055	0	2055
2586	2078	0	2078
2587	2063	0	2063
2588	2041	0	2041
2589	2012	0	2012
2590	2044	0	2044
2591	2004	0	2004
2592	2015	0	2015
2593	2066	0	2066
2594	2022	0	2022
2595	2005	0	2005
2596	2028	0	2028
2597	2038	0	2038
2598	2033	0	2033
2599	2045	0	2045
2600	2050	0	2050
2601	2055	0	2055
2602	2035	0	2035
2603	2022	0	2022
2604	2007	0	2007
2605	2036	0	2036
2606	2027	0	2027
2607	2029	0	2029
2608	2042	0	2042
2609	1992	0	1992
2610	2008	0	2008
2611	2006	0	2006
2612	2013	0	2013
2613	2018	0	2018
2614	2006	0	2006
2615	2015	0	2015
2616	2011	0	2011
2617	2022	0	2022
2618	2038	0	2038
2619	2031	0	2031
2620	2033	0	2033
2621	2040	0	2040
2622	2065	0	2065
2623	2064	0	2064
2624	2060	0	2060
2625	2058	0	2058
2626	2068	0	2068
2627	2079	0	2079
2628	2064	0	2064
2629	2047	0	2047
2630	2084	0	2084
2631	2124	0	2124
2632	2105	0	2105
2633	2104	0	2104
2634	2093	0	2093
2635	2088	0	2088
2636	2127	0	2127
2637	2141	0	2141
2638	2130	0	2130
2639	2093	0	2093
2640	2084	0	2084
2641	2085	0	2085
2642	2096	0	2096
2643	2091	0	2091
2644	2108	0	2108
2645	2147	0	2147
2646	2117	0	2117
2647	2081	0	2081
2648	2121	0	2121
2649	2131	0	2131
2650	2138	0	2138
2651	2124	0	2124
2652	2125	0	2125
2653	2110	0	2110
2654	2098	0	2098
2655	2085	0	2085
2656	2121	0	2121
2657	2109	0	2109
2658	2092	0	2092
2659	2080	0	2080
2660	2106	0	2106
2661	2104	0	2104
2662	2061	0	2061
2663	2093	0	2093
2664	2089	0	2089
2665	2133	0	2133
2666	2152	0	2152
2667	2095	0	2095
2668	2087	0	2087
2669	2095	0	2095
2670	2094	0	2094
2671	2099	0	2099
2672	2095	0	2095
2673	2087	0	2087
2674	2060	0	2060
2675	2054	0	2054
2676	2106	0	2106
2677	2099	0	2099
2678	2064	0	2064
2679	2068	0	2068
2680	2095	0	2095
2681	2129	0	2129
2682	2103	0	2103
2683	2067	0	2067
2684	2081	0	2081
2685	2065	0	2065
2686	2074	0	2074
2687	2108	0	2108
2688	2097	0	2097
2689	2095	0	2095
2690	2075	0	2075
2691	2059	0	2059
2692	2061	0	2061
2693	2029	0	2029
2694	2042	0	2042
2695	2052	0	2052
2696	2052	0	2052
2697	2048	0	2048
2698	2093	0	2093
2699	2072	0	2072
2700	2036	0	2036
2701	2062	0	2062
2702	2047	0	2047
2703	2093	0	2093
2704	2067	0	2067
2705	2068	0	2068
2706	2060	0	2060
2707	2054	0	2054
2708	2027	0	2027
2709	2008	0	2008
2710	2036	0	2036
2711	2019	0	2019
2712	2005	0	2005
2713	2042	0	2042
2714	2037	0	2037
2715	2004	0	2004
2716	2037	0	2037
2717	1995	0	1995
2718	1970	0	1970
2719	1953	0	1953
2720	1972	0	1972
2721	1989	0	1989
2722	1990	0	1990
2723	1964	0	1964
2724	1948	0	1948
2725	1963	0	1963
2726	1963	0	1963
2727	1951	0	1951
2728	1947	0	1947
2729	1897	0	1897
2730	1926	0	1926
2731	1980	0	1980
2732	1985	0	1985
2733	1921	0	1921
2734	1948	0	1948
2735	1970	0	1970
2736	1937	0	1937
2737	1928	0	1928
2738	1937	0	1937
2739	1927	0	1927
2740	1965	0	1965
2741	1947	0	1947
2742	1930	0	1930
2743	1894	0	1894
2744	1884	0	1884
2745	1914	0	1914
2746	1938	0	1938
2747	1896	0	1896
2748	1865	0	1865
2749	1849	0	1849
2750	1878	0	1878
2751	1883	0	1883
2752	1854	0	1854
2753	1846	0	1846
2754	1870	0	1870
2755	1870	0	1870
2756	1888	0	1888
2757	1872	0	1872
2758	1871	0	1871
2759	1873	0	1873
2760	1833	0	1833
2761	1846	0	1846
2762	1853	0	1853
2763	1852	0	1852
2764	1859	0	1859
2765	1855	0	1855
2766	1844	0	1844
2767	1837	0	1837
2768	1846	0	1846
2769	1849	0	1849
2770	1893	0	1893
2771	1819	0	1819
2772	1818	0	1818
2773	1836	0	1836
2774	1844	0	1844
2775	1857	0	1857
2776	1860	0	1860
2777	1848	0	1848
2778	1842	0	1842
2779	1851	0	1851
2780	1832	0	1832
2781	1820	0	1820
2782	1830	0	1830
2783	1841	0	1841
2784	2038	0	2038
2785	1930	0	1930
2786	1790	0	1790
2787	1781	0	1781
2788	1814	0	1814
2789	1818	0	1818
2790	1788	0	1788
2791	1827	0	1827
2792	1850	0	1850
2793	1819	0	1819
2794	1805	0	1805
2795	1815	0	1815
2796	1808	0	1808
2797	1807	0	1807
2798	1820	0	1820
2799	1808	0	1808
2800	1820	0	1820
2801	1830	0	1830
2802	1845	0	1845
2803	1857	0	1857
2804	1847	0	1847
2805	1838	0	1838
2806	1838	0	1838
2807	1849	0	1849
2808	1868	0	1868
2809	1829	0	1829
2810	1837	0	1837
2811	1775	0	1775
2812	1789	0	1789
2813	1828	0	1828
2814	1837	0	1837
2815	1853	0	1853
2816	1854	0	1854
2817	1832	0	1832
2818	1819	0	1819
2819	1820	0	1820
2820	1800	0	1800
2821	1796	0	1796
2822	1793	0	1793
2823	1791	0	1791
2824	1814	0	1814
2825	1816	0	1816
2826	1840	0	1840
2827	1810	0	1810
2828	1820	0	1820
2829	1844	0	1844
2830	1844	0	1844
2831	1840	0	1840
2832	1857	0	1857
2833	1845	0	1845
2834	1831	0	1831
2835	1817	0	1817
2836	1827	0	1827
2837	1828	0	1828
2838	1821	0	1821
2839	1839	0	1839
2840	1843	0	1843
2841	1840	0	1840
2842	1871	0	1871
2843	1872	0	1872
2844	1869	0	1869
2845	1879	0	1879
2846	1877	0	1877
2847	1888	0	1888
2848	1872	0	1872
2849	1878	0	1878
2850	1868	0	1868
2851	1912	0	1912
2852	1902	0	1902
2853	1866	0	1866
2854	1855	0	1855
2855	1856	0	1856
2856	1895	0	1895
2857	1884	0	1884
2858	1903	0	1903
2859	1882	0	1882
2860	1859	0	1859
2861	1848	0	1848
2862	1852	0	1852
2863	1894	0	1894
2864	1913	0	1913
2865	1905	0	1905
2866	1907	0	1907
2867	1876	0	1876
2868	1918	0	1918
2869	1917	0	1917
2870	1902	0	1902
2871	1896	0	1896
2872	1902	0	1902
2873	1915	0	1915
2874	1853	0	1853
2875	1858	0	1858
2876	1859	0	1859
2877	1888	0	1888
2878	1887	0	1887
2879	1898	0	1898
2880	1866	0	1866
2881	1877	0	1877
2882	1887	0	1887
2883	1869	0	1869
2884	1859	0	1859
2885	1861	0	1861
2886	1867	0	1867
2887	1860	0	1860
2888	1860	0	1860
2889	1856	0	1856
2890	1875	0	1875
2891	1861	0	1861
2892	1887	0	1887
2893	1902	0	1902
2894	1860	0	1860
2895	1859	0	1859
2896	1856	0	1856
2897	1803	0	1803
2898	1848	0	1848
2899	1853	0	1853
2900	1837	0	1837
2901	1857	0	1857
2902	1827	0	1827
2903	1791	0	1791
2904	1855	0	1855
2905	1844	0	1844
2906	1828	0	1828
2907	1839	0	1839
2908	1821	0	1821
2909	1821	0	1821
2910	1803	0	1803
2911	1762	0	1762
2912	1805	0	1805
2913	1851	0	1851
2914	1827	0	1827
2915	1792	0	1792
2916	1777	0	1777
2917	1796	0	1796
2918	1817	0	1817
2919	1797	0	1797
2920	1761	0	1761
2921	1756	0	1756
2922	1780	0	1780
2923	1786	0	1786
2924	1756	0	1756
2925	1722	0	1722
2926	1752	0	1752
2927	1734	0	1734
2928	1754	0	1754
2929	1765	0	1765
2930	1773	0	1773
2931	1748	0	1748
2932	1720	0	1720
2933	1707	0	1707
2934	1732	0	1732
2935	1755	0	1755
2936	1730	0	1730
2937	1741	0	1741
2938	1756	0	1756
2939	1758	0	1758
2940	1747	0	1747
2941	1696	0	1696
2942	1711	0	1711
2943	1702	0	1702
2944	1713	0	1713
2945	1706	0	1706
2946	1715	0	1715
2947	1706	0	1706
2948	1721	0	1721
2949	1662	0	1662
2950	1636	0	1636
2951	1667	0	1667
2952	1699	0	1699
2953	1707	0	1707
2954	1675	0	1675
2955	1663	0	1663
2956	1697	0	1697
2957	1673	0	1673
2958	1682	0	1682
2959	1672	0	1672
2960	1684	0	1684
2961	1667	0	1667
2962	1651	0	1651
2963	1656	0	1656
2964	1665	0	1665
2965	1655	0	1655
2966	1683	0	1683
2967	1675	0	1675
2968	1649	0	1649
2969	1664	0	1664
2970	1667	0	1667
2971	1617	0	1617
2972	1641	0	1641
2973	1640	0	1640
2974	1598	0	1598
2975	1595	0	1595
2976	1660	0	1660
2977	1657	0	1657
2978	1653	0	1653
2979	1611	0	1611
2980	1625	0	1625
2981	1614	0	1614
2982	1642	0	1642
2983	1641	0	1641
2984	1642	0	1642
2985	1659	0	1659
2986	1629	0	1629
2987	1598	0	1598
2988	1617	0	1617
2989	1615	0	1615
2990	1586	0	1586
2991	1609	0	1609
2992	1641	0	1641
2993	1651	0	1651
2994	1639	0	1639
2995	1628	0	1628
2996	1630	0	1630
2997	1620	0	1620
2998	1607	0	1607
2999	1639	0	1639
3000	1628	0	1628
3001	1622	0	1622
3002	1641	0	1641
3003	1615	0	1615
3004	1616	0	1616
3005	1653	0	1653
3006	1617	0	1617
3007	1602	0	1602
3008	1639	0	1639
3009	1669	0	1669
3010	1659	0	1659
3011	1634	0	1634
3012	1595	0	1595
3013	1618	0	1618
3014	1635	0	1635
3015	1632	0	1632
3016	1669	0	1669
3017	1680	0	1680
3018	1678	0	1678
3019	1662	0	1662
3020	1652	0	1652
3021	1658	0	1658
3022	1663	0	1663
3023	1666	0	1666
3024	1676	0	1676
3025	1674	0	1674
3026	1685	0	1685
3027	1694	0	1694
3028	1699	0	1699
3029	1694	0	1694
3030	1690	0	1690
3031	1659	0	1659
3032	1657	0	1657
3033	1656	0	1656
3034	1672	0	1672
3035	1677	0	1677
3036	1702	0	1702
3037	1691	0	1691
3038	1675	0	1675
3039	1676	0	1676
3040	1670	0	1670
3041	1669	0	1669
3042	1684	0	1684
3043	1672	0	1672
3044	1654	0	1654
3045	1689	0	1689
3046	1697	0	1697
3047	1663	0	1663
3048	1648	0	1648
3049	1669	0	1669
3050	1699	0	1699
3051	1700	0	1700
3052	1694	0	1694
3053	1650	0	1650
3054	1686	0	1686
3055	1685	0	1685
3056	1664	0	1664
3057	1674	0	1674
3058	1662	0	1662
3059	1666	0	1666
3060	1656	0	1656
3061	1659	0	1659
3062	1676	0	1676
3063	1674	0	1674
3064	1651	0	1651
3065	1641	0	1641
3066	1664	0	1664
3067	1666	0	1666
3068	1683	0	1683
3069	1658	0	1658
3070	1648	0	1648
3071	1705	0	1705
3072	1675	0	1675
3073	1657	0	1657
3074	1672	0	1672
3075	1678	0	1678
3076	1681	0	1681
3077	1642	0	1642
3078	1649	0	1649
3079	1662	0	1662
3080	1651	0	1651
3081	1665	0	1665
3082	1672	0	1672
3083	1652	0	1652
3084	1674	0	1674
3085	1664	0	1664
3086	1621	0	1621
3087	1622	0	1622
3088	1635	0	1635
3089	1606	0	1606
3090	1614	0	1614
3091	1650	0	1650
3092	1660	0	1660
3093	1627	0	1627
3094	1605	0	1605
3095	1652	0	1652
3096	1616	0	1616
3097	1624	0	1624
3098	1659	0	1659
3099	1648	0	1648
3100	1621	0	1621
3101	1606	0	1606
3102	1619	0	1619
3103	1627	0	1627
3104	1652	0	1652
3105	1625	0	1625
3106	1618	0	1618
3107	1600	0	1600
3108	1612	0	1612
3109	1601	0	1601
3110	1591	0	1591
3111	1602	0	1602
3112	1596	0	1596
3113	1609	0	1609
3114	1617	0	1617
3115	1608	0	1608
3116	1586	0	1586
3117	1599	0	1599
3118	1590	0	1590
3119	1562	0	1562
3120	1578	0	1578
3121	1568	0	1568
3122	1569	0	1569
3123	1575	0	1575
3124	1581	0	1581
3125	1588	0	1588
3126	1561	0	1561
3127	1564	0	1564
3128	1551	0	1551
3129	1560	0	1560
3130	1567	0	1567
3131	1577	0	1577
3132	1559	0	1559
3133	1553	0	1553
3134	1550	0	1550
3135	1562	0	1562
3136	1570	0	1570
3137	1551	0	1551
3138	1576	0	1576
3139	1586	0	1586
3140	1560	0	1560
3141	1554	0	1554
3142	1567	0	1567
3143	1563	0	1563
3144	1583	0	1583
3145	1611	0	1611
3146	1604	0	1604
3147	1572	0	1572
3148	1554	0	1554
3149	1543	0	1543
3150	1560	0	1560
3151	1553	0	1553
3152	1575	0	1575
3153	1578	0	1578
3154	1588	0	1588
3155	1590	0	1590
3156	1614	0	1614
3157	1590	0	1590
3158	1557	0	1557
3159	1558	0	1558
3160	1578	0	1578
3161	1561	0	1561
3162	1577	0	1577
3163	1573	0	1573
3164	1565	0	1565
3165	1586	0	1586
3166	1624	0	1624
3167	1629	0	1629
3168	1585	0	1585
3169	1565	0	1565
3170	1565	0	1565
3171	1586	0	1586
3172	1595	0	1595
3173	1607	0	1607
3174	1606	0	1606
3175	1603	0	1603
3176	1620	0	1620
3177	1591	0	1591
3178	1594	0	1594
3179	1625	0	1625
3180	1621	0	1621
3181	1623	0	1623
3182	1612	0	1612
3183	1601	0	1601
3184	1614	0	1614
3185	1616	0	1616
3186	1608	0	1608
3187	1610	0	1610
3188	1589	0	1589
3189	1594	0	1594
3190	1599	0	1599
3191	1593	0	1593
3192	1608	0	1608
3193	1594	0	1594
3194	1611	0	1611
3195	1606	0	1606
3196	1586	0	1586
3197	1615	0	1615
3198	1632	0	1632
3199	1604	0	1604
3200	1638	0	1638
3201	1615	0	1615
3202	1583	0	1583
3203	1610	0	1610
3204	1637	0	1637
3205	1647	0	1647
3206	1618	0	1618
3207	1580	0	1580
3208	1602	0	1602
3209	1613	0	1613
3210	1593	0	1593
3211	1597	0	1597
3212	1623	0	1623
3213	1625	0	1625
3214	1611	0	1611
3215	1612	0	1612
3216	1609	0	1609
3217	1575	0	1575
3218	1621	0	1621
3219	1658	0	1658
3220	1638	0	1638
3221	1603	0	1603
3222	1616	0	1616
3223	1624	0	1624
3224	1619	0	1619
3225	1616	0	1616
3226	1618	0	1618
3227	1599	0	1599
3228	1616	0	1616
3229	1617	0	1617
3230	1645	0	1645
3231	1647	0	1647
3232	1600	0	1600
3233	1587	0	1587
3234	1631	0	1631
3235	1607	0	1607
3236	1591	0	1591
3237	1595	0	1595
3238	1593	0	1593
3239	1580	0	1580
3240	1596	0	1596
3241	1599	0	1599
3242	1589	0	1589
3243	1594	0	1594
3244	1586	0	1586
3245	1572	0	1572
3246	1600	0	1600
3247	1581	0	1581
3248	1552	0	1552
3249	1587	0	1587
3250	1573	0	1573
3251	1561	0	1561
3252	1566	0	1566
3253	1548	0	1548
3254	1580	0	1580
3255	1555	0	1555
3256	1562	0	1562
3257	1565	0	1565
3258	1553	0	1553
3259	1533	0	1533
3260	1538	0	1538
3261	1526	0	1526
3262	1549	0	1549
3263	1562	0	1562
3264	1530	0	1530
3265	1517	0	1517
3266	1536	0	1536
3267	1571	0	1571
3268	1559	0	1559
3269	1539	0	1539
3270	1548	0	1548
3271	1537	0	1537
3272	1546	0	1546
3273	1551	0	1551
3274	1529	0	1529
3275	1555	0	1555
3276	1577	0	1577
3277	1567	0	1567
3278	1568	0	1568
3279	1556	0	1556
3280	1533	0	1533
3281	1529	0	1529
3282	1524	0	1524
3283	1549	0	1549
3284	1550	0	1550
3285	1521	0	1521
3286	1501	0	1501
3287	1511	0	1511
3288	1533	0	1533
3289	1523	0	1523
3290	1595	0	1595
3291	1585	0	1585
3292	1545	0	1545
3293	1544	0	1544
3294	1517	0	1517
3295	1541	0	1541
3296	1532	0	1532
3297	1523	0	1523
3298	1533	0	1533
3299	1515	0	1515
3300	1519	0	1519
3301	1526	0	1526
3302	1542	0	1542
3303	1499	0	1499
3304	1501	0	1501
3305	1510	0	1510
3306	1529	0	1529
3307	1567	0	1567
3308	1540	0	1540
3309	1477	0	1477
3310	1518	0	1518
3311	1531	0	1531
3312	1519	0	1519
3313	1512	0	1512
3314	1532	0	1532
3315	1513	0	1513
3316	1527	0	1527
3317	1529	0	1529
3318	1549	0	1549
3319	1553	0	1553
3320	1546	0	1546
3321	1538	0	1538
3322	1544	0	1544
3323	1532	0	1532
3324	1545	0	1545
3325	1561	0	1561
3326	1556	0	1556
3327	1559	0	1559
3328	1562	0	1562
3329	1531	0	1531
3330	1523	0	1523
3331	1525	0	1525
3332	1562	0	1562
3333	1554	0	1554
3334	1531	0	1531
3335	1530	0	1530
3336	1586	0	1586
3337	1581	0	1581
3338	1584	0	1584
3339	1552	0	1552
3340	1581	0	1581
3341	1566	0	1566
3342	1585	0	1585
3343	1568	0	1568
3344	1555	0	1555
3345	1561	0	1561
3346	1553	0	1553
3347	1525	0	1525
3348	1551	0	1551
3349	1522	0	1522
3350	1531	0	1531
3351	1554	0	1554
3352	1575	0	1575
3353	1566	0	1566
3354	1561	0	1561
3355	1544	0	1544
3356	1534	0	1534
3357	1531	0	1531
3358	1538	0	1538
3359	1557	0	1557
3360	1572	0	1572
3361	1530	0	1530
3362	1531	0	1531
3363	1522	0	1522
3364	1538	0	1538
3365	1560	0	1560
3366	1533	0	1533
3367	1505	0	1505
3368	1521	0	1521
3369	1538	0	1538
3370	1545	0	1545
3371	1530	0	1530
3372	1551	0	1551
3373	1552	0	1552
3374	1552	0	1552
3375	1535	0	1535
3376	1539	0	1539
3377	1514	0	1514
3378	1514	0	1514
3379	1548	0	1548
3380	1516	0	1516
3381	1498	0	1498
3382	1523	0	1523
3383	1519	0	1519
3384	1520	0	1520
3385	1509	0	1509
3386	1502	0	1502
3387	1513	0	1513
3388	1511	0	1511
3389	1490	0	1490
3390	1503	0	1503
3391	1498	0	1498
3392	1469	0	1469
3393	1500	0	1500
3394	1495	0	1495
3395	1489	0	1489
3396	1508	0	1508
3397	1509	0	1509
3398	1497	0	1497
3399	1491	0	1491
3400	1482	0	1482
3401	1499	0	1499
3402	1493	0	1493
3403	1489	0	1489
3404	1493	0	1493
3405	1482	0	1482
3406	1477	0	1477
3407	1450	0	1450
3408	1441	0	1441
3409	1460	0	1460
3410	1464	0	1464
3411	1465	0	1465
3412	1484	0	1484
3413	1474	0	1474
3414	1483	0	1483
3415	1487	0	1487
3416	1474	0	1474
3417	1477	0	1477
3418	1486	0	1486
3419	1477	0	1477
3420	1472	0	1472
3421	1491	0	1491
3422	1481	0	1481
3423	1468	0	1468
3424	1457	0	1457
3425	1451	0	1451
3426	1461	0	1461
3427	1477	0	1477
3428	1495	0	1495
3429	1476	0	1476
3430	1467	0	1467
3431	1457	0	1457
3432	1469	0	1469
3433	1494	0	1494
3434	1521	0	1521
3435	1479	0	1479
3436	1445	0	1445
3437	1473	0	1473
3438	1468	0	1468
3439	1479	0	1479
3440	1476	0	1476
3441	1471	0	1471
3442	1488	0	1488
3443	1501	0	1501
3444	1498	0	1498
3445	1504	0	1504
3446	1483	0	1483
3447	1442	0	1442
3448	1492	0	1492
3449	1482	0	1482
3450	1502	0	1502
3451	1532	0	1532
3452	1520	0	1520
3453	1478	0	1478
3454	1517	0	1517
3455	1520	0	1520
3456	1505	0	1505
3457	1474	0	1474
3458	1444	0	1444
3459	1452	0	1452
3460	1478	0	1478
3461	1466	0	1466
3462	1488	0	1488
3463	1490	0	1490
3464	1469	0	1469
3465	1494	0	1494
3466	1498	0	1498
3467	1484	0	1484
3468	1484	0	1484
3469	1504	0	1504
3470	1502	0	1502
3471	1525	0	1525
3472	1522	0	1522
3473	1497	0	1497
3474	1485	0	1485
3475	1497	0	1497
3476	1499	0	1499
3477	1502	0	1502
3478	1485	0	1485
3479	1480	0	1480
3480	1484	0	1484
3481	1483	0	1483
3482	1484	0	1484
3483	1464	0	1464
3484	1489	0	1489
3485	1493	0	1493
3486	1484	0	1484
3487	1502	0	1502
3488	1551	0	1551
3489	1490	0	1490
3490	1477	0	1477
3491	1493	0	1493
3492	1481	0	1481
3493	1482	0	1482
3494	1489	0	1489
3495	1449	0	1449
3496	1438	0	1438
3497	1449	0	1449
3498	1475	0	1475
3499	1459	0	1459
3500	1467	0	1467
3501	1488	0	1488
3502	1470	0	1470
3503	1460	0	1460
3504	1457	0	1457
3505	1440	0	1440
3506	1470	0	1470
3507	1458	0	1458
3508	1417	0	1417
3509	1446	0	1446
3510	1457	0	1457
3511	1447	0	1447
3512	1463	0	1463
3513	1451	0	1451
3514	1431	0	1431
3515	1453	0	1453
3516	1468	0	1468
3517	1442	0	1442
3518	1440	0	1440
3519	1442	0	1442
3520	1417	0	1417
3521	1408	0	1408
3522	1447	0	1447
3523	1461	0	1461
3524	1462	0	1462
3525	1445	0	1445
3526	1439	0	1439
3527	1445	0	1445
3528	1457	0	1457
3529	1456	0	1456
3530	1454	0	1454
3531	1451	0	1451
3532	1420	0	1420
3533	1429	0	1429
3534	1438	0	1438
3535	1440	0	1440
3536	1465	0	1465
3537	1462	0	1462
3538	1440	0	1440
3539	1437	0	1437
3540	1422	0	1422
3541	1431	0	1431
3542	1435	0	1435
3543	1448	0	1448
3544	1481	0	1481
3545	1470	0	1470
3546	1469	0	1469
3547	1453	0	1453
3548	1475	0	1475
3549	1444	0	1444
3550	1416	0	1416
3551	1455	0	1455
3552	1458	0	1458
3553	1464	0	1464
3554	1486	0	1486
3555	1430	0	1430
3556	1412	0	1412
3557	1422	0	1422
3558	1437	0	1437
3559	1429	0	1429
3560	1468	0	1468
3561	1481	0	1481
3562	1440	0	1440
3563	1436	0	1436
3564	1423	0	1423
3565	1426	0	1426
3566	1460	0	1460
3567	1452	0	1452
3568	1441	0	1441
3569	1437	0	1437
3570	1470	0	1470
3571	1461	0	1461
3572	1465	0	1465
3573	1472	0	1472
3574	1469	0	1469
3575	1456	0	1456
3576	1461	0	1461
3577	1445	0	1445
3578	1455	0	1455
3579	1479	0	1479
3580	1435	0	1435
3581	1434	0	1434
3582	1455	0	1455
3583	1454	0	1454
3584	1438	0	1438
3585	1448	0	1448
3586	1443	0	1443
3587	1422	0	1422
3588	1457	0	1457
3589	1451	0	1451
3590	1459	0	1459
3591	1413	0	1413
3592	1421	0	1421
3593	1453	0	1453
3594	1450	0	1450
3595	1464	0	1464
3596	1446	0	1446
3597	1442	0	1442
3598	1441	0	1441
3599	1430	0	1430
3600	1436	0	1436
3601	1450	0	1450
3602	1473	0	1473
3603	1476	0	1476
3604	1458	0	1458
3605	1429	0	1429
3606	1423	0	1423
3607	1434	0	1434
3608	1427	0	1427
3609	1429	0	1429
3610	1433	0	1433
3611	1434	0	1434
3612	1446	0	1446
3613	1445	0	1445
3614	1426	0	1426
3615	1414	0	1414
3616	1414	0	1414
3617	1409	0	1409
3618	1417	0	1417
3619	1414	0	1414
3620	1426	0	1426
3621	1415	0	1415
3622	1421	0	1421
3623	1433	0	1433
3624	1441	0	1441
3625	1420	0	1420
3626	1526	0	1526
3627	1465	0	1465
3628	1435	0	1435
3629	1439	0	1439
3630	1465	0	1465
3631	1424	0	1424
3632	1403	0	1403
3633	1419	0	1419
3634	1415	0	1415
3635	1430	0	1430
3636	1408	0	1408
3637	1425	0	1425
3638	1452	0	1452
3639	1442	0	1442
3640	1423	0	1423
3641	1428	0	1428
3642	1422	0	1422
3643	1437	0	1437
3644	1417	0	1417
3645	1388	0	1388
3646	1396	0	1396
3647	1390	0	1390
3648	1413	0	1413
