index	original	background	difference
-----------------------------------------------------
1	1377	0	1377
2	1380	0	1380
3	1415	0	1415
4	1393	0	1393
5	1358	0	1358
6	1369	0	1369
7	1407	0	1407
8	1417	0	1417
9	1421	0	1421
10	1393	0	1393
11	1368	0	1368
12	1348	0	1348
13	1399	0	1399
14	1399	0	1399
15	1386	0	1386
16	1394	0	1394
17	1398	0	1398
18	1429	0	1429
19	1396	0	1396
20	1368	0	1368
21	1359	0	1359
22	1395	0	1395
23	1414	0	1414
24	1408	0	1408
25	1413	0	1413
26	1385	0	1385
27	1376	0	1376
28	1362	0	1362
29	1391	0	1391
30	1410	0	1410
31	1417	0	1417
32	1410	0	1410
33	1407	0	1407
34	1413	0	1413
35	1429	0	1429
36	1393	0	1393
37	1395	0	1395
38	1408	0	1408
39	1392	0	1392
40	1380	0	1380
41	1417	0	1417
42	1429	0	1429
43	1414	0	1414
44	1394	0	1394
45	1398	0	1398
46	1394	0	1394
47	1395	0	1395
48	1389	0	1389
49	1418	0	1418
50	1447	0	1447
51	1442	0	1442
52	1386	0	1386
53	1387	0	1387
54	1407	0	1407
55	1378	0	1378
56	1407	0	1407
57	1424	0	1424
58	1429	0	1429
59	1419	0	1419
60	1409	0	1409
61	1406	0	1406
62	1440	0	1440
63	1434	0	1434
64	1431	0	1431
65	1447	0	1447
66	1426	0	1426
67	1417	0	1417
68	1408	0	1408
69	1412	0	1412
70	1410	0	1410
71	1427	0	1427
72	1429	0	1429
73	1416	0	1416
74	1439	0	1439
75	1449	0	1449
76	1403	0	1403
77	1389	0	1389
78	1401	0	1401
79	1446	0	1446
80	1441	0	1441
81	1426	0	1426
82	1447	0	1447
83	1427	0	1427
84	1435	0	1435
85	1460	0	1460
86	1452	0	1452
87	1430	0	1430
88	1430	0	1430
89	1435	0	1435
90	1452	0	1452
91	1474	0	1474
92	1462	0	1462
93	1431	0	1431
94	1439	0	1439
95	1453	0	1453
96	1452	0	1452
97	1439	0	1439
98	1461	0	1461
99	1476	0	1476
100	1442	0	1442
101	1426	0	1426
102	1426	0	1426
103	1413	0	1413
104	1423	0	1423
105	1439	0	1439
106	1468	0	1468
107	1470	0	1470
108	1433	0	1433
109	1434	0	1434
110	1424	0	1424
111	1429	0	1429
112	1435	0	1435
113	1420	0	1420
114	1427	0	1427
115	1428	0	1428
116	1427	0	1427
117	1412	0	1412
118	1405	0	1405
119	1410	0	1410
120	1436	0	1436
121	1468	0	1468
122	1441	0	1441
123	1423	0	1423
124	1407	0	1407
125	1414	0	1414
126	1454	0	1454
127	1481	0	1481
128	1473	0	1473
129	1456	0	1456
130	1472	0	1472
131	1443	0	1443
132	1439	0	1439
133	1464	0	1464
134	1455	0	1455
135	1441	0	1441
136	1463	0	1463
137	1471	0	1471
138	1449	0	1449
139	1450	0	1450
140	1425	0	1425
141	1413	0	1413
142	1440	0	1440
143	1493	0	1493
144	1455	0	1455
145	1462	0	1462
146	1487	0	1487
147	1470	0	1470
148	1437	0	1437
149	1437	0	1437
150	1449	0	1449
151	1464	0	1464
152	1456	0	1456
153	1446	0	1446
154	1485	0	1485
155	1490	0	1490
156	1458	0	1458
157	1423	0	1423
158	1438	0	1438
159	1458	0	1458
160	1452	0	1452
161	1449	0	1449
162	1457	0	1457
163	1471	0	1471
164	1470	0	1470
165	1449	0	1449
166	1433	0	1433
167	1443	0	1443
168	1448	0	1448
169	1453	0	1453
170	1471	0	1471
171	1513	0	1513
172	1473	0	1473
173	1466	0	1466
174	1453	0	1453
175	1471	0	1471
176	1454	0	1454
177	1476	0	1476
178	1486	0	1486
179	1500	0	1500
180	1477	0	1477
181	1454	0	1454
182	1495	0	1495
183	1458	0	1458
184	1430	0	1430
185	1440	0	1440
186	1448	0	1448
187	1510	0	1510
188	1494	0	1494
189	1482	0	1482
190	1481	0	1481
191	1468	0	1468
192	1478	0	1478
193	1470	0	1470
194	1470	0	1470
195	1491	0	1491
196	1492	0	1492
197	1469	0	1469
198	1487	0	1487
199	1534	0	1534
200	1497	0	1497
201	1464	0	1464
202	1470	0	1470
203	1480	0	1480
204	1495	0	1495
205	1496	0	1496
206	1504	0	1504
207	1466	0	1466
208	1461	0	1461
209	1481	0	1481
210	1496	0	1496
211	1472	0	1472
212	1486	0	1486
213	1510	0	1510
214	1528	0	1528
215	1510	0	1510
216	1518	0	1518
217	1515	0	1515
218	1488	0	1488
219	1543	0	1543
220	1530	0	1530
221	1469	0	1469
222	1488	0	1488
223	1519	0	1519
224	1493	0	1493
225	1477	0	1477
226	1443	0	1443
227	1459	0	1459
228	1450	0	1450
229	1453	0	1453
230	1505	0	1505
231	1536	0	1536
232	1526	0	1526
233	1535	0	1535
234	1526	0	1526
235	1509	0	1509
236	1471	0	1471
237	1467	0	1467
238	1480	0	1480
239	1491	0	1491
240	1514	0	1514
241	1522	0	1522
242	1500	0	1500
243	1541	0	1541
244	1539	0	1539
245	1534	0	1534
246	1530	0	1530
247	1542	0	1542
248	1550	0	1550
249	1521	0	1521
250	1507	0	1507
251	1516	0	1516
252	1499	0	1499
253	1483	0	1483
254	1502	0	1502
255	1552	0	1552
256	1524	0	1524
257	1517	0	1517
258	1539	0	1539
259	1542	0	1542
260	1541	0	1541
261	1524	0	1524
262	1537	0	1537
263	1536	0	1536
264	1544	0	1544
265	1529	0	1529
266	1544	0	1544
267	1557	0	1557
268	1563	0	1563
269	1561	0	1561
270	1574	0	1574
271	1593	0	1593
272	1545	0	1545
273	1531	0	1531
274	1531	0	1531
275	1509	0	1509
276	1523	0	1523
277	1526	0	1526
278	1511	0	1511
279	1538	0	1538
280	1553	0	1553
281	1570	0	1570
282	1556	0	1556
283	1568	0	1568
284	1532	0	1532
285	1534	0	1534
286	1545	0	1545
287	1539	0	1539
288	1541	0	1541
289	1539	0	1539
290	1517	0	1517
291	1532	0	1532
292	1535	0	1535
293	1536	0	1536
294	1514	0	1514
295	1547	0	1547
296	1559	0	1559
297	1527	0	1527
298	1556	0	1556
299	1561	0	1561
300	1530	0	1530
301	1513	0	1513
302	1527	0	1527
303	1539	0	1539
304	1544	0	1544
305	1529	0	1529
306	1543	0	1543
307	1566	0	1566
308	1548	0	1548
309	1543	0	1543
310	1535	0	1535
311	1531	0	1531
312	1537	0	1537
313	1537	0	1537
314	1553	0	1553
315	1565	0	1565
316	1537	0	1537
317	1535	0	1535
318	1557	0	1557
319	1563	0	1563
320	1548	0	1548
321	1555	0	1555
322	1562	0	1562
323	1549	0	1549
324	1545	0	1545
325	1538	0	1538
326	1518	0	1518
327	1542	0	1542
328	1547	0	1547
329	1542	0	1542
330	1519	0	1519
331	1525	0	1525
332	1565	0	1565
333	1582	0	1582
334	1553	0	1553
335	1568	0	1568
336	1552	0	1552
337	1557	0	1557
338	1563	0	1563
339	1574	0	1574
340	1553	0	1553
341	1544	0	1544
342	1556	0	1556
343	1558	0	1558
344	1540	0	1540
345	1533	0	1533
346	1561	0	1561
347	1541	0	1541
348	1519	0	1519
349	1521	0	1521
350	1510	0	1510
351	1553	0	1553
352	1559	0	1559
353	1548	0	1548
354	1515	0	1515
355	1524	0	1524
356	1520	0	1520
357	1536	0	1536
358	1554	0	1554
359	1558	0	1558
360	1558	0	1558
361	1541	0	1541
362	1526	0	1526
363	1553	0	1553
364	1534	0	1534
365	1525	0	1525
366	1532	0	1532
367	1521	0	1521
368	1569	0	1569
369	1569	0	1569
370	1554	0	1554
371	1538	0	1538
372	1551	0	1551
373	1547	0	1547
374	1573	0	1573
375	1576	0	1576
376	1547	0	1547
377	1547	0	1547
378	1549	0	1549
379	1522	0	1522
380	1548	0	1548
381	1560	0	1560
382	1551	0	1551
383	1529	0	1529
384	1523	0	1523
385	1539	0	1539
386	1556	0	1556
387	1550	0	1550
388	1556	0	1556
389	1554	0	1554
390	1559	0	1559
391	1552	0	1552
392	1542	0	1542
393	1522	0	1522
394	1556	0	1556
395	1571	0	1571
396	1544	0	1544
397	1550	0	1550
398	1550	0	1550
399	1550	0	1550
400	1545	0	1545
401	1532	0	1532
402	1531	0	1531
403	1574	0	1574
404	1568	0	1568
405	1528	0	1528
406	1561	0	1561
407	1549	0	1549
408	1537	0	1537
409	1531	0	1531
410	1539	0	1539
411	1568	0	1568
412	1566	0	1566
413	1577	0	1577
414	1573	0	1573
415	1565	0	1565
416	1555	0	1555
417	1549	0	1549
418	1559	0	1559
419	1553	0	1553
420	1559	0	1559
421	1577	0	1577
422	1549	0	1549
423	1584	0	1584
424	1557	0	1557
425	1552	0	1552
426	1555	0	1555
427	1574	0	1574
428	1577	0	1577
429	1611	0	1611
430	1571	0	1571
431	1548	0	1548
432	1541	0	1541
433	1545	0	1545
434	1521	0	1521
435	1526	0	1526
436	1542	0	1542
437	1534	0	1534
438	1547	0	1547
439	1545	0	1545
440	1560	0	1560
441	1546	0	1546
442	1553	0	1553
443	1587	0	1587
444	1564	0	1564
445	1567	0	1567
446	1582	0	1582
447	1575	0	1575
448	1546	0	1546
449	1543	0	1543
450	1542	0	1542
451	1536	0	1536
452	1554	0	1554
453	1557	0	1557
454	1570	0	1570
455	1560	0	1560
456	1564	0	1564
457	1556	0	1556
458	1572	0	1572
459	1597	0	1597
460	1588	0	1588
461	1595	0	1595
462	1543	0	1543
463	1534	0	1534
464	1561	0	1561
465	1579	0	1579
466	1565	0	1565
467	1552	0	1552
468	1524	0	1524
469	1548	0	1548
470	1566	0	1566
471	1541	0	1541
472	1529	0	1529
473	1555	0	1555
474	1555	0	1555
475	1558	0	1558
476	1537	0	1537
477	1527	0	1527
478	1551	0	1551
479	1537	0	1537
480	1575	0	1575
481	1586	0	1586
482	1578	0	1578
483	1572	0	1572
484	1579	0	1579
485	1558	0	1558
486	1525	0	1525
487	1556	0	1556
488	1572	0	1572
489	1552	0	1552
490	1547	0	1547
491	1564	0	1564
492	1567	0	1567
493	1556	0	1556
494	1561	0	1561
495	1576	0	1576
496	1560	0	1560
497	1559	0	1559
498	1559	0	1559
499	1574	0	1574
500	1565	0	1565
501	1579	0	1579
502	1586	0	1586
503	1565	0	1565
504	1543	0	1543
505	1566	0	1566
506	1577	0	1577
507	1566	0	1566
508	1562	0	1562
509	1592	0	1592
510	1586	0	1586
511	1569	0	1569
512	1575	0	1575
513	1560	0	1560
514	1552	0	1552
515	1565	0	1565
516	1542	0	1542
517	1534	0	1534
518	1564	0	1564
519	1573	0	1573
520	1555	0	1555
521	1562	0	1562
522	1558	0	1558
523	1589	0	1589
524	1537	0	1537
525	1611	0	1611
526	1590	0	1590
527	1586	0	1586
528	1569	0	1569
529	1559	0	1559
530	1563	0	1563
531	1583	0	1583
532	1554	0	1554
533	1540	0	1540
534	1568	0	1568
535	1591	0	1591
536	1590	0	1590
537	1580	0	1580
538	1548	0	1548
539	1551	0	1551
540	1560	0	1560
541	1553	0	1553
542	1562	0	1562
543	1553	0	1553
544	1562	0	1562
545	1569	0	1569
546	1542	0	1542
547	1556	0	1556
548	1557	0	1557
549	1570	0	1570
550	1539	0	1539
551	1535	0	1535
552	1561	0	1561
553	1563	0	1563
554	1542	0	1542
555	1537	0	1537
556	1530	0	1530
557	1538	0	1538
558	1562	0	1562
559	1573	0	1573
560	1547	0	1547
561	1570	0	1570
562	1552	0	1552
563	1551	0	1551
564	1575	0	1575
565	1555	0	1555
566	1525	0	1525
567	1538	0	1538
568	1565	0	1565
569	1575	0	1575
570	1562	0	1562
571	1553	0	1553
572	1556	0	1556
573	1522	0	1522
574	1550	0	1550
575	1525	0	1525
576	1537	0	1537
577	1563	0	1563
578	1597	0	1597
579	1603	0	1603
580	1576	0	1576
581	1592	0	1592
582	1558	0	1558
583	1554	0	1554
584	1557	0	1557
585	1550	0	1550
586	1581	0	1581
587	1585	0	1585
588	1566	0	1566
589	1567	0	1567
590	1563	0	1563
591	1555	0	1555
592	1566	0	1566
593	1566	0	1566
594	1527	0	1527
595	1526	0	1526
596	1534	0	1534
597	1551	0	1551
598	1578	0	1578
599	1554	0	1554
600	1556	0	1556
601	1536	0	1536
602	1526	0	1526
603	1516	0	1516
604	1552	0	1552
605	1577	0	1577
606	1540	0	1540
607	1572	0	1572
608	1576	0	1576
609	1537	0	1537
610	1560	0	1560
611	1585	0	1585
612	1557	0	1557
613	1579	0	1579
614	1602	0	1602
615	1559	0	1559
616	1538	0	1538
617	1564	0	1564
618	1593	0	1593
619	1584	0	1584
620	1563	0	1563
621	1570	0	1570
622	1574	0	1574
623	1563	0	1563
624	1580	0	1580
625	1588	0	1588
626	1537	0	1537
627	1578	0	1578
628	1600	0	1600
629	1584	0	1584
630	1581	0	1581
631	1576	0	1576
632	1567	0	1567
633	1610	0	1610
634	1620	0	1620
635	1555	0	1555
636	1553	0	1553
637	1609	0	1609
638	1617	0	1617
639	1590	0	1590
640	1583	0	1583
641	1580	0	1580
642	1595	0	1595
643	1612	0	1612
644	1572	0	1572
645	1588	0	1588
646	1643	0	1643
647	1613	0	1613
648	1599	0	1599
649	1621	0	1621
650	1602	0	1602
651	1588	0	1588
652	1585	0	1585
653	1580	0	1580
654	1599	0	1599
655	1616	0	1616
656	1582	0	1582
657	1606	0	1606
658	1636	0	1636
659	1633	0	1633
660	1611	0	1611
661	1600	0	1600
662	1571	0	1571
663	1596	0	1596
664	1596	0	1596
665	1594	0	1594
666	1600	0	1600
667	1583	0	1583
668	1594	0	1594
669	1600	0	1600
670	1626	0	1626
671	1619	0	1619
672	1604	0	1604
673	1655	0	1655
674	1629	0	1629
675	1607	0	1607
676	1624	0	1624
677	1633	0	1633
678	1636	0	1636
679	1643	0	1643
680	1624	0	1624
681	1597	0	1597
682	1619	0	1619
683	1656	0	1656
684	1644	0	1644
685	1642	0	1642
686	1614	0	1614
687	1661	0	1661
688	1641	0	1641
689	1652	0	1652
690	1666	0	1666
691	1658	0	1658
692	1619	0	1619
693	1662	0	1662
694	1676	0	1676
695	1658	0	1658
696	1667	0	1667
697	1678	0	1678
698	1659	0	1659
699	1655	0	1655
700	1692	0	1692
701	1674	0	1674
702	1643	0	1643
703	1627	0	1627
704	1671	0	1671
705	1688	0	1688
706	1663	0	1663
707	1668	0	1668
708	1682	0	1682
709	1664	0	1664
710	1654	0	1654
711	1684	0	1684
712	1681	0	1681
713	1668	0	1668
714	1654	0	1654
715	1691	0	1691
716	1681	0	1681
717	1672	0	1672
718	1693	0	1693
719	1679	0	1679
720	1666	0	1666
721	1687	0	1687
722	1721	0	1721
723	1724	0	1724
724	1710	0	1710
725	1712	0	1712
726	1718	0	1718
727	1701	0	1701
728	1722	0	1722
729	1723	0	1723
730	1725	0	1725
731	1748	0	1748
732	1757	0	1757
733	1740	0	1740
734	1730	0	1730
735	1718	0	1718
736	1738	0	1738
737	1739	0	1739
738	1732	0	1732
739	1730	0	1730
740	1750	0	1750
741	1732	0	1732
742	1740	0	1740
743	1747	0	1747
744	1773	0	1773
745	1748	0	1748
746	1742	0	1742
747	1739	0	1739
748	1724	0	1724
749	1730	0	1730
750	1711	0	1711
751	1719	0	1719
752	1742	0	1742
753	1764	0	1764
754	1764	0	1764
755	1739	0	1739
756	1727	0	1727
757	1762	0	1762
758	1738	0	1738
759	1721	0	1721
760	1718	0	1718
761	1713	0	1713
762	1709	0	1709
763	1718	0	1718
764	1740	0	1740
765	1734	0	1734
766	1728	0	1728
767	1746	0	1746
768	1755	0	1755
769	1780	0	1780
770	1762	0	1762
771	1739	0	1739
772	1739	0	1739
773	1798	0	1798
774	1796	0	1796
775	1764	0	1764
776	1790	0	1790
777	1792	0	1792
778	1826	0	1826
779	1817	0	1817
780	1794	0	1794
781	1781	0	1781
782	1755	0	1755
783	1763	0	1763
784	1766	0	1766
785	1775	0	1775
786	1776	0	1776
787	1805	0	1805
788	1811	0	1811
789	1788	0	1788
790	1786	0	1786
791	1827	0	1827
792	1831	0	1831
793	1792	0	1792
794	1791	0	1791
795	1815	0	1815
796	1807	0	1807
797	1807	0	1807
798	1810	0	1810
799	1807	0	1807
800	1827	0	1827
801	1818	0	1818
802	1779	0	1779
803	1782	0	1782
804	1788	0	1788
805	1780	0	1780
806	1775	0	1775
807	1785	0	1785
808	1826	0	1826
809	1839	0	1839
810	1834	0	1834
811	1818	0	1818
812	1847	0	1847
813	1850	0	1850
814	1815	0	1815
815	1822	0	1822
816	1827	0	1827
817	1820	0	1820
818	1843	0	1843
819	1869	0	1869
820	1839	0	1839
821	1857	0	1857
822	1871	0	1871
823	1883	0	1883
824	1870	0	1870
825	1881	0	1881
826	1895	0	1895
827	1895	0	1895
828	1891	0	1891
829	1887	0	1887
830	1887	0	1887
831	1890	0	1890
832	1874	0	1874
833	1866	0	1866
834	1896	0	1896
835	1898	0	1898
836	1871	0	1871
837	1894	0	1894
838	1900	0	1900
839	1892	0	1892
840	1889	0	1889
841	1890	0	1890
842	1860	0	1860
843	1868	0	1868
844	1898	0	1898
845	1907	0	1907
846	1892	0	1892
847	1914	0	1914
848	1907	0	1907
849	1897	0	1897
850	1923	0	1923
851	1926	0	1926
852	1886	0	1886
853	1912	0	1912
854	1887	0	1887
855	1900	0	1900
856	1935	0	1935
857	1939	0	1939
858	1926	0	1926
859	1899	0	1899
860	1890	0	1890
861	1883	0	1883
862	1896	0	1896
863	1936	0	1936
864	1926	0	1926
865	1932	0	1932
866	1937	0	1937
867	1946	0	1946
868	1933	0	1933
869	1922	0	1922
870	1951	0	1951
871	1966	0	1966
872	1932	0	1932
873	1942	0	1942
874	1930	0	1930
875	1960	0	1960
876	1983	0	1983
877	1988	0	1988
878	1982	0	1982
879	1985	0	1985
880	2026	0	2026
881	2004	0	2004
882	1982	0	1982
883	2012	0	2012
884	2046	0	2046
885	2052	0	2052
886	2020	0	2020
887	2022	0	2022
888	2059	0	2059
889	2123	0	2123
890	2149	0	2149
891	2182	0	2182
892	2185	0	2185
893	2214	0	2214
894	2293	0	2293
895	2282	0	2282
896	2298	0	2298
897	2353	0	2353
898	2428	0	2428
899	2457	0	2457
900	2499	0	2499
901	2539	0	2539
902	2532	0	2532
903	2507	0	2507
904	2554	0	2554
905	2581	0	2581
906	2629	0	2629
907	2635	0	2635
908	2635	0	2635
909	2621	0	2621
910	2581	0	2581
911	2635	0	2635
912	2606	0	2606
913	2629	0	2629
914	2657	0	2657
915	2686	0	2686
916	2716	0	2716
917	2830	0	2830
918	3006	0	3006
919	3143	0	3143
920	3157	0	3157
921	3209	0	3209
922	3365	0	3365
923	3635	0	3635
924	3910	0	3910
925	4187	0	4187
926	4385	0	4385
927	4674	0	4674
928	5108	0	5108
929	5805	0	5805
930	6705	0	6705
931	7261	0	7261
932	7583	0	7583
933	8099	0	8099
934	8481	0	8481
935	8467	0	8467
936	8094	0	8094
937	7931	0	7931
938	8287	0	8287
939	8610	0	8610
940	8880	0	8880
941	9265	0	9265
942	9740	0	9740
943	10073	0	10073
944	10153	0	10153
945	9879	0	9879
946	9124	0	9124
947	8041	0	8041
948	7383	0	7383
949	7424	0	7424
950	7569	0	7569
951	7119	0	7119
952	6184	0	6184
953	5308	0	5308
954	5102	0	5102
955	5548	0	5548
956	5467	0	5467
957	4996	0	4996
958	4866	0	4866
959	5040	0	5040
960	4709	0	4709
961	4187	0	4187
962	4022	0	4022
963	3779	0	3779
964	3474	0	3474
965	3393	0	3393
966	3353	0	3353
967	3217	0	3217
968	3327	0	3327
969	3258	0	3258
970	3028	0	3028
971	2991	0	2991
972	2911	0	2911
973	2833	0	2833
974	2875	0	2875
975	2842	0	2842
976	2779	0	2779
977	2826	0	2826
978	2894	0	2894
979	2877	0	2877
980	2852	0	2852
981	2889	0	2889
982	2839	0	2839
983	2776	0	2776
984	2795	0	2795
985	2710	0	2710
986	2658	0	2658
987	2694	0	2694
988	2688	0	2688
989	2635	0	2635
990	2616	0	2616
991	2655	0	2655
992	2730	0	2730
993	2751	0	2751
994	2770	0	2770
995	2689	0	2689
996	2694	0	2694
997	2759	0	2759
998	2750	0	2750
999	2753	0	2753
1000	2711	0	2711
1001	2682	0	2682
1002	2665	0	2665
1003	2654	0	2654
1004	2701	0	2701
1005	2689	0	2689
1006	2669	0	2669
1007	2675	0	2675
1008	2622	0	2622
1009	2618	0	2618
1010	2638	0	2638
1011	2549	0	2549
1012	2485	0	2485
1013	2512	0	2512
1014	2531	0	2531
1015	2571	0	2571
1016	2601	0	2601
1017	2610	0	2610
1018	2564	0	2564
1019	2524	0	2524
1020	2511	0	2511
1021	2535	0	2535
1022	2533	0	2533
1023	2520	0	2520
1024	2467	0	2467
1025	2420	0	2420
1026	2466	0	2466
1027	2553	0	2553
1028	2565	0	2565
1029	2489	0	2489
1030	2513	0	2513
1031	2502	0	2502
1032	2443	0	2443
1033	2485	0	2485
1034	2464	0	2464
1035	2469	0	2469
1036	2470	0	2470
1037	2483	0	2483
1038	2492	0	2492
1039	2514	0	2514
1040	2503	0	2503
1041	2512	0	2512
1042	2498	0	2498
1043	2442	0	2442
1044	2407	0	2407
1045	2444	0	2444
1046	2479	0	2479
1047	2484	0	2484
1048	2482	0	2482
1049	2521	0	2521
1050	2503	0	2503
1051	2486	0	2486
1052	2498	0	2498
1053	2482	0	2482
1054	2544	0	2544
1055	2552	0	2552
1056	2502	0	2502
1057	2485	0	2485
1058	2470	0	2470
1059	2423	0	2423
1060	2417	0	2417
1061	2429	0	2429
1062	2378	0	2378
1063	2415	0	2415
1064	2451	0	2451
1065	2503	0	2503
1066	2520	0	2520
1067	2479	0	2479
1068	2540	0	2540
1069	2535	0	2535
1070	2519	0	2519
1071	2520	0	2520
1072	2590	0	2590
1073	2611	0	2611
1074	2563	0	2563
1075	2543	0	2543
1076	2545	0	2545
1077	2524	0	2524
1078	2571	0	2571
1079	2593	0	2593
1080	2561	0	2561
1081	2553	0	2553
1082	2561	0	2561
1083	2524	0	2524
1084	2475	0	2475
1085	2484	0	2484
1086	2454	0	2454
1087	2449	0	2449
1088	2495	0	2495
1089	2515	0	2515
1090	2469	0	2469
1091	2483	0	2483
1092	2501	0	2501
1093	2446	0	2446
1094	2403	0	2403
1095	2374	0	2374
1096	2362	0	2362
1097	2358	0	2358
1098	2321	0	2321
1099	2273	0	2273
1100	2231	0	2231
1101	2298	0	2298
1102	2312	0	2312
1103	2302	0	2302
1104	2273	0	2273
1105	2296	0	2296
1106	2357	0	2357
1107	2350	0	2350
1108	2342	0	2342
1109	2336	0	2336
1110	2334	0	2334
1111	2412	0	2412
1112	2397	0	2397
1113	2389	0	2389
1114	2377	0	2377
1115	2376	0	2376
1116	2358	0	2358
1117	2404	0	2404
1118	2458	0	2458
1119	2439	0	2439
1120	2456	0	2456
1121	2493	0	2493
1122	2515	0	2515
1123	2501	0	2501
1124	2511	0	2511
1125	2453	0	2453
1126	2444	0	2444
1127	2502	0	2502
1128	2465	0	2465
1129	2432	0	2432
1130	2458	0	2458
1131	2501	0	2501
1132	2491	0	2491
1133	2507	0	2507
1134	2530	0	2530
1135	2511	0	2511
1136	2532	0	2532
1137	2569	0	2569
1138	2597	0	2597
1139	2606	0	2606
1140	2580	0	2580
1141	2589	0	2589
1142	2621	0	2621
1143	2623	0	2623
1144	2618	0	2618
1145	2638	0	2638
1146	2656	0	2656
1147	2674	0	2674
1148	2662	0	2662
1149	2676	0	2676
1150	2645	0	2645
1151	2698	0	2698
1152	2711	0	2711
1153	2695	0	2695
1154	2703	0	2703
1155	2754	0	2754
1156	2758	0	2758
1157	2738	0	2738
1158	2742	0	2742
1159	2721	0	2721
1160	2751	0	2751
1161	2819	0	2819
1162	2803	0	2803
1163	2800	0	2800
1164	2849	0	2849
1165	2868	0	2868
1166	2865	0	2865
1167	2864	0	2864
1168	2856	0	2856
1169	2881	0	2881
1170	2885	0	2885
1171	2905	0	2905
1172	2914	0	2914
1173	2907	0	2907
1174	2897	0	2897
1175	2916	0	2916
1176	2889	0	2889
1177	2875	0	2875
1178	2891	0	2891
1179	2886	0	2886
1180	2890	0	2890
1181	2928	0	2928
1182	2956	0	2956
1183	2925	0	2925
1184	2928	0	2928
1185	2944	0	2944
1186	2977	0	2977
1187	2988	0	2988
1188	2937	0	2937
1189	2937	0	2937
1190	2983	0	2983
1191	2978	0	2978
1192	2995	0	2995
1193	2984	0	2984
1194	3000	0	3000
1195	3032	0	3032
1196	3006	0	3006
1197	3003	0	3003
1198	3128	0	3128
1199	3060	0	3060
1200	2993	0	2993
1201	3050	0	3050
1202	3032	0	3032
1203	3083	0	3083
1204	3101	0	3101
1205	3133	0	3133
1206	3157	0	3157
1207	3133	0	3133
1208	3137	0	3137
1209	3132	0	3132
1210	3161	0	3161
1211	3156	0	3156
1212	3190	0	3190
1213	3214	0	3214
1214	3209	0	3209
1215	3177	0	3177
1216	3175	0	3175
1217	3200	0	3200
1218	3236	0	3236
1219	3317	0	3317
1220	3355	0	3355
1221	3308	0	3308
1222	3311	0	3311
1223	3343	0	3343
1224	3354	0	3354
1225	3365	0	3365
1226	3362	0	3362
1227	3372	0	3372
1228	3415	0	3415
1229	3407	0	3407
1230	3400	0	3400
1231	3479	0	3479
1232	3520	0	3520
1233	3465	0	3465
1234	3463	0	3463
1235	3498	0	3498
1236	3493	0	3493
1237	3549	0	3549
1238	3535	0	3535
1239	3580	0	3580
1240	3594	0	3594
1241	3572	0	3572
1242	3560	0	3560
1243	3574	0	3574
1244	3595	0	3595
1245	3573	0	3573
1246	3615	0	3615
1247	3617	0	3617
1248	3639	0	3639
1249	3640	0	3640
1250	3668	0	3668
1251	3672	0	3672
1252	3653	0	3653
1253	3628	0	3628
1254	3649	0	3649
1255	3659	0	3659
1256	3666	0	3666
1257	3663	0	3663
1258	3692	0	3692
1259	3699	0	3699
1260	3705	0	3705
1261	3737	0	3737
1262	3810	0	3810
1263	3767	0	3767
1264	3699	0	3699
1265	3731	0	3731
1266	3812	0	3812
1267	3795	0	3795
1268	3757	0	3757
1269	3817	0	3817
1270	3938	0	3938
1271	3986	0	3986
1272	3924	0	3924
1273	3900	0	3900
1274	3897	0	3897
1275	3840	0	3840
1276	3830	0	3830
1277	3866	0	3866
1278	3957	0	3957
1279	4067	0	4067
1280	4013	0	4013
1281	4012	0	4012
1282	4012	0	4012
1283	4037	0	4037
1284	4038	0	4038
1285	4023	0	4023
1286	3983	0	3983
1287	4041	0	4041
1288	4065	0	4065
1289	4125	0	4125
1290	4113	0	4113
1291	4078	0	4078
1292	4117	0	4117
1293	4166	0	4166
1294	4170	0	4170
1295	4165	0	4165
1296	4268	0	4268
1297	4295	0	4295
1298	4250	0	4250
1299	4256	0	4256
1300	4364	0	4364
1301	4390	0	4390
1302	4344	0	4344
1303	4337	0	4337
1304	4336	0	4336
1305	4376	0	4376
1306	4351	0	4351
1307	4443	0	4443
1308	4533	0	4533
1309	4558	0	4558
1310	4505	0	4505
1311	4486	0	4486
1312	4557	0	4557
1313	4606	0	4606
1314	4664	0	4664
1315	4656	0	4656
1316	4603	0	4603
1317	4618	0	4618
1318	4612	0	4612
1319	4614	0	4614
1320	4615	0	4615
1321	4603	0	4603
1322	4589	0	4589
1323	4626	0	4626
1324	4673	0	4673
1325	4727	0	4727
1326	4741	0	4741
1327	4784	0	4784
1328	4783	0	4783
1329	4709	0	4709
1330	4714	0	4714
1331	4751	0	4751
1332	4780	0	4780
1333	4848	0	4848
1334	4858	0	4858
1335	4822	0	4822
1336	4815	0	4815
1337	4801	0	4801
1338	4752	0	4752
1339	4777	0	4777
1340	4791	0	4791
1341	4803	0	4803
1342	4765	0	4765
1343	4820	0	4820
1344	4866	0	4866
1345	4811	0	4811
1346	4838	0	4838
1347	4864	0	4864
1348	4843	0	4843
1349	4838	0	4838
1350	4801	0	4801
1351	4785	0	4785
1352	4826	0	4826
1353	4786	0	4786
1354	4786	0	4786
1355	4769	0	4769
1356	4770	0	4770
1357	4793	0	4793
1358	4814	0	4814
1359	4834	0	4834
1360	4837	0	4837
1361	4831	0	4831
1362	4792	0	4792
1363	4759	0	4759
1364	4702	0	4702
1365	4714	0	4714
1366	4737	0	4737
1367	4788	0	4788
1368	4835	0	4835
1369	4867	0	4867
1370	4885	0	4885
1371	4891	0	4891
1372	4884	0	4884
1373	4918	0	4918
1374	4939	0	4939
1375	4987	0	4987
1376	4987	0	4987
1377	4969	0	4969
1378	5006	0	5006
1379	5069	0	5069
1380	5090	0	5090
1381	5135	0	5135
1382	5111	0	5111
1383	5063	0	5063
1384	5140	0	5140
1385	5140	0	5140
1386	5235	0	5235
1387	5337	0	5337
1388	5365	0	5365
1389	5302	0	5302
1390	5205	0	5205
1391	5203	0	5203
1392	5100	0	5100
1393	5067	0	5067
1394	5116	0	5116
1395	5101	0	5101
1396	5026	0	5026
1397	5054	0	5054
1398	5083	0	5083
1399	5103	0	5103
1400	5105	0	5105
1401	5082	0	5082
1402	5038	0	5038
1403	5117	0	5117
1404	5102	0	5102
1405	5043	0	5043
1406	5117	0	5117
1407	5111	0	5111
1408	5057	0	5057
1409	5051	0	5051
1410	5124	0	5124
1411	5142	0	5142
1412	5120	0	5120
1413	5079	0	5079
1414	5078	0	5078
1415	5157	0	5157
1416	5216	0	5216
1417	5236	0	5236
1418	5342	0	5342
1419	5333	0	5333
1420	5321	0	5321
1421	5405	0	5405
1422	5457	0	5457
1423	5484	0	5484
1424	5586	0	5586
1425	5695	0	5695
1426	5723	0	5723
1427	5812	0	5812
1428	5849	0	5849
1429	5770	0	5770
1430	5793	0	5793
1431	5790	0	5790
1432	5759	0	5759
1433	5858	0	5858
1434	6008	0	6008
1435	6026	0	6026
1436	6036	0	6036
1437	6067	0	6067
1438	6062	0	6062
1439	6124	0	6124
1440	6201	0	6201
1441	6309	0	6309
1442	6286	0	6286
1443	6243	0	6243
1444	6188	0	6188
1445	6159	0	6159
1446	6135	0	6135
1447	6094	0	6094
1448	6047	0	6047
1449	5985	0	5985
1450	6022	0	6022
1451	6057	0	6057
1452	6030	0	6030
1453	6026	0	6026
1454	6027	0	6027
1455	5999	0	5999
1456	6012	0	6012
1457	6096	0	6096
1458	6172	0	6172
1459	6206	0	6206
1460	6218	0	6218
1461	6284	0	6284
1462	6357	0	6357
1463	6442	0	6442
1464	6428	0	6428
1465	6371	0	6371
1466	6492	0	6492
1467	6565	0	6565
1468	6612	0	6612
1469	6633	0	6633
1470	6713	0	6713
1471	6700	0	6700
1472	6600	0	6600
1473	6526	0	6526
1474	6444	0	6444
1475	6492	0	6492
1476	6578	0	6578
1477	6667	0	6667
1478	6696	0	6696
1479	6698	0	6698
1480	6722	0	6722
1481	6647	0	6647
1482	6551	0	6551
1483	6583	0	6583
1484	6528	0	6528
1485	6593	0	6593
1486	6586	0	6586
1487	6613	0	6613
1488	6576	0	6576
1489	6466	0	6466
1490	6384	0	6384
1491	6388	0	6388
1492	6307	0	6307
1493	6271	0	6271
1494	6305	0	6305
1495	6378	0	6378
1496	6428	0	6428
1497	6387	0	6387
1498	6241	0	6241
1499	6171	0	6171
1500	6200	0	6200
1501	6173	0	6173
1502	6041	0	6041
1503	6017	0	6017
1504	6029	0	6029
1505	6041	0	6041
1506	5933	0	5933
1507	5877	0	5877
1508	5884	0	5884
1509	5849	0	5849
1510	5819	0	5819
1511	5813	0	5813
1512	5825	0	5825
1513	5838	0	5838
1514	5823	0	5823
1515	5809	0	5809
1516	5771	0	5771
1517	5628	0	5628
1518	5503	0	5503
1519	5522	0	5522
1520	5544	0	5544
1521	5536	0	5536
1522	5495	0	5495
1523	5429	0	5429
1524	5442	0	5442
1525	5441	0	5441
1526	5341	0	5341
1527	5293	0	5293
1528	5308	0	5308
1529	5258	0	5258
1530	5156	0	5156
1531	5160	0	5160
1532	5127	0	5127
1533	5033	0	5033
1534	5000	0	5000
1535	4958	0	4958
1536	4964	0	4964
1537	5003	0	5003
1538	4997	0	4997
1539	4994	0	4994
1540	4912	0	4912
1541	4856	0	4856
1542	4779	0	4779
1543	4777	0	4777
1544	4727	0	4727
1545	4711	0	4711
1546	4676	0	4676
1547	4637	0	4637
1548	4582	0	4582
1549	4578	0	4578
1550	4557	0	4557
1551	4471	0	4471
1552	4481	0	4481
1553	4455	0	4455
1554	4403	0	4403
1555	4383	0	4383
1556	4289	0	4289
1557	4270	0	4270
1558	4232	0	4232
1559	4159	0	4159
1560	4194	0	4194
1561	4124	0	4124
1562	4065	0	4065
1563	4030	0	4030
1564	3970	0	3970
1565	3933	0	3933
1566	3887	0	3887
1567	3824	0	3824
1568	3803	0	3803
1569	3741	0	3741
1570	3686	0	3686
1571	3658	0	3658
1572	3660	0	3660
1573	3556	0	3556
1574	3540	0	3540
1575	3491	0	3491
1576	3402	0	3402
1577	3359	0	3359
1578	3347	0	3347
1579	3328	0	3328
1580	3291	0	3291
1581	3184	0	3184
1582	3202	0	3202
1583	3237	0	3237
1584	3186	0	3186
1585	3108	0	3108
1586	3106	0	3106
1587	3133	0	3133
1588	3121	0	3121
1589	3123	0	3123
1590	3084	0	3084
1591	3059	0	3059
1592	3034	0	3034
1593	3022	0	3022
1594	3020	0	3020
1595	3003	0	3003
1596	2984	0	2984
1597	2947	0	2947
1598	2949	0	2949
1599	2976	0	2976
1600	2965	0	2965
1601	2924	0	2924
1602	2918	0	2918
1603	2968	0	2968
1604	2935	0	2935
1605	2909	0	2909
1606	2890	0	2890
1607	2875	0	2875
1608	2858	0	2858
1609	2843	0	2843
1610	2829	0	2829
1611	2883	0	2883
1612	2837	0	2837
1613	2807	0	2807
1614	2825	0	2825
1615	2799	0	2799
1616	2826	0	2826
1617	2822	0	2822
1618	2813	0	2813
1619	2818	0	2818
1620	2783	0	2783
1621	2795	0	2795
1622	2762	0	2762
1623	2761	0	2761
1624	2802	0	2802
1625	2791	0	2791
1626	2781	0	2781
1627	2744	0	2744
1628	2726	0	2726
1629	2723	0	2723
1630	2727	0	2727
1631	2726	0	2726
1632	2730	0	2730
1633	2715	0	2715
1634	2721	0	2721
1635	2686	0	2686
1636	2673	0	2673
1637	2679	0	2679
1638	2700	0	2700
1639	2664	0	2664
1640	2609	0	2609
1641	2668	0	2668
1642	2667	0	2667
1643	2632	0	2632
1644	2647	0	2647
1645	2636	0	2636
1646	2615	0	2615
1647	2582	0	2582
1648	2588	0	2588
1649	2613	0	2613
1650	2623	0	2623
1651	2612	0	2612
1652	2568	0	2568
1653	2586	0	2586
1654	2591	0	2591
1655	2587	0	2587
1656	2590	0	2590
1657	2559	0	2559
1658	2663	0	2663
1659	2648	0	2648
1660	2581	0	2581
1661	2612	0	2612
1662	2608	0	2608
1663	2581	0	2581
1664	2604	0	2604
1665	2594	0	2594
1666	2581	0	2581
1667	2604	0	2604
1668	2592	0	2592
1669	2623	0	2623
1670	2578	0	2578
1671	2588	0	2588
1672	2550	0	2550
1673	2579	0	2579
1674	2575	0	2575
1675	2557	0	2557
1676	2588	0	2588
1677	2588	0	2588
1678	2568	0	2568
1679	2572	0	2572
1680	2663	0	2663
1681	2632	0	2632
1682	2607	0	2607
1683	2605	0	2605
1684	2592	0	2592
1685	2594	0	2594
1686	2532	0	2532
1687	2565	0	2565
1688	2566	0	2566
1689	2555	0	2555
1690	2572	0	2572
1691	2567	0	2567
1692	2539	0	2539
1693	2568	0	2568
1694	2572	0	2572
1695	2555	0	2555
1696	2548	0	2548
1697	2538	0	2538
1698	2570	0	2570
1699	2567	0	2567
1700	2562	0	2562
1701	2611	0	2611
1702	2600	0	2600
1703	2529	0	2529
1704	2524	0	2524
1705	2533	0	2533
1706	2501	0	2501
1707	2542	0	2542
1708	2567	0	2567
1709	2559	0	2559
1710	2569	0	2569
1711	2515	0	2515
1712	2550	0	2550
1713	2573	0	2573
1714	2579	0	2579
1715	2571	0	2571
1716	2574	0	2574
1717	2596	0	2596
1718	2636	0	2636
1719	2653	0	2653
1720	2611	0	2611
1721	2599	0	2599
1722	2603	0	2603
1723	2668	0	2668
1724	2639	0	2639
1725	2622	0	2622
1726	2596	0	2596
1727	2617	0	2617
1728	2577	0	2577
1729	2604	0	2604
1730	2595	0	2595
1731	2582	0	2582
1732	2617	0	2617
1733	2583	0	2583
1734	2571	0	2571
1735	2599	0	2599
1736	2565	0	2565
1737	2568	0	2568
1738	2612	0	2612
1739	2599	0	2599
1740	2576	0	2576
1741	2625	0	2625
1742	2623	0	2623
1743	2620	0	2620
1744	2620	0	2620
1745	2587	0	2587
1746	2567	0	2567
1747	2630	0	2630
1748	2673	0	2673
1749	2653	0	2653
1750	2644	0	2644
1751	2614	0	2614
1752	2601	0	2601
1753	2610	0	2610
1754	2590	0	2590
1755	2614	0	2614
1756	2623	0	2623
1757	2614	0	2614
1758	2628	0	2628
1759	2643	0	2643
1760	2655	0	2655
1761	2600	0	2600
1762	2643	0	2643
1763	2632	0	2632
1764	2617	0	2617
1765	2638	0	2638
1766	2656	0	2656
1767	2668	0	2668
1768	2660	0	2660
1769	2643	0	2643
1770	2654	0	2654
1771	2660	0	2660
1772	2676	0	2676
1773	2682	0	2682
1774	2677	0	2677
1775	2647	0	2647
1776	2614	0	2614
1777	2653	0	2653
1778	2648	0	2648
1779	2635	0	2635
1780	2632	0	2632
1781	2636	0	2636
1782	2655	0	2655
1783	2678	0	2678
1784	2665	0	2665
1785	2663	0	2663
1786	2637	0	2637
1787	2641	0	2641
1788	2652	0	2652
1789	2667	0	2667
1790	2633	0	2633
1791	2623	0	2623
1792	2631	0	2631
1793	2666	0	2666
1794	2696	0	2696
1795	2658	0	2658
1796	2652	0	2652
1797	2635	0	2635
1798	2651	0	2651
1799	2688	0	2688
1800	2690	0	2690
1801	2653	0	2653
1802	2609	0	2609
1803	2632	0	2632
1804	2632	0	2632
1805	2692	0	2692
1806	2688	0	2688
1807	2676	0	2676
1808	2660	0	2660
1809	2615	0	2615
1810	2664	0	2664
1811	2731	0	2731
1812	2740	0	2740
1813	2721	0	2721
1814	2727	0	2727
1815	2729	0	2729
1816	2756	0	2756
1817	2755	0	2755
1818	2733	0	2733
1819	2671	0	2671
1820	2663	0	2663
1821	2696	0	2696
1822	2677	0	2677
1823	2680	0	2680
1824	2730	0	2730
1825	2758	0	2758
1826	2670	0	2670
1827	2658	0	2658
1828	2714	0	2714
1829	2674	0	2674
1830	2639	0	2639
1831	2690	0	2690
1832	2712	0	2712
1833	2650	0	2650
1834	2655	0	2655
1835	2698	0	2698
1836	2642	0	2642
1837	2662	0	2662
1838	2673	0	2673
1839	2644	0	2644
1840	2608	0	2608
1841	2622	0	2622
1842	2645	0	2645
1843	2608	0	2608
1844	2581	0	2581
1845	2592	0	2592
1846	2592	0	2592
1847	2614	0	2614
1848	2614	0	2614
1849	2564	0	2564
1850	2598	0	2598
1851	2640	0	2640
1852	2581	0	2581
1853	2554	0	2554
1854	2585	0	2585
1855	2597	0	2597
1856	2594	0	2594
1857	2568	0	2568
1858	2562	0	2562
1859	2545	0	2545
1860	2561	0	2561
1861	2586	0	2586
1862	2579	0	2579
1863	2607	0	2607
1864	2586	0	2586
1865	2601	0	2601
1866	2571	0	2571
1867	2570	0	2570
1868	2560	0	2560
1869	2544	0	2544
1870	2560	0	2560
1871	2555	0	2555
1872	2510	0	2510
1873	2543	0	2543
1874	2519	0	2519
1875	2511	0	2511
1876	2531	0	2531
1877	2518	0	2518
1878	2490	0	2490
1879	2512	0	2512
1880	2513	0	2513
1881	2491	0	2491
1882	2503	0	2503
1883	2513	0	2513
1884	2516	0	2516
1885	2485	0	2485
1886	2509	0	2509
1887	2488	0	2488
1888	2527	0	2527
1889	2507	0	2507
1890	2475	0	2475
1891	2477	0	2477
1892	2440	0	2440
1893	2427	0	2427
1894	2446	0	2446
1895	2521	0	2521
1896	2529	0	2529
1897	2462	0	2462
1898	2442	0	2442
1899	2441	0	2441
1900	2482	0	2482
1901	2477	0	2477
1902	2451	0	2451
1903	2393	0	2393
1904	2414	0	2414
1905	2497	0	2497
1906	2475	0	2475
1907	2438	0	2438
1908	2451	0	2451
1909	2445	0	2445
1910	2453	0	2453
1911	2454	0	2454
1912	2392	0	2392
1913	2445	0	2445
1914	2416	0	2416
1915	2410	0	2410
1916	2426	0	2426
1917	2423	0	2423
1918	2402	0	2402
1919	2408	0	2408
1920	2421	0	2421
1921	2411	0	2411
1922	2398	0	2398
1923	2465	0	2465
1924	2414	0	2414
1925	2350	0	2350
1926	2410	0	2410
1927	2434	0	2434
1928	2407	0	2407
1929	2378	0	2378
1930	2373	0	2373
1931	2382	0	2382
1932	2350	0	2350
1933	2345	0	2345
1934	2374	0	2374
1935	2377	0	2377
1936	2367	0	2367
1937	2380	0	2380
1938	2367	0	2367
1939	2345	0	2345
1940	2336	0	2336
1941	2366	0	2366
1942	2372	0	2372
1943	2359	0	2359
1944	2332	0	2332
1945	2300	0	2300
1946	2319	0	2319
1947	2344	0	2344
1948	2344	0	2344
1949	2378	0	2378
1950	2323	0	2323
1951	2312	0	2312
1952	2342	0	2342
1953	2325	0	2325
1954	2340	0	2340
1955	2344	0	2344
1956	2346	0	2346
1957	2353	0	2353
1958	2303	0	2303
1959	2307	0	2307
1960	2341	0	2341
1961	2348	0	2348
1962	2315	0	2315
1963	2340	0	2340
1964	2339	0	2339
1965	2314	0	2314
1966	2318	0	2318
1967	2310	0	2310
1968	2339	0	2339
1969	2367	0	2367
1970	2346	0	2346
1971	2333	0	2333
1972	2301	0	2301
1973	2312	0	2312
1974	2335	0	2335
1975	2335	0	2335
1976	2317	0	2317
1977	2336	0	2336
1978	2334	0	2334
1979	2313	0	2313
1980	2304	0	2304
1981	2348	0	2348
1982	2342	0	2342
1983	2305	0	2305
1984	2260	0	2260
1985	2384	0	2384
1986	2346	0	2346
1987	2286	0	2286
1988	2283	0	2283
1989	2303	0	2303
1990	2332	0	2332
1991	2296	0	2296
1992	2281	0	2281
1993	2330	0	2330
1994	2323	0	2323
1995	2316	0	2316
1996	2293	0	2293
1997	2260	0	2260
1998	2289	0	2289
1999	2323	0	2323
2000	2316	0	2316
2001	2325	0	2325
2002	2309	0	2309
2003	2307	0	2307
2004	2326	0	2326
2005	2318	0	2318
2006	2297	0	2297
2007	2278	0	2278
2008	2309	0	2309
2009	2359	0	2359
2010	2340	0	2340
2011	2272	0	2272
2012	2231	0	2231
2013	2273	0	2273
2014	2271	0	2271
2015	2257	0	2257
2016	2275	0	2275
2017	2294	0	2294
2018	2263	0	2263
2019	2279	0	2279
2020	2327	0	2327
2021	2356	0	2356
2022	2309	0	2309
2023	2268	0	2268
2024	2291	0	2291
2025	2295	0	2295
2026	2302	0	2302
2027	2343	0	2343
2028	2354	0	2354
2029	2353	0	2353
2030	2335	0	2335
2031	2347	0	2347
2032	2327	0	2327
2033	2335	0	2335
2034	2351	0	2351
2035	2303	0	2303
2036	2272	0	2272
2037	2283	0	2283
2038	2302	0	2302
2039	2361	0	2361
2040	2355	0	2355
2041	2327	0	2327
2042	2322	0	2322
2043	2296	0	2296
2044	2309	0	2309
2045	2346	0	2346
2046	2354	0	2354
2047	2315	0	2315
2048	2301	0	2301
2049	2339	0	2339
2050	2363	0	2363
2051	2360	0	2360
2052	2369	0	2369
2053	2385	0	2385
2054	2357	0	2357
2055	2353	0	2353
2056	2342	0	2342
2057	2324	0	2324
2058	2327	0	2327
2059	2350	0	2350
2060	2375	0	2375
2061	2379	0	2379
2062	2338	0	2338
2063	2334	0	2334
2064	2320	0	2320
2065	2324	0	2324
2066	2340	0	2340
2067	2328	0	2328
2068	2360	0	2360
2069	2400	0	2400
2070	2374	0	2374
2071	2402	0	2402
2072	2374	0	2374
2073	2394	0	2394
2074	2395	0	2395
2075	2370	0	2370
2076	2350	0	2350
2077	2385	0	2385
2078	2392	0	2392
2079	2421	0	2421
2080	2407	0	2407
2081	2368	0	2368
2082	2360	0	2360
2083	2341	0	2341
2084	2388	0	2388
2085	2378	0	2378
2086	2353	0	2353
2087	2379	0	2379
2088	2381	0	2381
2089	2367	0	2367
2090	2382	0	2382
2091	2406	0	2406
2092	2438	0	2438
2093	2405	0	2405
2094	2388	0	2388
2095	2423	0	2423
2096	2412	0	2412
2097	2401	0	2401
2098	2353	0	2353
2099	2431	0	2431
2100	2464	0	2464
2101	2457	0	2457
2102	2443	0	2443
2103	2446	0	2446
2104	2465	0	2465
2105	2501	0	2501
2106	2477	0	2477
2107	2428	0	2428
2108	2455	0	2455
2109	2483	0	2483
2110	2438	0	2438
2111	2451	0	2451
2112	2484	0	2484
2113	2502	0	2502
2114	2472	0	2472
2115	2507	0	2507
2116	2464	0	2464
2117	2499	0	2499
2118	2534	0	2534
2119	2560	0	2560
2120	2515	0	2515
2121	2499	0	2499
2122	2501	0	2501
2123	2489	0	2489
2124	2505	0	2505
2125	2499	0	2499
2126	2494	0	2494
2127	2547	0	2547
2128	2574	0	2574
2129	2572	0	2572
2130	2517	0	2517
2131	2512	0	2512
2132	2485	0	2485
2133	2513	0	2513
2134	2524	0	2524
2135	2523	0	2523
2136	2565	0	2565
2137	2567	0	2567
2138	2517	0	2517
2139	2512	0	2512
2140	2548	0	2548
2141	2599	0	2599
2142	2576	0	2576
2143	2556	0	2556
2144	2575	0	2575
2145	2621	0	2621
2146	2619	0	2619
2147	2585	0	2585
2148	2601	0	2601
2149	2629	0	2629
2150	2643	0	2643
2151	2605	0	2605
2152	2657	0	2657
2153	2672	0	2672
2154	2677	0	2677
2155	2681	0	2681
2156	2685	0	2685
2157	2674	0	2674
2158	2695	0	2695
2159	2729	0	2729
2160	2744	0	2744
2161	2858	0	2858
2162	2893	0	2893
2163	2867	0	2867
2164	2891	0	2891
2165	3005	0	3005
2166	3129	0	3129
2167	3213	0	3213
2168	3204	0	3204
2169	3195	0	3195
2170	3172	0	3172
2171	3142	0	3142
2172	3181	0	3181
2173	3250	0	3250
2174	3233	0	3233
2175	3208	0	3208
2176	3170	0	3170
2177	3158	0	3158
2178	3135	0	3135
2179	3129	0	3129
2180	3110	0	3110
2181	3078	0	3078
2182	3008	0	3008
2183	2860	0	2860
2184	2740	0	2740
2185	2775	0	2775
2186	2753	0	2753
2187	2685	0	2685
2188	2634	0	2634
2189	2649	0	2649
2190	2615	0	2615
2191	2628	0	2628
2192	2619	0	2619
2193	2615	0	2615
2194	2593	0	2593
2195	2547	0	2547
2196	2527	0	2527
2197	2487	0	2487
2198	2491	0	2491
2199	2530	0	2530
2200	2538	0	2538
2201	2495	0	2495
2202	2482	0	2482
2203	2473	0	2473
2204	2456	0	2456
2205	2501	0	2501
2206	2490	0	2490
2207	2489	0	2489
2208	2511	0	2511
2209	2507	0	2507
2210	2505	0	2505
2211	2486	0	2486
2212	2476	0	2476
2213	2506	0	2506
2214	2516	0	2516
2215	2495	0	2495
2216	2459	0	2459
2217	2478	0	2478
2218	2438	0	2438
2219	2450	0	2450
2220	2426	0	2426
2221	2419	0	2419
2222	2396	0	2396
2223	2384	0	2384
2224	2421	0	2421
2225	2393	0	2393
2226	2364	0	2364
2227	2359	0	2359
2228	2379	0	2379
2229	2359	0	2359
2230	2341	0	2341
2231	2345	0	2345
2232	2369	0	2369
2233	2328	0	2328
2234	2309	0	2309
2235	2348	0	2348
2236	2349	0	2349
2237	2364	0	2364
2238	2349	0	2349
2239	2315	0	2315
2240	2288	0	2288
2241	2293	0	2293
2242	2354	0	2354
2243	2319	0	2319
2244	2269	0	2269
2245	2299	0	2299
2246	2269	0	2269
2247	2227	0	2227
2248	2252	0	2252
2249	2297	0	2297
2250	2301	0	2301
2251	2291	0	2291
2252	2332	0	2332
2253	2304	0	2304
2254	2297	0	2297
2255	2304	0	2304
2256	2265	0	2265
2257	2255	0	2255
2258	2261	0	2261
2259	2231	0	2231
2260	2227	0	2227
2261	2211	0	2211
2262	2192	0	2192
2263	2188	0	2188
2264	2165	0	2165
2265	2211	0	2211
2266	2190	0	2190
2267	2190	0	2190
2268	2202	0	2202
2269	2151	0	2151
2270	2142	0	2142
2271	2190	0	2190
2272	2178	0	2178
2273	2141	0	2141
2274	2154	0	2154
2275	2167	0	2167
2276	2140	0	2140
2277	2128	0	2128
2278	2096	0	2096
2279	2138	0	2138
2280	2127	0	2127
2281	2143	0	2143
2282	2119	0	2119
2283	2105	0	2105
2284	2111	0	2111
2285	2122	0	2122
2286	2119	0	2119
2287	2104	0	2104
2288	2098	0	2098
2289	2161	0	2161
2290	2143	0	2143
2291	2123	0	2123
2292	2114	0	2114
2293	2082	0	2082
2294	2112	0	2112
2295	2109	0	2109
2296	2110	0	2110
2297	2177	0	2177
2298	2164	0	2164
2299	2113	0	2113
2300	2065	0	2065
2301	2114	0	2114
2302	2107	0	2107
2303	2091	0	2091
2304	2091	0	2091
2305	2079	0	2079
2306	2049	0	2049
2307	2077	0	2077
2308	2105	0	2105
2309	2107	0	2107
2310	2116	0	2116
2311	2119	0	2119
2312	2101	0	2101
2313	2109	0	2109
2314	2153	0	2153
2315	2177	0	2177
2316	2158	0	2158
2317	2178	0	2178
2318	2177	0	2177
2319	2159	0	2159
2320	2167	0	2167
2321	2148	0	2148
2322	2136	0	2136
2323	2148	0	2148
2324	2164	0	2164
2325	2159	0	2159
2326	2167	0	2167
2327	2189	0	2189
2328	2152	0	2152
2329	2107	0	2107
2330	2133	0	2133
2331	2179	0	2179
2332	2163	0	2163
2333	2143	0	2143
2334	2132	0	2132
2335	2149	0	2149
2336	2167	0	2167
2337	2131	0	2131
2338	2138	0	2138
2339	2156	0	2156
2340	2090	0	2090
2341	2077	0	2077
2342	2100	0	2100
2343	2083	0	2083
2344	2069	0	2069
2345	2089	0	2089
2346	2130	0	2130
2347	2128	0	2128
2348	2110	0	2110
2349	2133	0	2133
2350	2154	0	2154
2351	2157	0	2157
2352	2137	0	2137
2353	2117	0	2117
2354	2127	0	2127
2355	2151	0	2151
2356	2130	0	2130
2357	2155	0	2155
2358	2115	0	2115
2359	2144	0	2144
2360	2136	0	2136
2361	2120	0	2120
2362	2140	0	2140
2363	2134	0	2134
2364	2116	0	2116
2365	2155	0	2155
2366	2159	0	2159
2367	2165	0	2165
2368	2176	0	2176
2369	2167	0	2167
2370	2201	0	2201
2371	2191	0	2191
2372	2170	0	2170
2373	2175	0	2175
2374	2172	0	2172
2375	2158	0	2158
2376	2153	0	2153
2377	2143	0	2143
2378	2172	0	2172
2379	2171	0	2171
2380	2190	0	2190
2381	2185	0	2185
2382	2125	0	2125
2383	2130	0	2130
2384	2137	0	2137
2385	2172	0	2172
2386	2166	0	2166
2387	2151	0	2151
2388	2115	0	2115
2389	2122	0	2122
2390	2167	0	2167
2391	2211	0	2211
2392	2213	0	2213
2393	2209	0	2209
2394	2182	0	2182
2395	2172	0	2172
2396	2154	0	2154
2397	2174	0	2174
2398	2193	0	2193
2399	2193	0	2193
2400	2170	0	2170
2401	2183	0	2183
2402	2197	0	2197
2403	2222	0	2222
2404	2239	0	2239
2405	2212	0	2212
2406	2201	0	2201
2407	2177	0	2177
2408	2185	0	2185
2409	2201	0	2201
2410	2204	0	2204
2411	2227	0	2227
2412	2219	0	2219
2413	2213	0	2213
2414	2215	0	2215
2415	2217	0	2217
2416	2232	0	2232
2417	2238	0	2238
2418	2205	0	2205
2419	2210	0	2210
2420	2213	0	2213
2421	2220	0	2220
2422	2193	0	2193
2423	2188	0	2188
2424	2204	0	2204
2425	2232	0	2232
2426	2188	0	2188
2427	2174	0	2174
2428	2181	0	2181
2429	2219	0	2219
2430	2247	0	2247
2431	2216	0	2216
2432	2189	0	2189
2433	2221	0	2221
2434	2221	0	2221
2435	2195	0	2195
2436	2222	0	2222
2437	2187	0	2187
2438	2204	0	2204
2439	2233	0	2233
2440	2216	0	2216
2441	2245	0	2245
2442	2226	0	2226
2443	2227	0	2227
2444	2199	0	2199
2445	2219	0	2219
2446	2220	0	2220
2447	2205	0	2205
2448	2187	0	2187
2449	2144	0	2144
2450	2185	0	2185
2451	2204	0	2204
2452	2151	0	2151
2453	2130	0	2130
2454	2121	0	2121
2455	2177	0	2177
2456	2160	0	2160
2457	2145	0	2145
2458	2170	0	2170
2459	2173	0	2173
2460	2177	0	2177
2461	2151	0	2151
2462	2138	0	2138
2463	2127	0	2127
2464	2160	0	2160
2465	2187	0	2187
2466	2132	0	2132
2467	2084	0	2084
2468	2109	0	2109
2469	2094	0	2094
2470	2086	0	2086
2471	2107	0	2107
2472	2120	0	2120
2473	2123	0	2123
2474	2092	0	2092
2475	2077	0	2077
2476	2088	0	2088
2477	2072	0	2072
2478	2002	0	2002
2479	2001	0	2001
2480	2046	0	2046
2481	2033	0	2033
2482	2005	0	2005
2483	2028	0	2028
2484	2006	0	2006
2485	2033	0	2033
2486	2025	0	2025
2487	2007	0	2007
2488	1950	0	1950
2489	1963	0	1963
2490	1947	0	1947
2491	1958	0	1958
2492	1988	0	1988
2493	1930	0	1930
2494	1912	0	1912
2495	1925	0	1925
2496	1941	0	1941
2497	1927	0	1927
2498	1954	0	1954
2499	1894	0	1894
2500	1880	0	1880
2501	1896	0	1896
2502	1896	0	1896
2503	1892	0	1892
2504	1834	0	1834
2505	1839	0	1839
2506	1831	0	1831
2507	1826	0	1826
2508	1811	0	1811
2509	1792	0	1792
2510	1787	0	1787
2511	1791	0	1791
2512	1771	0	1771
2513	1781	0	1781
2514	1780	0	1780
2515	1797	0	1797
2516	1807	0	1807
2517	1790	0	1790
2518	1770	0	1770
2519	1769	0	1769
2520	1782	0	1782
2521	1780	0	1780
2522	1733	0	1733
2523	1719	0	1719
2524	1704	0	1704
2525	1689	0	1689
2526	1697	0	1697
2527	1691	0	1691
2528	1684	0	1684
2529	1656	0	1656
2530	1655	0	1655
2531	1670	0	1670
2532	1663	0	1663
2533	1653	0	1653
2534	1668	0	1668
2535	1639	0	1639
2536	1657	0	1657
2537	1631	0	1631
2538	1621	0	1621
2539	1653	0	1653
2540	1635	0	1635
2541	1641	0	1641
2542	1625	0	1625
2543	1621	0	1621
2544	1616	0	1616
2545	1590	0	1590
2546	1582	0	1582
2547	1598	0	1598
2548	1600	0	1600
2549	1567	0	1567
2550	1588	0	1588
2551	1606	0	1606
2552	1558	0	1558
2553	1571	0	1571
2554	1572	0	1572
2555	1569	0	1569
2556	1569	0	1569
2557	1576	0	1576
2558	1574	0	1574
2559	1565	0	1565
2560	1558	0	1558
2561	1565	0	1565
2562	1551	0	1551
2563	1530	0	1530
2564	1540	0	1540
2565	1573	0	1573
2566	1524	0	1524
2567	1499	0	1499
2568	1499	0	1499
2569	1514	0	1514
2570	1522	0	1522
2571	1537	0	1537
2572	1515	0	1515
2573	1510	0	1510
2574	1552	0	1552
2575	1567	0	1567
2576	1537	0	1537
2577	1543	0	1543
2578	1543	0	1543
2579	1536	0	1536
2580	1515	0	1515
2581	1553	0	1553
2582	1534	0	1534
2583	1526	0	1526
2584	1507	0	1507
2585	1504	0	1504
2586	1513	0	1513
2587	1504	0	1504
2588	1506	0	1506
2589	1499	0	1499
2590	1507	0	1507
2591	1468	0	1468
2592	1446	0	1446
2593	1488	0	1488
2594	1492	0	1492
2595	1496	0	1496
2596	1504	0	1504
2597	1480	0	1480
2598	1470	0	1470
2599	1498	0	1498
2600	1475	0	1475
2601	1461	0	1461
2602	1479	0	1479
2603	1518	0	1518
2604	1513	0	1513
2605	1492	0	1492
2606	1506	0	1506
2607	1489	0	1489
2608	1451	0	1451
2609	1461	0	1461
2610	1454	0	1454
2611	1475	0	1475
2612	1473	0	1473
2613	1464	0	1464
2614	1475	0	1475
2615	1476	0	1476
2616	1463	0	1463
2617	1482	0	1482
2618	1489	0	1489
2619	1459	0	1459
2620	1446	0	1446
2621	1481	0	1481
2622	1467	0	1467
2623	1458	0	1458
2624	1482	0	1482
2625	1486	0	1486
2626	1467	0	1467
2627	1434	0	1434
2628	1428	0	1428
2629	1462	0	1462
2630	1450	0	1450
2631	1461	0	1461
2632	1479	0	1479
2633	1472	0	1472
2634	1482	0	1482
2635	1491	0	1491
2636	1466	0	1466
2637	1492	0	1492
2638	1484	0	1484
2639	1465	0	1465
2640	1469	0	1469
2641	1478	0	1478
2642	1473	0	1473
2643	1459	0	1459
2644	1458	0	1458
2645	1504	0	1504
2646	1506	0	1506
2647	1493	0	1493
2648	1487	0	1487
2649	1484	0	1484
2650	1499	0	1499
2651	1478	0	1478
2652	1467	0	1467
2653	1481	0	1481
2654	1512	0	1512
2655	1481	0	1481
2656	1448	0	1448
2657	1475	0	1475
2658	1468	0	1468
2659	1458	0	1458
2660	1489	0	1489
2661	1497	0	1497
2662	1468	0	1468
2663	1466	0	1466
2664	1488	0	1488
2665	1522	0	1522
2666	1515	0	1515
2667	1504	0	1504
2668	1482	0	1482
2669	1471	0	1471
2670	1458	0	1458
2671	1489	0	1489
2672	1492	0	1492
2673	1516	0	1516
2674	1518	0	1518
2675	1486	0	1486
2676	1498	0	1498
2677	1508	0	1508
2678	1512	0	1512
2679	1508	0	1508
2680	1489	0	1489
2681	1520	0	1520
2682	1514	0	1514
2683	1490	0	1490
2684	1511	0	1511
2685	1524	0	1524
2686	1505	0	1505
2687	1478	0	1478
2688	1483	0	1483
2689	1502	0	1502
2690	1507	0	1507
2691	1528	0	1528
2692	1533	0	1533
2693	1512	0	1512
2694	1525	0	1525
2695	1500	0	1500
2696	1514	0	1514
2697	1529	0	1529
2698	1514	0	1514
2699	1527	0	1527
2700	1529	0	1529
2701	1522	0	1522
2702	1510	0	1510
2703	1533	0	1533
2704	1541	0	1541
2705	1578	0	1578
2706	1561	0	1561
2707	1537	0	1537
2708	1523	0	1523
2709	1515	0	1515
2710	1530	0	1530
2711	1537	0	1537
2712	1521	0	1521
2713	1537	0	1537
2714	1535	0	1535
2715	1551	0	1551
2716	1526	0	1526
2717	1525	0	1525
2718	1531	0	1531
2719	1529	0	1529
2720	1533	0	1533
2721	1508	0	1508
2722	1504	0	1504
2723	1527	0	1527
2724	1506	0	1506
2725	1487	0	1487
2726	1480	0	1480
2727	1501	0	1501
2728	1497	0	1497
2729	1489	0	1489
2730	1519	0	1519
2731	1506	0	1506
2732	1509	0	1509
2733	1521	0	1521
2734	1533	0	1533
2735	1515	0	1515
2736	1473	0	1473
2737	1520	0	1520
2738	1499	0	1499
2739	1494	0	1494
2740	1544	0	1544
2741	1509	0	1509
2742	1497	0	1497
2743	1489	0	1489
2744	1517	0	1517
2745	1527	0	1527
2746	1494	0	1494
2747	1511	0	1511
2748	1510	0	1510
2749	1501	0	1501
2750	1496	0	1496
2751	1513	0	1513
2752	1484	0	1484
2753	1476	0	1476
2754	1485	0	1485
2755	1486	0	1486
2756	1517	0	1517
2757	1527	0	1527
2758	1496	0	1496
2759	1491	0	1491
2760	1493	0	1493
2761	1499	0	1499
2762	1465	0	1465
2763	1508	0	1508
2764	1530	0	1530
2765	1518	0	1518
2766	1518	0	1518
2767	1489	0	1489
2768	1505	0	1505
2769	1517	0	1517
2770	1517	0	1517
2771	1460	0	1460
2772	1481	0	1481
2773	1500	0	1500
2774	1483	0	1483
2775	1500	0	1500
2776	1498	0	1498
2777	1503	0	1503
2778	1483	0	1483
2779	1509	0	1509
2780	1518	0	1518
2781	1514	0	1514
2782	1532	0	1532
2783	1521	0	1521
2784	1708	0	1708
2785	1609	0	1609
2786	1470	0	1470
2787	1479	0	1479
2788	1485	0	1485
2789	1505	0	1505
2790	1507	0	1507
2791	1514	0	1514
2792	1506	0	1506
2793	1500	0	1500
2794	1481	0	1481
2795	1469	0	1469
2796	1503	0	1503
2797	1502	0	1502
2798	1499	0	1499
2799	1513	0	1513
2800	1510	0	1510
2801	1502	0	1502
2802	1522	0	1522
2803	1530	0	1530
2804	1542	0	1542
2805	1525	0	1525
2806	1513	0	1513
2807	1512	0	1512
2808	1511	0	1511
2809	1506	0	1506
2810	1503	0	1503
2811	1507	0	1507
2812	1503	0	1503
2813	1528	0	1528
2814	1537	0	1537
2815	1543	0	1543
2816	1539	0	1539
2817	1530	0	1530
2818	1536	0	1536
2819	1570	0	1570
2820	1537	0	1537
2821	1542	0	1542
2822	1548	0	1548
2823	1525	0	1525
2824	1527	0	1527
2825	1512	0	1512
2826	1527	0	1527
2827	1528	0	1528
2828	1530	0	1530
2829	1537	0	1537
2830	1539	0	1539
2831	1548	0	1548
2832	1551	0	1551
2833	1555	0	1555
2834	1557	0	1557
2835	1567	0	1567
2836	1547	0	1547
2837	1574	0	1574
2838	1574	0	1574
2839	1569	0	1569
2840	1579	0	1579
2841	1590	0	1590
2842	1572	0	1572
2843	1588	0	1588
2844	1568	0	1568
2845	1589	0	1589
2846	1589	0	1589
2847	1586	0	1586
2848	1588	0	1588
2849	1587	0	1587
2850	1578	0	1578
2851	1607	0	1607
2852	1625	0	1625
2853	1606	0	1606
2854	1590	0	1590
2855	1606	0	1606
2856	1600	0	1600
2857	1592	0	1592
2858	1618	0	1618
2859	1608	0	1608
2860	1598	0	1598
2861	1624	0	1624
2862	1607	0	1607
2863	1609	0	1609
2864	1635	0	1635
2865	1634	0	1634
2866	1577	0	1577
2867	1597	0	1597
2868	1628	0	1628
2869	1654	0	1654
2870	1646	0	1646
2871	1622	0	1622
2872	1631	0	1631
2873	1636	0	1636
2874	1617	0	1617
2875	1621	0	1621
2876	1596	0	1596
2877	1633	0	1633
2878	1632	0	1632
2879	1626	0	1626
2880	1643	0	1643
2881	1654	0	1654
2882	1615	0	1615
2883	1647	0	1647
2884	1650	0	1650
2885	1629	0	1629
2886	1607	0	1607
2887	1612	0	1612
2888	1617	0	1617
2889	1622	0	1622
2890	1634	0	1634
2891	1620	0	1620
2892	1591	0	1591
2893	1621	0	1621
2894	1637	0	1637
2895	1653	0	1653
2896	1632	0	1632
2897	1622	0	1622
2898	1641	0	1641
2899	1644	0	1644
2900	1611	0	1611
2901	1610	0	1610
2902	1608	0	1608
2903	1602	0	1602
2904	1615	0	1615
2905	1614	0	1614
2906	1614	0	1614
2907	1634	0	1634
2908	1630	0	1630
2909	1619	0	1619
2910	1590	0	1590
2911	1618	0	1618
2912	1644	0	1644
2913	1659	0	1659
2914	1648	0	1648
2915	1630	0	1630
2916	1588	0	1588
2917	1599	0	1599
2918	1584	0	1584
2919	1589	0	1589
2920	1594	0	1594
2921	1610	0	1610
2922	1615	0	1615
2923	1611	0	1611
2924	1599	0	1599
2925	1599	0	1599
2926	1587	0	1587
2927	1595	0	1595
2928	1582	0	1582
2929	1574	0	1574
2930	1586	0	1586
2931	1618	0	1618
2932	1621	0	1621
2933	1578	0	1578
2934	1575	0	1575
2935	1580	0	1580
2936	1572	0	1572
2937	1609	0	1609
2938	1592	0	1592
2939	1597	0	1597
2940	1595	0	1595
2941	1619	0	1619
2942	1610	0	1610
2943	1570	0	1570
2944	1562	0	1562
2945	1564	0	1564
2946	1585	0	1585
2947	1589	0	1589
2948	1561	0	1561
2949	1577	0	1577
2950	1552	0	1552
2951	1587	0	1587
2952	1605	0	1605
2953	1577	0	1577
2954	1555	0	1555
2955	1556	0	1556
2956	1572	0	1572
2957	1578	0	1578
2958	1568	0	1568
2959	1564	0	1564
2960	1535	0	1535
2961	1561	0	1561
2962	1545	0	1545
2963	1536	0	1536
2964	1558	0	1558
2965	1552	0	1552
2966	1558	0	1558
2967	1557	0	1557
2968	1537	0	1537
2969	1582	0	1582
2970	1605	0	1605
2971	1568	0	1568
2972	1557	0	1557
2973	1572	0	1572
2974	1529	0	1529
2975	1546	0	1546
2976	1570	0	1570
2977	1570	0	1570
2978	1557	0	1557
2979	1533	0	1533
2980	1536	0	1536
2981	1531	0	1531
2982	1543	0	1543
2983	1547	0	1547
2984	1549	0	1549
2985	1584	0	1584
2986	1557	0	1557
2987	1511	0	1511
2988	1546	0	1546
2989	1588	0	1588
2990	1552	0	1552
2991	1537	0	1537
2992	1528	0	1528
2993	1533	0	1533
2994	1554	0	1554
2995	1540	0	1540
2996	1543	0	1543
2997	1555	0	1555
2998	1528	0	1528
2999	1530	0	1530
3000	1565	0	1565
3001	1586	0	1586
3002	1576	0	1576
3003	1562	0	1562
3004	1567	0	1567
3005	1539	0	1539
3006	1544	0	1544
3007	1542	0	1542
3008	1565	0	1565
3009	1583	0	1583
3010	1561	0	1561
3011	1558	0	1558
3012	1546	0	1546
3013	1542	0	1542
3014	1544	0	1544
3015	1602	0	1602
3016	1572	0	1572
3017	1553	0	1553
3018	1583	0	1583
3019	1589	0	1589
3020	1560	0	1560
3021	1581	0	1581
3022	1593	0	1593
3023	1582	0	1582
3024	1561	0	1561
3025	1557	0	1557
3026	1580	0	1580
3027	1604	0	1604
3028	1587	0	1587
3029	1584	0	1584
3030	1613	0	1613
3031	1606	0	1606
3032	1580	0	1580
3033	1579	0	1579
3034	1578	0	1578
3035	1585	0	1585
3036	1585	0	1585
3037	1558	0	1558
3038	1540	0	1540
3039	1579	0	1579
3040	1574	0	1574
3041	1579	0	1579
3042	1602	0	1602
3043	1629	0	1629
3044	1611	0	1611
3045	1620	0	1620
3046	1627	0	1627
3047	1647	0	1647
3048	1617	0	1617
3049	1579	0	1579
3050	1584	0	1584
3051	1617	0	1617
3052	1613	0	1613
3053	1565	0	1565
3054	1581	0	1581
3055	1617	0	1617
3056	1610	0	1610
3057	1595	0	1595
3058	1575	0	1575
3059	1596	0	1596
3060	1581	0	1581
3061	1576	0	1576
3062	1601	0	1601
3063	1602	0	1602
3064	1585	0	1585
3065	1587	0	1587
3066	1580	0	1580
3067	1601	0	1601
3068	1613	0	1613
3069	1619	0	1619
3070	1573	0	1573
3071	1615	0	1615
3072	1601	0	1601
3073	1575	0	1575
3074	1579	0	1579
3075	1567	0	1567
3076	1596	0	1596
3077	1605	0	1605
3078	1609	0	1609
3079	1600	0	1600
3080	1590	0	1590
3081	1581	0	1581
3082	1541	0	1541
3083	1564	0	1564
3084	1575	0	1575
3085	1567	0	1567
3086	1555	0	1555
3087	1545	0	1545
3088	1557	0	1557
3089	1583	0	1583
3090	1599	0	1599
3091	1599	0	1599
3092	1559	0	1559
3093	1566	0	1566
3094	1567	0	1567
3095	1584	0	1584
3096	1585	0	1585
3097	1569	0	1569
3098	1554	0	1554
3099	1552	0	1552
3100	1550	0	1550
3101	1593	0	1593
3102	1554	0	1554
3103	1523	0	1523
3104	1565	0	1565
3105	1542	0	1542
3106	1513	0	1513
3107	1528	0	1528
3108	1553	0	1553
3109	1509	0	1509
3110	1530	0	1530
3111	1570	0	1570
3112	1533	0	1533
3113	1524	0	1524
3114	1539	0	1539
3115	1544	0	1544
3116	1539	0	1539
3117	1546	0	1546
3118	1567	0	1567
3119	1541	0	1541
3120	1553	0	1553
3121	1549	0	1549
3122	1533	0	1533
3123	1529	0	1529
3124	1522	0	1522
3125	1539	0	1539
3126	1515	0	1515
3127	1537	0	1537
3128	1548	0	1548
3129	1533	0	1533
3130	1541	0	1541
3131	1556	0	1556
3132	1559	0	1559
3133	1522	0	1522
3134	1494	0	1494
3135	1512	0	1512
3136	1488	0	1488
3137	1502	0	1502
3138	1536	0	1536
3139	1549	0	1549
3140	1521	0	1521
3141	1515	0	1515
3142	1508	0	1508
3143	1513	0	1513
3144	1533	0	1533
3145	1539	0	1539
3146	1542	0	1542
3147	1542	0	1542
3148	1489	0	1489
3149	1485	0	1485
3150	1498	0	1498
3151	1495	0	1495
3152	1498	0	1498
3153	1493	0	1493
3154	1489	0	1489
3155	1529	0	1529
3156	1541	0	1541
3157	1513	0	1513
3158	1473	0	1473
3159	1493	0	1493
3160	1522	0	1522
3161	1541	0	1541
3162	1565	0	1565
3163	1540	0	1540
3164	1506	0	1506
3165	1520	0	1520
3166	1518	0	1518
3167	1523	0	1523
3168	1546	0	1546
3169	1536	0	1536
3170	1519	0	1519
3171	1524	0	1524
3172	1537	0	1537
3173	1516	0	1516
3174	1517	0	1517
3175	1550	0	1550
3176	1543	0	1543
3177	1522	0	1522
3178	1541	0	1541
3179	1597	0	1597
3180	1584	0	1584
3181	1586	0	1586
3182	1565	0	1565
3183	1529	0	1529
3184	1544	0	1544
3185	1550	0	1550
3186	1548	0	1548
3187	1539	0	1539
3188	1538	0	1538
3189	1544	0	1544
3190	1537	0	1537
3191	1560	0	1560
3192	1550	0	1550
3193	1555	0	1555
3194	1579	0	1579
3195	1561	0	1561
3196	1534	0	1534
3197	1553	0	1553
3198	1558	0	1558
3199	1573	0	1573
3200	1563	0	1563
3201	1560	0	1560
3202	1553	0	1553
3203	1553	0	1553
3204	1567	0	1567
3205	1577	0	1577
3206	1589	0	1589
3207	1535	0	1535
3208	1557	0	1557
3209	1573	0	1573
3210	1533	0	1533
3211	1532	0	1532
3212	1519	0	1519
3213	1567	0	1567
3214	1569	0	1569
3215	1564	0	1564
3216	1555	0	1555
3217	1561	0	1561
3218	1575	0	1575
3219	1599	0	1599
3220	1570	0	1570
3221	1560	0	1560
3222	1545	0	1545
3223	1555	0	1555
3224	1571	0	1571
3225	1556	0	1556
3226	1531	0	1531
3227	1534	0	1534
3228	1540	0	1540
3229	1556	0	1556
3230	1567	0	1567
3231	1591	0	1591
3232	1508	0	1508
3233	1513	0	1513
3234	1557	0	1557
3235	1549	0	1549
3236	1509	0	1509
3237	1512	0	1512
3238	1537	0	1537
3239	1515	0	1515
3240	1514	0	1514
3241	1523	0	1523
3242	1500	0	1500
3243	1499	0	1499
3244	1518	0	1518
3245	1529	0	1529
3246	1532	0	1532
3247	1549	0	1549
3248	1525	0	1525
3249	1543	0	1543
3250	1535	0	1535
3251	1517	0	1517
3252	1522	0	1522
3253	1492	0	1492
3254	1506	0	1506
3255	1507	0	1507
3256	1487	0	1487
3257	1480	0	1480
3258	1478	0	1478
3259	1480	0	1480
3260	1472	0	1472
3261	1479	0	1479
3262	1471	0	1471
3263	1481	0	1481
3264	1494	0	1494
3265	1474	0	1474
3266	1461	0	1461
3267	1523	0	1523
3268	1510	0	1510
3269	1503	0	1503
3270	1503	0	1503
3271	1495	0	1495
3272	1494	0	1494
3273	1490	0	1490
3274	1473	0	1473
3275	1512	0	1512
3276	1512	0	1512
3277	1485	0	1485
3278	1492	0	1492
3279	1486	0	1486
3280	1506	0	1506
3281	1502	0	1502
3282	1482	0	1482
3283	1506	0	1506
3284	1494	0	1494
3285	1475	0	1475
3286	1465	0	1465
3287	1473	0	1473
3288	1464	0	1464
3289	1459	0	1459
3290	1536	0	1536
3291	1529	0	1529
3292	1460	0	1460
3293	1487	0	1487
3294	1483	0	1483
3295	1500	0	1500
3296	1481	0	1481
3297	1499	0	1499
3298	1478	0	1478
3299	1486	0	1486
3300	1476	0	1476
3301	1458	0	1458
3302	1471	0	1471
3303	1497	0	1497
3304	1502	0	1502
3305	1461	0	1461
3306	1436	0	1436
3307	1459	0	1459
3308	1464	0	1464
3309	1471	0	1471
3310	1497	0	1497
3311	1500	0	1500
3312	1500	0	1500
3313	1494	0	1494
3314	1497	0	1497
3315	1489	0	1489
3316	1485	0	1485
3317	1478	0	1478
3318	1458	0	1458
3319	1482	0	1482
3320	1489	0	1489
3321	1485	0	1485
3322	1512	0	1512
3323	1487	0	1487
3324	1456	0	1456
3325	1498	0	1498
3326	1490	0	1490
3327	1496	0	1496
3328	1514	0	1514
3329	1507	0	1507
3330	1469	0	1469
3331	1502	0	1502
3332	1521	0	1521
3333	1523	0	1523
3334	1496	0	1496
3335	1493	0	1493
3336	1514	0	1514
3337	1512	0	1512
3338	1497	0	1497
3339	1514	0	1514
3340	1525	0	1525
3341	1484	0	1484
3342	1516	0	1516
3343	1529	0	1529
3344	1511	0	1511
3345	1506	0	1506
3346	1509	0	1509
3347	1497	0	1497
3348	1494	0	1494
3349	1489	0	1489
3350	1459	0	1459
3351	1453	0	1453
3352	1506	0	1506
3353	1505	0	1505
3354	1478	0	1478
3355	1489	0	1489
3356	1479	0	1479
3357	1478	0	1478
3358	1506	0	1506
3359	1499	0	1499
3360	1511	0	1511
3361	1537	0	1537
3362	1550	0	1550
3363	1503	0	1503
3364	1469	0	1469
3365	1480	0	1480
3366	1489	0	1489
3367	1507	0	1507
3368	1487	0	1487
3369	1500	0	1500
3370	1521	0	1521
3371	1512	0	1512
3372	1478	0	1478
3373	1475	0	1475
3374	1486	0	1486
3375	1488	0	1488
3376	1476	0	1476
3377	1431	0	1431
3378	1429	0	1429
3379	1479	0	1479
3380	1453	0	1453
3381	1455	0	1455
3382	1464	0	1464
3383	1461	0	1461
3384	1462	0	1462
3385	1468	0	1468
3386	1469	0	1469
3387	1474	0	1474
3388	1443	0	1443
3389	1423	0	1423
3390	1451	0	1451
3391	1441	0	1441
3392	1438	0	1438
3393	1441	0	1441
3394	1431	0	1431
3395	1445	0	1445
3396	1469	0	1469
3397	1462	0	1462
3398	1433	0	1433
3399	1424	0	1424
3400	1432	0	1432
3401	1448	0	1448
3402	1455	0	1455
3403	1442	0	1442
3404	1435	0	1435
3405	1434	0	1434
3406	1427	0	1427
3407	1412	0	1412
3408	1427	0	1427
3409	1437	0	1437
3410	1461	0	1461
3411	1460	0	1460
3412	1481	0	1481
3413	1442	0	1442
3414	1430	0	1430
3415	1429	0	1429
3416	1439	0	1439
3417	1428	0	1428
3418	1433	0	1433
3419	1464	0	1464
3420	1452	0	1452
3421	1439	0	1439
3422	1448	0	1448
3423	1431	0	1431
3424	1404	0	1404
3425	1427	0	1427
3426	1425	0	1425
3427	1424	0	1424
3428	1408	0	1408
3429	1405	0	1405
3430	1424	0	1424
3431	1411	0	1411
3432	1443	0	1443
3433	1459	0	1459
3434	1459	0	1459
3435	1454	0	1454
3436	1428	0	1428
3437	1439	0	1439
3438	1461	0	1461
3439	1438	0	1438
3440	1406	0	1406
3441	1395	0	1395
3442	1433	0	1433
3443	1443	0	1443
3444	1416	0	1416
3445	1421	0	1421
3446	1427	0	1427
3447	1428	0	1428
3448	1398	0	1398
3449	1430	0	1430
3450	1472	0	1472
3451	1474	0	1474
3452	1467	0	1467
3453	1425	0	1425
3454	1460	0	1460
3455	1464	0	1464
3456	1458	0	1458
3457	1450	0	1450
3458	1399	0	1399
3459	1415	0	1415
3460	1434	0	1434
3461	1443	0	1443
3462	1425	0	1425
3463	1446	0	1446
3464	1438	0	1438
3465	1438	0	1438
3466	1419	0	1419
3467	1417	0	1417
3468	1430	0	1430
3469	1452	0	1452
3470	1436	0	1436
3471	1447	0	1447
3472	1446	0	1446
3473	1452	0	1452
3474	1442	0	1442
3475	1450	0	1450
3476	1453	0	1453
3477	1444	0	1444
3478	1421	0	1421
3479	1403	0	1403
3480	1402	0	1402
3481	1402	0	1402
3482	1401	0	1401
3483	1416	0	1416
3484	1437	0	1437
3485	1429	0	1429
3486	1425	0	1425
3487	1433	0	1433
3488	1421	0	1421
3489	1425	0	1425
3490	1416	0	1416
3491	1444	0	1444
3492	1437	0	1437
3493	1423	0	1423
3494	1440	0	1440
3495	1432	0	1432
3496	1418	0	1418
3497	1384	0	1384
3498	1411	0	1411
3499	1438	0	1438
3500	1398	0	1398
3501	1412	0	1412
3502	1404	0	1404
3503	1393	0	1393
3504	1400	0	1400
3505	1387	0	1387
3506	1419	0	1419
3507	1407	0	1407
3508	1376	0	1376
3509	1393	0	1393
3510	1402	0	1402
3511	1400	0	1400
3512	1414	0	1414
3513	1382	0	1382
3514	1365	0	1365
3515	1394	0	1394
3516	1410	0	1410
3517	1410	0	1410
3518	1426	0	1426
3519	1426	0	1426
3520	1387	0	1387
3521	1372	0	1372
3522	1401	0	1401
3523	1420	0	1420
3524	1402	0	1402
3525	1386	0	1386
3526	1375	0	1375
3527	1395	0	1395
3528	1404	0	1404
3529	1394	0	1394
3530	1403	0	1403
3531	1412	0	1412
3532	1382	0	1382
3533	1377	0	1377
3534	1385	0	1385
3535	1420	0	1420
3536	1424	0	1424
3537	1403	0	1403
3538	1391	0	1391
3539	1406	0	1406
3540	1401	0	1401
3541	1404	0	1404
3542	1399	0	1399
3543	1381	0	1381
3544	1362	0	1362
3545	1371	0	1371
3546	1383	0	1383
3547	1365	0	1365
3548	1365	0	1365
3549	1386	0	1386
3550	1360	0	1360
3551	1397	0	1397
3552	1412	0	1412
3553	1396	0	1396
3554	1387	0	1387
3555	1392	0	1392
3556	1399	0	1399
3557	1395	0	1395
3558	1407	0	1407
3559	1403	0	1403
3560	1374	0	1374
3561	1370	0	1370
3562	1389	0	1389
3563	1413	0	1413
3564	1372	0	1372
3565	1382	0	1382
3566	1405	0	1405
3567	1413	0	1413
3568	1404	0	1404
3569	1407	0	1407
3570	1400	0	1400
3571	1389	0	1389
3572	1384	0	1384
3573	1436	0	1436
3574	1435	0	1435
3575	1412	0	1412
3576	1384	0	1384
3577	1400	0	1400
3578	1411	0	1411
3579	1412	0	1412
3580	1383	0	1383
3581	1373	0	1373
3582	1398	0	1398
3583	1405	0	1405
3584	1406	0	1406
3585	1422	0	1422
3586	1439	0	1439
3587	1384	0	1384
3588	1373	0	1373
3589	1406	0	1406
3590	1417	0	1417
3591	1386	0	1386
3592	1394	0	1394
3593	1392	0	1392
3594	1411	0	1411
3595	1435	0	1435
3596	1400	0	1400
3597	1407	0	1407
3598	1407	0	1407
3599	1381	0	1381
3600	1355	0	1355
3601	1377	0	1377
3602	1389	0	1389
3603	1407	0	1407
3604	1421	0	1421
3605	1413	0	1413
3606	1354	0	1354
3607	1349	0	1349
3608	1393	0	1393
3609	1374	0	1374
3610	1406	0	1406
3611	1395	0	1395
3612	1387	0	1387
3613	1407	0	1407
3614	1373	0	1373
3615	1355	0	1355
3616	1369	0	1369
3617	1370	0	1370
3618	1370	0	1370
3619	1390	0	1390
3620	1400	0	1400
3621	1391	0	1391
3622	1381	0	1381
3623	1377	0	1377
3624	1383	0	1383
3625	1382	0	1382
3626	1492	0	1492
3627	1456	0	1456
3628	1382	0	1382
3629	1364	0	1364
3630	1398	0	1398
3631	1418	0	1418
3632	1373	0	1373
3633	1371	0	1371
3634	1391	0	1391
3635	1364	0	1364
3636	1363	0	1363
3637	1386	0	1386
3638	1404	0	1404
3639	1433	0	1433
3640	1392	0	1392
3641	1379	0	1379
3642	1365	0	1365
3643	1380	0	1380
3644	1359	0	1359
3645	1364	0	1364
3646	1368	0	1368
3647	1364	0	1364
3648	1377	0	1377
