index	original	background	difference
-----------------------------------------------------
1	2915	2270	645
2	2689	2116	573
3	2541	2044	497
4	2616	2105	511
5	2578	2099	479
6	2763	2188	575
7	2822	2181	641
8	2782	2211	571
9	2711	2187	524
10	2579	2005	574
11	2513	1971	542
12	2634	2099	535
13	2753	2229	524
14	2815	2194	621
15	2671	2039	632
16	2775	2140	635
17	2770	2176	594
18	2709	2107	602
19	2509	1926	583
20	2597	2002	595
21	2803	2159	644
22	2718	2077	641
23	2696	2013	683
24	2731	2131	600
25	2720	2168	552
26	2671	2058	613
27	2495	1903	592
28	2513	1972	541
29	2629	2072	557
30	2703	2063	640
31	2672	1997	675
32	2710	2089	621
33	2702	2100	602
34	2623	2012	611
35	2738	2087	651
36	2829	2155	674
37	2825	2153	672
38	2699	2068	631
39	2518	1954	564
40	2592	2025	567
41	2707	2114	593
42	2607	1998	609
43	2579	1945	634
44	2726	2051	675
45	2858	2199	659
46	2766	2142	624
47	2654	2041	613
48	2658	2047	611
49	2757	2151	606
50	2790	2186	604
51	2767	2143	624
52	2783	2127	656
53	2953	2234	719
54	2751	2052	699
55	2515	1875	640
56	2723	2058	665
57	3021	2280	741
58	2729	2054	675
59	2533	1922	611
60	2748	2063	685
61	2921	2243	678
62	2802	2164	638
63	2635	2021	614
64	2719	2109	610
65	2854	2182	672
66	2793	2090	703
67	2712	1992	720
68	2769	2051	718
69	2714	2063	651
70	2624	1976	648
71	2747	2063	684
72	3072	2306	766
73	2927	2208	719
74	2685	2047	638
75	2546	1906	640
76	2658	2013	645
77	2825	2144	681
78	2801	2082	719
79	2737	2072	665
80	2818	2128	690
81	2904	2190	714
82	2705	2011	694
83	2735	2009	726
84	2837	2097	740
85	2898	2181	717
86	2736	2098	638
87	2658	2044	614
88	2797	2110	687
89	2913	2187	726
90	2841	2098	743
91	3029	2177	852
92	3120	2279	841
93	2849	2130	719
94	2712	2024	688
95	2650	1960	690
96	2821	2140	681
97	3016	2264	752
98	2924	2123	801
99	2763	2050	713
100	2771	2087	684
101	2847	2148	699
102	2896	2098	798
103	2847	2061	786
104	3060	2265	795
105	3091	2350	741
106	2948	2206	742
107	2836	2063	773
108	2876	2158	718
109	3038	2221	817
110	2855	2111	744
111	2934	2180	754
112	2982	2219	763
113	2827	2120	707
114	2859	2096	763
115	2855	2086	769
116	2900	2138	762
117	3036	2219	817
118	2773	2070	703
119	2734	1995	739
120	2799	2083	716
121	2783	2129	654
122	2797	2053	744
123	2728	1936	792
124	2743	2038	705
125	2842	2099	743
126	2792	2078	714
127	2842	2113	729
128	3203	2384	819
129	3114	2322	792
130	2920	2133	787
131	2815	2017	798
132	3073	2189	884
133	3047	2193	854
134	2806	1992	814
135	2777	2010	767
136	3013	2176	837
137	3070	2223	847
138	2897	2091	806
139	2899	2096	803
140	2891	2061	830
141	2927	2109	818
142	3004	2162	842
143	2935	2085	850
144	3019	2154	865
145	2990	2139	851
146	3025	2160	865
147	2924	2084	840
148	2929	2075	854
149	3140	2253	887
150	3082	2220	862
151	2838	2036	802
152	3072	2212	860
153	3165	2287	878
154	3131	2212	919
155	3070	2156	914
156	3136	2290	846
157	3068	2200	868
158	2886	2042	844
159	2861	2020	841
160	3116	2178	938
161	3139	2231	908
162	2940	2099	841
163	2978	2099	879
164	3215	2268	947
165	3169	2255	914
166	3071	2151	920
167	2943	2068	875
168	3040	2150	890
169	3108	2214	894
170	3020	2131	889
171	3027	2107	920
172	3112	2198	914
173	3126	2230	896
174	2910	2057	853
175	2938	2050	888
176	3013	2112	901
177	3030	2157	873
178	2915	2075	840
179	2994	2075	919
180	3235	2265	970
181	3233	2267	966
182	3146	2185	961
183	2898	1994	904
184	2992	2102	890
185	3075	2187	888
186	3016	2071	945
187	2931	1982	949
188	3016	2081	935
189	3113	2226	887
190	3083	2222	861
191	3076	2135	941
192	3247	2245	1002
193	3182	2227	955
194	3007	2107	900
195	2942	2043	899
196	3098	2188	910
197	3127	2218	909
198	3011	2093	918
199	3193	2185	1008
200	3220	2236	984
201	3171	2226	945
202	3138	2182	956
203	3008	2061	947
204	3215	2264	951
205	3252	2271	981
206	3114	2110	1004
207	3017	2013	1004
208	3014	2062	952
209	3168	2238	930
210	3164	2182	982
211	2993	2050	943
212	3283	2293	990
213	3269	2250	1019
214	3122	2096	1026
215	3011	2020	991
216	3215	2237	978
217	3335	2308	1027
218	3086	2053	1033
219	3077	2074	1003
220	3289	2330	959
221	3273	2292	981
222	3145	2151	994
223	3085	2054	1031
224	3137	2148	989
225	3406	2358	1048
226	3174	2141	1033
227	3185	2116	1069
228	3341	2261	1080
229	3379	2321	1058
230	3120	2141	979
231	3000	2045	955
232	3209	2205	1004
233	3524	2417	1107
234	3353	2271	1082
235	3145	2104	1041
236	3159	2137	1022
237	3233	2231	1002
238	3173	2143	1030
239	3145	2079	1066
240	3286	2193	1093
241	3510	2361	1149
242	3375	2238	1137
243	3426	2216	1210
244	3334	2226	1108
245	3208	2205	1003
246	3141	2139	1002
247	3118	2074	1044
248	3333	2233	1100
249	3492	2339	1153
250	3376	2195	1181
251	3138	2024	1114
252	3353	2227	1126
253	3346	2252	1094
254	3326	2209	1117
255	3355	2151	1204
256	3397	2214	1183
257	3323	2219	1104
258	3169	2049	1120
259	3146	2031	1115
260	3291	2137	1154
261	3339	2199	1140
262	3404	2243	1161
263	3247	2116	1131
264	3391	2250	1141
265	3360	2173	1187
266	3289	2120	1169
267	3228	2068	1160
268	3495	2285	1210
269	3543	2313	1230
270	3456	2231	1225
271	3524	2311	1213
272	3486	2253	1233
273	3332	2161	1171
274	3323	2123	1200
275	3427	2153	1274
276	3457	2200	1257
277	3383	2155	1228
278	3308	2098	1210
279	3262	2059	1203
280	3302	2124	1178
281	3331	2166	1165
282	3325	2114	1211
283	3317	2120	1197
284	3450	2281	1169
285	3536	2306	1230
286	3357	2075	1282
287	3264	1993	1271
288	3477	2218	1259
289	3641	2354	1287
290	3628	2285	1343
291	3364	2106	1258
292	3370	2144	1226
293	3475	2245	1230
294	3321	2115	1206
295	3304	2044	1260
296	3426	2161	1265
297	3434	2174	1260
298	3428	2122	1306
299	3383	2064	1319
300	3412	2160	1252
301	3428	2216	1212
302	3306	2076	1230
303	3348	2073	1275
304	3422	2175	1247
305	3435	2206	1229
306	3410	2183	1227
307	3372	2109	1263
308	3465	2141	1324
309	3671	2356	1315
310	3442	2144	1298
311	3288	1992	1296
312	3400	2106	1294
313	3520	2237	1283
314	3637	2280	1357
315	3577	2195	1382
316	3533	2240	1293
317	3467	2184	1283
318	3406	2118	1288
319	3396	2118	1278
320	3508	2189	1319
321	3586	2236	1350
322	3635	2205	1430
323	3462	2113	1349
324	3467	2157	1310
325	3523	2204	1319
326	3441	2084	1357
327	3333	2043	1290
328	3605	2243	1362
329	3686	2318	1368
330	3504	2181	1323
331	3347	2031	1316
332	3587	2238	1349
333	4216	2790	1426
334	3868	2433	1435
335	3645	2197	1448
336	3781	2356	1425
337	3653	2323	1330
338	3466	2147	1319
339	3553	2142	1411
340	3624	2240	1384
341	3693	2279	1414
342	3702	2257	1445
343	3553	2169	1384
344	3562	2154	1408
345	3678	2262	1416
346	3730	2242	1488
347	3476	2060	1416
348	3466	2138	1328
349	3558	2195	1363
350	3582	2161	1421
351	3570	2173	1397
352	3828	2417	1411
353	3703	2332	1371
354	3460	2099	1361
355	3518	2095	1423
356	3693	2210	1483
357	3668	2248	1420
358	3609	2193	1416
359	3465	2052	1413
360	3558	2136	1422
361	3667	2230	1437
362	3651	2241	1410
363	3581	2138	1443
364	3571	2126	1445
365	3574	2155	1419
366	3519	2074	1445
367	3421	1984	1437
368	3645	2229	1416
369	3799	2346	1453
370	3726	2246	1480
371	3547	2164	1383
372	3715	2261	1454
373	3752	2278	1474
374	3584	2154	1430
375	3706	2184	1522
376	3761	2259	1502
377	3745	2302	1443
378	3685	2250	1435
379	3594	2097	1497
380	3733	2273	1460
381	3699	2282	1417
382	3699	2205	1494
383	3586	2076	1510
384	3771	2244	1527
385	3888	2311	1577
386	3682	2190	1492
387	3624	2158	1466
388	3804	2340	1464
389	3845	2421	1424
390	3711	2228	1483
391	3636	2169	1467
392	3787	2281	1506
393	3708	2201	1507
394	3628	2274	1354
395	3550	2171	1379
396	3584	2155	1429
397	3682	2205	1477
398	3675	2158	1517
399	3608	2077	1531
400	3793	2225	1568
401	3792	2282	1510
402	3571	2141	1430
403	3590	2110	1480
404	3966	2337	1629
405	3847	2301	1546
406	3940	2399	1541
407	3743	2211	1532
408	3826	2285	1541
409	3753	2216	1537
410	3620	2073	1547
411	3671	2121	1550
412	3754	2209	1545
413	3730	2246	1484
414	3715	2190	1525
415	3637	2111	1526
416	3776	2255	1521
417	3745	2255	1490
418	3590	2093	1497
419	3435	2011	1424
420	3618	2126	1492
421	3671	2151	1520
422	3567	2083	1484
423	3826	2287	1539
424	3844	2313	1531
425	3792	2305	1487
426	3604	2060	1544
427	3495	1955	1540
428	3694	2199	1495
429	4074	2506	1568
430	3792	2261	1531
431	3620	2116	1504
432	3802	2306	1496
433	3990	2413	1577
434	3746	2174	1572
435	3527	2011	1516
436	3894	2298	1596
437	3841	2382	1459
438	3529	2126	1403
439	3503	2036	1467
440	3815	2277	1538
441	3811	2283	1528
442	3539	2021	1518
443	3659	2041	1618
444	3812	2240	1572
445	3937	2400	1537
446	3782	2214	1568
447	3578	2083	1495
448	3867	2331	1536
449	4010	2441	1569
450	3864	2258	1606
451	3641	2040	1601
452	3726	2208	1518
453	3841	2325	1516
454	3680	2178	1502
455	3528	2077	1451
456	3672	2235	1437
457	3902	2393	1509
458	3717	2170	1547
459	3666	2079	1587
460	3890	2340	1550
461	3925	2392	1533
462	3777	2230	1547
463	3506	1990	1516
464	3709	2155	1554
465	3905	2304	1601
466	3644	2071	1573
467	3550	1980	1570
468	3856	2246	1610
469	4107	2450	1657
470	4020	2344	1676
471	3674	2082	1592
472	3761	2211	1550
473	3956	2408	1548
474	3772	2226	1546
475	3533	1984	1549
476	3721	2156	1565
477	3897	2335	1562
478	3826	2212	1614
479	3578	2002	1576
480	3820	2247	1573
481	3960	2410	1550
482	3944	2347	1597
483	3793	2140	1653
484	3871	2247	1624
485	3867	2300	1567
486	3683	2144	1539
487	3487	1942	1545
488	3826	2208	1618
489	3919	2347	1572
490	3684	2082	1602
491	3556	1955	1601
492	3878	2259	1619
493	3978	2397	1581
494	3712	2161	1551
495	3692	2135	1557
496	3887	2339	1548
497	3940	2313	1627
498	3730	2131	1599
499	3562	1967	1595
500	3799	2202	1597
501	3989	2386	1603
502	3719	2139	1580
503	3636	2037	1599
504	3860	2264	1596
505	3902	2324	1578
506	3858	2251	1607
507	3702	2113	1589
508	4022	2380	1642
509	4153	2516	1637
510	3891	2279	1612
511	3761	2036	1725
512	3947	2281	1666
513	3984	2406	1578
514	3870	2275	1595
515	3919	2237	1682
516	4028	2312	1716
517	3918	2282	1636
518	3752	2160	1592
519	3829	2159	1670
520	4077	2387	1690
521	4003	2383	1620
522	3873	2237	1636
523	3891	2199	1692
524	3929	2307	1622
525	4051	2456	1595
526	3851	2197	1654
527	3624	1973	1651
528	3887	2235	1652
529	3908	2369	1539
530	3749	2143	1606
531	3532	1942	1590
532	3737	2162	1575
533	3860	2313	1547
534	3674	2173	1501
535	4467	2828	1639
536	4380	2717	1663
537	4002	2375	1627
538	3783	2168	1615
539	3682	2028	1654
540	3751	2178	1573
541	3911	2370	1541
542	3786	2162	1624
543	3538	1950	1588
544	3877	2234	1643
545	4036	2429	1607
546	3775	2188	1587
547	3625	2073	1552
548	3917	2312	1605
549	4272	2563	1709
550	3897	2222	1675
551	3582	2000	1582
552	4175	2520	1655
553	4257	2522	1735
554	3981	2302	1679
555	3761	2104	1657
556	3913	2268	1645
557	3958	2289	1669
558	3735	2069	1666
559	3646	2025	1621
560	3824	2214	1610
561	4247	2544	1703
562	3929	2238	1691
563	3626	1980	1646
564	3873	2236	1637
565	4050	2398	1652
566	3833	2184	1649
567	3680	2073	1607
568	3834	2285	1549
569	3923	2371	1552
570	3704	2136	1568
571	3583	1980	1603
572	3875	2241	1634
573	4014	2338	1676
574	3793	2131	1662
575	3608	1973	1635
576	3928	2202	1726
577	4026	2354	1672
578	3869	2198	1671
579	3829	2127	1702
580	4015	2321	1694
581	4097	2396	1701
582	3782	2157	1625
583	3541	1947	1594
584	3751	2172	1579
585	3863	2245	1618
586	3901	2208	1693
587	3686	2082	1604
588	3926	2260	1666
589	4081	2363	1718
590	3894	2189	1705
591	3645	2024	1621
592	3792	2151	1641
593	3881	2296	1585
594	3631	2036	1595
595	3637	1940	1697
596	3826	2161	1665
597	4007	2336	1671
598	3974	2267	1707
599	3771	2058	1713
600	3934	2229	1705
601	4035	2317	1718
602	3881	2196	1685
603	3713	2083	1630
604	3842	2193	1649
605	3894	2260	1634
606	3753	2101	1652
607	3675	1994	1681
608	3966	2273	1693
609	3952	2294	1658
610	3845	2141	1704
611	3777	2079	1698
612	3891	2242	1649
613	4051	2313	1738
614	3964	2229	1735
615	3719	2064	1655
616	3908	2240	1668
617	4042	2361	1681
618	3834	2113	1721
619	3728	2028	1700
620	4128	2443	1685
621	4125	2439	1686
622	3788	2189	1599
623	3762	2065	1697
624	3928	2217	1711
625	3968	2315	1653
626	3897	2175	1722
627	3759	2054	1705
628	3985	2311	1674
629	4062	2363	1699
630	3873	2176	1697
631	3699	2014	1685
632	3969	2250	1719
633	4198	2414	1784
634	4165	2380	1785
635	3905	2148	1757
636	4182	2372	1810
637	4199	2359	1840
638	4012	2174	1838
639	3818	2036	1782
640	3950	2214	1736
641	4060	2264	1796
642	3855	2039	1816
643	3824	2004	1820
644	3983	2186	1797
645	4130	2322	1808
646	4214	2373	1841
647	4082	2205	1877
648	4181	2321	1860
649	4198	2368	1830
650	3866	2042	1824
651	3762	1938	1824
652	4149	2300	1849
653	4222	2407	1815
654	4035	2197	1838
655	3816	2037	1779
656	4005	2181	1824
657	4144	2287	1857
658	4081	2169	1912
659	3845	1977	1868
660	3947	2136	1811
661	4252	2392	1860
662	4077	2214	1863
663	3716	1978	1738
664	3883	2122	1761
665	4045	2256	1789
666	3841	2066	1775
667	3820	2019	1801
668	4086	2229	1857
669	4117	2270	1847
670	3986	2097	1889
671	3886	1977	1909
672	4098	2234	1864
673	4282	2385	1897
674	4169	2258	1911
675	3996	2093	1903
676	4087	2204	1883
677	4153	2270	1883
678	3969	2115	1854
679	3980	2087	1893
680	4188	2237	1951
681	4176	2239	1937
682	4083	2148	1935
683	3959	1994	1965
684	4309	2302	2007
685	4394	2456	1938
686	4150	2169	1981
687	4029	2069	1960
688	4148	2219	1929
689	4258	2317	1941
690	4111	2189	1922
691	4038	2089	1949
692	4191	2251	1940
693	4298	2386	1912
694	4101	2103	1998
695	4075	2007	2068
696	4246	2159	2087
697	4289	2215	2074
698	4189	2130	2059
699	4069	2041	2028
700	4613	2502	2111
701	4516	2479	2037
702	4174	2170	2004
703	4000	2041	1959
704	4370	2369	2001
705	4405	2435	1970
706	4274	2281	1993
707	4064	2064	2000
708	4205	2237	1968
709	4359	2378	1981
710	4127	2112	2015
711	4082	1996	2086
712	4413	2353	2060
713	4522	2488	2034
714	4149	2108	2041
715	4080	2022	2058
716	4397	2301	2096
717	4506	2382	2124
718	4291	2246	2045
719	4144	2076	2068
720	4292	2193	2099
721	4438	2297	2141
722	4403	2288	2115
723	4222	2101	2121
724	4387	2248	2139
725	4561	2430	2131
726	4360	2209	2151
727	4226	2034	2192
728	4417	2197	2220
729	4465	2290	2175
730	4361	2152	2209
731	4218	2002	2216
732	4628	2428	2200
733	4657	2472	2185
734	4471	2216	2255
735	4337	2097	2240
736	4565	2303	2262
737	4636	2366	2270
738	4512	2232	2280
739	4367	2096	2271
740	4705	2402	2303
741	4710	2465	2245
742	4363	2136	2227
743	4227	2003	2224
744	4561	2263	2298
745	4667	2346	2321
746	4491	2237	2254
747	4383	2053	2330
748	4571	2230	2341
749	4663	2330	2333
750	4514	2158	2356
751	4378	2079	2299
752	4518	2301	2217
753	4634	2350	2284
754	4476	2113	2363
755	4224	1929	2295
756	4529	2268	2261
757	4803	2462	2341
758	4666	2261	2405
759	4445	2077	2368
760	4585	2230	2355
761	4756	2365	2391
762	4570	2155	2415
763	4501	2057	2444
764	4729	2251	2478
765	4834	2310	2524
766	4621	2110	2511
767	4540	2012	2528
768	4847	2357	2490
769	4958	2476	2482
770	4685	2157	2528
771	4603	2061	2542
772	4752	2235	2517
773	4928	2364	2564
774	4794	2176	2618
775	4627	2017	2610
776	5278	2673	2605
777	5237	2648	2589
778	4788	2183	2605
779	4677	2088	2589
780	4961	2334	2627
781	5128	2479	2649
782	4977	2263	2714
783	4771	2054	2717
784	4855	2209	2646
785	4873	2264	2609
786	4905	2237	2668
787	4883	2095	2788
788	5043	2268	2775
789	5053	2311	2742
790	4845	2060	2785
791	4729	1961	2768
792	5107	2306	2801
793	5398	2531	2867
794	5100	2215	2885
795	4826	1987	2839
796	5058	2278	2780
797	5117	2364	2753
798	4918	2086	2832
799	5027	2136	2891
800	5194	2349	2845
801	5157	2380	2777
802	4971	2158	2813
803	4828	2017	2811
804	5114	2271	2843
805	5252	2389	2863
806	5042	2143	2899
807	4911	2025	2886
808	5314	2376	2938
809	5448	2443	3005
810	5243	2247	2996
811	5254	2228	3026
812	5383	2383	3000
813	5427	2444	2983
814	5379	2350	3029
815	5214	2158	3056
816	5476	2439	3037
817	5463	2442	3021
818	5267	2182	3085
819	5236	2140	3096
820	5353	2294	3059
821	5457	2343	3114
822	5556	2424	3132
823	5425	2264	3161
824	5396	2291	3105
825	5460	2317	3143
826	5309	2179	3130
827	5285	2162	3123
828	5507	2371	3136
829	5638	2492	3146
830	5323	2187	3136
831	5252	2055	3197
832	5472	2231	3241
833	5539	2336	3203
834	5397	2182	3215
835	5308	2062	3246
836	5654	2396	3258
837	5760	2479	3281
838	5462	2170	3292
839	5318	2047	3271
840	5614	2303	3311
841	5707	2346	3361
842	5474	2140	3334
843	5282	1993	3289
844	5597	2269	3328
845	5939	2529	3410
846	5685	2288	3397
847	5513	2114	3399
848	5757	2279	3478
849	5815	2333	3482
850	5671	2247	3424
851	5679	2189	3490
852	5809	2294	3515
853	5916	2402	3514
854	5739	2237	3502
855	5580	2063	3517
856	5780	2313	3467
857	5910	2366	3544
858	5841	2193	3648
859	5658	2015	3643
860	5788	2241	3547
861	5900	2361	3539
862	5765	2174	3591
863	5598	2015	3583
864	5769	2192	3577
865	5963	2400	3563
866	5861	2254	3607
867	5704	2048	3656
868	5891	2213	3678
869	6181	2423	3758
870	5967	2277	3690
871	5746	2055	3691
872	5914	2203	3711
873	6024	2304	3720
874	5907	2158	3749
875	5830	2098	3732
876	6072	2276	3796
877	6188	2378	3810
878	6007	2197	3810
879	5851	2065	3786
880	6081	2272	3809
881	6130	2375	3755
882	6048	2259	3789
883	5850	2057	3793
884	6078	2274	3804
885	6229	2417	3812
886	5986	2185	3801
887	5929	2050	3879
888	6128	2152	3976
889	6242	2246	3996
890	6390	2316	4074
891	6199	2163	4036
892	6327	2285	4042
893	6488	2383	4105
894	6352	2217	4135
895	6245	2105	4140
896	6462	2267	4195
897	6529	2295	4234
898	6499	2244	4255
899	6287	2086	4201
900	6417	2261	4156
901	6463	2308	4155
902	6334	2185	4149
903	6368	2126	4242
904	6674	2394	4280
905	6625	2359	4266
906	6405	2196	4209
907	6203	2045	4158
908	6540	2319	4221
909	6763	2477	4286
910	6497	2189	4308
911	6316	1983	4333
912	6474	2174	4300
913	6637	2309	4328
914	6519	2166	4353
915	6330	2006	4324
916	6585	2232	4353
917	6812	2399	4413
918	6561	2176	4385
919	6443	2078	4365
920	6620	2253	4367
921	6761	2339	4422
922	6500	2146	4354
923	6412	1959	4453
924	6606	2106	4500
925	6819	2306	4513
926	6632	2138	4494
927	6424	2014	4410
928	6658	2251	4407
929	6982	2423	4559
930	6833	2203	4630
931	6647	2053	4594
932	6809	2252	4557
933	7061	2448	4613
934	6762	2220	4542
935	6557	1982	4575
936	6726	2177	4549
937	6835	2313	4522
938	6710	2104	4606
939	7097	2395	4702
940	7149	2479	4670
941	7403	2596	4807
942	6978	2206	4772
943	6629	1908	4721
944	6888	2213	4675
945	7112	2408	4704
946	6805	2194	4611
947	6792	2101	4691
948	6914	2264	4650
949	7065	2379	4686
950	7089	2338	4751
951	6867	2207	4660
952	6906	2303	4603
953	7022	2359	4663
954	6947	2210	4737
955	6958	2140	4818
956	7070	2335	4735
957	7433	2619	4814
958	7042	2238	4804
959	6801	2082	4719
960	7095	2326	4769
961	7252	2406	4846
962	7142	2281	4861
963	7204	2307	4897
964	7474	2615	4859
965	7275	2444	4831
966	6914	2087	4827
967	6879	2036	4843
968	7267	2373	4894
969	7277	2373	4904
970	7043	2167	4876
971	6963	2085	4878
972	7057	2162	4895
973	7197	2327	4870
974	7185	2229	4956
975	7078	2064	5014
976	7219	2278	4941
977	7222	2298	4924
978	7000	2115	4885
979	7037	2122	4915
980	7231	2330	4901
981	7278	2385	4893
982	7079	2166	4913
983	7060	2082	4978
984	7382	2324	5058
985	7415	2351	5064
986	7312	2240	5072
987	7223	2102	5121
988	7333	2282	5051
989	7300	2368	4932
990	7083	2125	4958
991	6982	2029	4953
992	7350	2332	5018
993	7508	2435	5073
994	7187	2174	5013
995	6926	2026	4900
996	7169	2292	4877
997	7386	2364	5022
998	7185	2148	5037
999	7129	2148	4981
1000	7345	2266	5079
1001	7437	2289	5148
1002	7262	2129	5133
1003	7091	2008	5083
1004	7386	2309	5077
1005	7474	2390	5084
1006	7194	2123	5071
1007	7014	2027	4987
1008	7224	2274	4950
1009	7353	2405	4948
1010	7492	2462	5030
1011	7294	2244	5050
1012	7211	2226	4985
1013	7590	2543	5047
1014	7254	2250	5004
1015	7050	2041	5009
1016	7272	2255	5017
1017	7388	2340	5048
1018	7266	2206	5060
1019	7158	2031	5127
1020	7421	2273	5148
1021	7538	2397	5141
1022	7584	2303	5281
1023	7493	2200	5293
1024	7506	2305	5201
1025	7486	2331	5155
1026	7257	2126	5131
1027	7128	2052	5076
1028	7556	2383	5173
1029	7600	2395	5205
1030	7542	2251	5291
1031	7366	2148	5218
1032	7474	2265	5209
1033	7483	2331	5152
1034	7453	2236	5217
1035	7350	2107	5243
1036	7481	2216	5265
1037	7725	2421	5304
1038	7637	2357	5280
1039	7505	2218	5287
1040	7466	2339	5127
1041	7635	2440	5195
1042	7459	2241	5218
1043	7138	2065	5073
1044	7239	2094	5145
1045	7632	2420	5212
1046	7459	2280	5179
1047	7238	2060	5178
1048	7505	2320	5185
1049	7658	2457	5201
1050	7404	2253	5151
1051	7283	2133	5150
1052	7608	2474	5134
1053	7666	2467	5199
1054	8028	2739	5289
1055	7566	2347	5219
1056	7414	2236	5178
1057	7587	2416	5171
1058	7335	2248	5087
1059	7134	2045	5089
1060	7444	2287	5157
1061	7457	2397	5060
1062	7133	2158	4975
1063	7101	2132	4969
1064	7211	2267	4944
1065	7262	2370	4892
1066	7145	2211	4934
1067	7010	2044	4966
1068	7360	2345	5015
1069	7446	2386	5060
1070	7379	2248	5131
1071	7250	2140	5110
1072	7398	2192	5206
1073	7712	2384	5328
1074	7616	2263	5353
1075	7351	2022	5329
1076	7630	2334	5296
1077	7696	2415	5281
1078	7451	2186	5265
1079	7428	2158	5270
1080	7649	2417	5232
1081	7598	2383	5215
1082	7571	2225	5346
1083	7406	2064	5342
1084	7527	2238	5289
1085	7555	2251	5304
1086	7447	2166	5281
1087	7272	2074	5198
1088	7549	2271	5278
1089	7639	2372	5267
1090	7421	2176	5245
1091	7468	2166	5302
1092	7741	2376	5365
1093	7766	2412	5354
1094	7533	2178	5355
1095	7333	2024	5309
1096	7409	2213	5196
1097	7605	2393	5212
1098	7411	2238	5173
1099	7110	2034	5076
1100	7184	2121	5063
1101	7495	2381	5114
1102	7394	2219	5175
1103	7249	2093	5156
1104	7458	2275	5183
1105	7535	2306	5229
1106	7349	2126	5223
1107	7373	2045	5328
1108	7525	2218	5307
1109	7593	2274	5319
1110	7463	2117	5346
1111	7641	2210	5431
1112	7702	2375	5327
1113	7795	2419	5376
1114	7573	2188	5385
1115	7267	2008	5259
1116	7286	2148	5138
1117	7548	2279	5269
1118	7599	2255	5344
1119	7384	2114	5270
1120	7561	2211	5350
1121	7698	2272	5426
1122	7773	2241	5532
1123	7677	2161	5516
1124	7956	2421	5535
1125	8007	2422	5585
1126	7582	2134	5448
1127	7482	2017	5465
1128	7686	2213	5473
1129	7759	2265	5494
1130	7559	2083	5476
1131	7532	2030	5502
1132	7790	2202	5588
1133	7967	2350	5617
1134	7584	2147	5437
1135	7469	2014	5455
1136	7920	2348	5572
1137	7951	2436	5515
1138	7763	2194	5569
1139	7680	2072	5608
1140	7783	2286	5497
1141	7883	2313	5570
1142	7798	2208	5590
1143	7932	2236	5696
1144	8069	2341	5728
1145	7939	2322	5617
1146	7855	2219	5636
1147	7710	2066	5644
1148	7867	2198	5669
1149	7975	2295	5680
1150	7811	2112	5699
1151	8034	2229	5805
1152	8053	2258	5795
1153	8142	2297	5845
1154	7965	2198	5767
1155	7854	2114	5740
1156	8048	2273	5775
1157	8385	2557	5828
1158	8082	2252	5830
1159	7821	2035	5786
1160	8180	2354	5826
1161	8246	2420	5826
1162	8014	2175	5839
1163	7907	2094	5813
1164	8013	2237	5776
1165	8149	2392	5757
1166	8163	2229	5934
1167	8136	2091	6045
1168	8429	2368	6061
1169	8356	2397	5959
1170	8064	2122	5942
1171	8346	2291	6055
1172	8598	2526	6072
1173	8445	2493	5952
1174	8249	2218	6031
1175	8080	2044	6036
1176	8206	2264	5942
1177	8384	2330	6054
1178	8214	2166	6048
1179	8041	1969	6072
1180	8282	2129	6153
1181	8461	2350	6111
1182	8413	2175	6238
1183	8304	2031	6273
1184	8378	2261	6117
1185	8439	2301	6138
1186	8322	2165	6157
1187	8138	2025	6113
1188	8291	2117	6174
1189	8549	2300	6249
1190	8448	2216	6232
1191	8264	2052	6212
1192	8575	2265	6310
1193	8670	2345	6325
1194	8391	2102	6289
1195	8293	1992	6301
1196	8490	2174	6316
1197	8733	2347	6386
1198	8570	2164	6406
1199	8460	2134	6326
1200	8799	2452	6347
1201	8932	2518	6414
1202	8620	2153	6467
1203	8478	2086	6392
1204	8746	2336	6410
1205	9159	2526	6633
1206	8849	2241	6608
1207	8530	2053	6477
1208	8659	2160	6499
1209	8749	2290	6459
1210	8694	2208	6486
1211	8613	2122	6491
1212	8731	2253	6478
1213	8904	2360	6544
1214	8773	2188	6585
1215	8576	2069	6507
1216	8773	2219	6554
1217	8983	2355	6628
1218	8738	2218	6520
1219	8660	2091	6569
1220	8950	2283	6667
1221	9065	2369	6696
1222	8875	2212	6663
1223	8747	2069	6678
1224	8993	2226	6767
1225	8977	2297	6680
1226	8830	2102	6728
1227	8674	1948	6726
1228	9156	2346	6810
1229	9273	2439	6834
1230	9043	2197	6846
1231	8905	2083	6822
1232	9065	2292	6773
1233	9083	2317	6766
1234	9000	2155	6845
1235	8908	2086	6822
1236	9268	2326	6942
1237	9499	2387	7112
1238	9262	2157	7105
1239	8962	1943	7019
1240	9298	2227	7071
1241	9560	2458	7102
1242	9202	2173	7029
1243	9091	2019	7072
1244	9367	2252	7115
1245	9583	2406	7177
1246	9409	2162	7247
1247	9420	2099	7321
1248	9595	2310	7285
1249	9678	2346	7332
1250	9467	2137	7330
1251	9423	2105	7318
1252	9530	2246	7284
1253	9475	2259	7216
1254	9462	2157	7305
1255	9515	2107	7408
1256	9723	2345	7378
1257	9749	2346	7403
1258	9527	2107	7420
1259	9345	2002	7343
1260	9574	2209	7365
1261	9706	2279	7427
1262	9912	2356	7556
1263	9611	2140	7471
1264	9744	2270	7474
1265	9871	2306	7565
1266	9751	2172	7579
1267	9678	2077	7601
1268	9826	2265	7561
1269	9910	2360	7550
1270	9777	2090	7687
1271	9700	2018	7682
1272	10574	2800	7774
1273	10396	2613	7783
1274	9958	2199	7759
1275	9745	2020	7725
1276	9896	2170	7726
1277	10116	2318	7798
1278	9916	2147	7769
1279	9874	2074	7800
1280	10202	2336	7866
1281	10315	2322	7993
1282	10316	2231	8085
1283	10122	2074	8048
1284	10263	2231	8032
1285	10360	2338	8022
1286	10167	2148	8019
1287	10101	2081	8020
1288	10354	2294	8060
1289	10527	2413	8114
1290	10352	2223	8129
1291	10265	2090	8175
1292	10628	2336	8292
1293	10488	2376	8112
1294	10187	2080	8107
1295	10215	1955	8260
1296	10961	2609	8352
1297	10992	2672	8320
1298	10574	2230	8344
1299	10518	2150	8368
1300	10539	2297	8242
1301	10758	2380	8378
1302	10713	2168	8545
1303	10560	2037	8523
1304	10775	2322	8453
1305	10954	2461	8493
1306	10773	2209	8564
1307	10738	2127	8611
1308	10971	2318	8653
1309	11140	2473	8667
1310	10864	2231	8633
1311	10867	2073	8794
1312	11186	2328	8858
1313	11178	2314	8864
1314	11073	2227	8846
1315	11040	2166	8874
1316	11293	2337	8956
1317	11319	2354	8965
1318	11125	2142	8983
1319	10973	2012	8961
1320	11282	2251	9031
1321	11633	2486	9147
1322	11226	2199	9027
1323	10974	1991	8983
1324	11342	2188	9154
1325	11400	2234	9166
1326	11275	2101	9174
1327	11275	1996	9279
1328	11452	2259	9193
1329	11604	2421	9183
1330	11456	2224	9232
1331	11136	2001	9135
1332	11311	2165	9146
1333	11563	2371	9192
1334	11431	2163	9268
1335	11371	2014	9357
1336	11659	2263	9396
1337	11748	2353	9395
1338	11556	2162	9394
1339	11452	2013	9439
1340	11754	2250	9504
1341	11901	2383	9518
1342	11582	2153	9429
1343	11480	2021	9459
1344	11790	2208	9582
1345	11953	2338	9615
1346	11973	2301	9672
1347	11684	2147	9537
1348	11746	2204	9542
1349	11925	2270	9655
1350	11705	2116	9589
1351	11596	1973	9623
1352	12143	2397	9746
1353	12097	2408	9689
1354	11802	2075	9727
1355	11797	2037	9760
1356	12006	2233	9773
1357	12050	2295	9755
1358	11983	2268	9715
1359	11966	2216	9750
1360	12166	2270	9896
1361	12282	2333	9949
1362	12106	2169	9937
1363	12005	2027	9978
1364	12255	2304	9951
1365	12347	2417	9930
1366	12177	2244	9933
1367	12030	2075	9955
1368	12319	2308	10011
1369	12479	2392	10087
1370	12263	2208	10055
1371	12012	2066	9946
1372	12283	2287	9996
1373	12448	2466	9982
1374	12284	2257	10027
1375	12111	2075	10036
1376	12269	2257	10012
1377	12275	2282	9993
1378	12172	2197	9975
1379	12137	2113	10024
1380	12248	2228	10020
1381	12229	2299	9930
1382	12115	2154	9961
1383	12016	2024	9992
1384	12270	2215	10055
1385	12478	2341	10137
1386	12294	2127	10167
1387	12065	2015	10050
1388	12565	2460	10105
1389	12602	2541	10061
1390	12253	2249	10004
1391	12150	2153	9997
1392	12345	2308	10037
1393	12331	2376	9955
1394	12022	2120	9902
1395	11932	1952	9980
1396	12213	2215	9998
1397	12384	2396	9988
1398	12244	2165	10079
1399	12312	2139	10173
1400	12370	2307	10063
1401	12382	2360	10022
1402	12196	2148	10048
1403	12260	2110	10150
1404	12471	2250	10221
1405	12617	2318	10299
1406	12337	2107	10230
1407	12211	2024	10187
1408	12315	2128	10187
1409	12528	2305	10223
1410	12342	2198	10144
1411	12205	2039	10166
1412	12476	2176	10300
1413	12565	2341	10224
1414	12385	2225	10160
1415	12289	2150	10139
1416	12593	2295	10298
1417	12622	2349	10273
1418	12563	2293	10270
1419	12440	2164	10276
1420	12530	2233	10297
1421	12634	2367	10267
1422	12364	2148	10216
1423	12280	2065	10215
1424	12505	2403	10102
1425	12718	2454	10264
1426	12388	2129	10259
1427	12172	1983	10189
1428	12604	2319	10285
1429	12581	2344	10237
1430	12321	2108	10213
1431	12296	2034	10262
1432	12393	2249	10144
1433	12510	2392	10118
1434	12339	2180	10159
1435	12233	2084	10149
1436	12518	2443	10075
1437	12582	2512	10070
1438	12244	2223	10021
1439	12160	2140	10020
1440	12478	2446	10032
1441	12432	2397	10035
1442	12020	2109	9911
1443	11817	2021	9796
1444	12246	2329	9917
1445	12205	2358	9847
1446	11821	2080	9741
1447	11640	1978	9662
1448	11980	2217	9763
1449	12034	2286	9748
1450	11981	2206	9775
1451	11830	2063	9767
1452	11884	2201	9683
1453	11791	2214	9577
1454	11530	2004	9526
1455	11499	1985	9514
1456	11661	2296	9365
1457	11552	2331	9221
1458	11362	2121	9241
1459	11175	1959	9216
1460	11488	2261	9227
1461	11535	2397	9138
1462	11129	2118	9011
1463	11110	2110	9000
1464	11190	2232	8958
1465	11145	2280	8865
1466	11264	2298	8966
1467	10960	2135	8825
1468	11138	2327	8811
1469	11279	2436	8843
1470	10982	2195	8787
1471	10763	2025	8738
1472	10988	2253	8735
1473	10950	2302	8648
1474	10758	2161	8597
1475	10700	2042	8658
1476	10836	2298	8538
1477	10912	2417	8495
1478	10591	2154	8437
1479	10392	2062	8330
1480	10494	2214	8280
1481	10485	2285	8200
1482	10466	2200	8266
1483	10427	2154	8273
1484	10583	2336	8247
1485	10730	2445	8285
1486	10535	2338	8197
1487	10147	2159	7988
1488	10208	2245	7963
1489	10302	2284	8018
1490	10026	2101	7925
1491	10130	2242	7888
1492	10178	2353	7825
1493	9926	2291	7635
1494	9660	2064	7596
1495	9596	2018	7578
1496	9895	2318	7577
1497	9857	2305	7552
1498	9539	2103	7436
1499	9344	1994	7350
1500	9586	2222	7364
1501	9714	2355	7359
1502	9434	2151	7283
1503	9192	2062	7130
1504	9262	2304	6958
1505	9451	2456	6995
1506	9101	2200	6901
1507	8903	2012	6891
1508	8969	2105	6864
1509	9195	2439	6756
1510	8817	2179	6638
1511	8512	1972	6540
1512	8754	2251	6503
1513	8803	2405	6398
1514	8671	2301	6370
1515	8348	2114	6234
1516	8402	2322	6080
1517	8522	2394	6128
1518	8425	2252	6173
1519	8054	2053	6001
1520	8192	2274	5918
1521	8453	2465	5988
1522	8195	2315	5880
1523	7721	2068	5653
1524	7728	2134	5594
1525	7890	2270	5620
1526	7799	2206	5593
1527	7615	2044	5571
1528	7595	2166	5429
1529	7556	2247	5309
1530	7440	2107	5333
1531	7398	2136	5262
1532	7470	2296	5174
1533	7334	2306	5028
1534	7206	2175	5031
1535	7173	2154	5019
1536	7203	2210	4993
1537	7206	2299	4907
1538	7176	2300	4876
1539	6989	2184	4805
1540	7143	2368	4775
1541	7067	2379	4688
1542	6961	2361	4600
1543	6948	2322	4626
1544	6841	2292	4549
1545	6716	2247	4469
1546	6447	2061	4386
1547	6415	2033	4382
1548	6543	2243	4300
1549	6549	2313	4236
1550	6382	2150	4232
1551	6051	1977	4074
1552	6327	2319	4008
1553	6452	2463	3989
1554	6090	2154	3936
1555	5900	2036	3864
1556	6061	2200	3861
1557	6243	2400	3843
1558	5865	2116	3749
1559	5723	2015	3708
1560	5833	2189	3644
1561	6042	2367	3675
1562	5821	2203	3618
1563	5736	2081	3655
1564	5840	2246	3594
1565	5800	2315	3485
1566	5567	2139	3428
1567	5344	2042	3302
1568	5945	2508	3437
1569	5970	2518	3452
1570	5502	2146	3356
1571	5324	2057	3267
1572	6341	3058	3283
1573	6013	2799	3214
1574	5243	2133	3110
1575	5123	2062	3061
1576	5598	2509	3089
1577	5416	2439	2977
1578	5122	2207	2915
1579	5221	2216	3005
1580	5231	2302	2929
1581	5237	2346	2891
1582	5033	2127	2906
1583	4883	2033	2850
1584	4930	2122	2808
1585	5017	2239	2778
1586	4931	2171	2760
1587	4781	2067	2714
1588	4882	2220	2662
1589	5016	2381	2635
1590	4743	2170	2573
1591	4546	1989	2557
1592	4803	2234	2569
1593	4866	2261	2605
1594	4683	2120	2563
1595	4720	2194	2526
1596	5250	2696	2554
1597	5031	2516	2515
1598	4622	2152	2470
1599	4512	2026	2486
1600	4663	2244	2419
1601	4623	2249	2374
1602	4535	2207	2328
1603	4534	2145	2389
1604	4690	2260	2430
1605	4656	2272	2384
1606	4493	2125	2368
1607	4450	2095	2355
1608	4614	2274	2340
1609	4577	2256	2321
1610	4381	2083	2298
1611	4294	2013	2281
1612	4551	2271	2280
1613	4560	2307	2253
1614	4522	2220	2302
1615	4296	2033	2263
1616	4492	2270	2222
1617	4644	2351	2293
1618	4591	2306	2285
1619	4446	2183	2263
1620	4639	2339	2300
1621	4686	2390	2296
1622	4310	2134	2176
1623	4185	2042	2143
1624	4621	2442	2179
1625	4586	2469	2117
1626	4296	2191	2105
1627	4111	2054	2057
1628	4602	2492	2110
1629	4735	2581	2154
1630	4348	2218	2130
1631	4076	1995	2081
1632	4416	2306	2110
1633	4506	2322	2184
1634	4396	2166	2230
1635	4177	2055	2122
1636	4334	2212	2122
1637	4371	2242	2129
1638	4162	2081	2081
1639	4163	2059	2104
1640	4586	2437	2149
1641	4611	2474	2137
1642	4361	2254	2107
1643	4106	2024	2082
1644	4206	2165	2041
1645	4255	2255	2000
1646	4188	2163	2025
1647	4060	2027	2033
1648	4258	2276	1982
1649	4316	2355	1961
1650	4142	2121	2021
1651	4085	2017	2068
1652	4378	2259	2119
1653	4401	2327	2074
1654	4076	2061	2015
1655	4026	2007	2019
1656	4189	2175	2014
1657	4203	2188	2015
1658	4150	2117	2033
1659	4078	2056	2022
1660	4373	2347	2026
1661	4659	2551	2108
1662	4331	2251	2080
1663	4105	2063	2042
1664	4340	2282	2058
1665	4427	2343	2084
1666	4263	2205	2058
1667	4275	2147	2128
1668	4362	2264	2098
1669	4346	2311	2035
1670	4291	2189	2102
1671	4315	2143	2172
1672	4411	2273	2138
1673	4400	2308	2092
1674	4187	2139	2048
1675	4044	1986	2058
1676	4339	2191	2148
1677	4491	2302	2189
1678	4388	2173	2215
1679	4198	2052	2146
1680	4525	2358	2167
1681	4680	2458	2222
1682	4338	2202	2136
1683	4165	2014	2151
1684	4540	2324	2216
1685	4592	2361	2231
1686	4213	2076	2137
1687	4316	2102	2214
1688	4508	2248	2260
1689	4442	2261	2181
1690	4386	2155	2231
1691	4357	2074	2283
1692	4557	2336	2221
1693	4523	2333	2190
1694	4328	2066	2262
1695	4307	2042	2265
1696	4524	2237	2287
1697	4612	2314	2298
1698	4467	2162	2305
1699	4435	2089	2346
1700	4774	2376	2398
1701	4856	2466	2390
1702	4530	2141	2389
1703	4380	2063	2317
1704	4558	2210	2348
1705	4621	2312	2309
1706	4488	2129	2359
1707	4449	2072	2377
1708	4777	2344	2433
1709	5053	2505	2548
1710	4887	2361	2526
1711	4612	2130	2482
1712	4784	2292	2492
1713	4961	2412	2549
1714	4743	2185	2558
1715	4509	1974	2535
1716	4799	2193	2606
1717	4890	2306	2584
1718	4734	2158	2576
1719	4715	2093	2622
1720	4927	2338	2589
1721	4941	2343	2598
1722	4822	2160	2662
1723	4707	2043	2664
1724	4952	2302	2650
1725	5039	2405	2634
1726	4859	2173	2686
1727	4768	2048	2720
1728	4810	2082	2728
1729	5023	2320	2703
1730	4887	2142	2745
1731	4855	2064	2791
1732	5043	2251	2792
1733	5083	2257	2826
1734	4910	2084	2826
1735	4755	1949	2806
1736	4962	2124	2838
1737	5246	2349	2897
1738	5176	2275	2901
1739	4964	2099	2865
1740	5150	2237	2913
1741	5279	2307	2972
1742	5206	2191	3015
1743	5030	2101	2929
1744	5130	2223	2907
1745	5233	2265	2968
1746	5106	2116	2990
1747	5188	2092	3096
1748	5307	2240	3067
1749	5328	2309	3019
1750	5152	2116	3036
1751	4994	1960	3034
1752	5270	2179	3091
1753	5524	2349	3175
1754	5339	2187	3152
1755	5147	2007	3140
1756	5390	2250	3140
1757	5533	2339	3194
1758	5288	2144	3144
1759	5141	1993	3148
1760	5336	2183	3153
1761	5449	2227	3222
1762	5407	2138	3269
1763	5340	2017	3323
1764	5616	2287	3329
1765	5684	2379	3305
1766	5405	2114	3291
1767	5353	2032	3321
1768	5544	2155	3389
1769	5620	2246	3374
1770	5532	2155	3377
1771	5643	2132	3511
1772	5845	2307	3538
1773	5919	2430	3489
1774	5817	2337	3480
1775	5577	2098	3479
1776	5759	2229	3530
1777	5892	2289	3603
1778	5608	2060	3548
1779	5440	1953	3487
1780	5639	2130	3509
1781	5766	2246	3520
1782	5865	2244	3621
1783	5666	2097	3569
1784	5701	2126	3575
1785	6014	2362	3652
1786	5916	2249	3667
1787	5658	1998	3660
1788	5968	2225	3743
1789	6117	2359	3758
1790	5997	2239	3758
1791	5833	2057	3776
1792	5959	2142	3817
1793	6188	2371	3817
1794	5916	2126	3790
1795	5713	1983	3730
1796	6075	2252	3823
1797	6253	2338	3915
1798	6178	2241	3937
1799	6076	2159	3917
1800	6183	2333	3850
1801	6164	2324	3840
1802	5900	2066	3834
1803	5891	2004	3887
1804	6076	2185	3891
1805	6500	2514	3986
1806	6219	2213	4006
1807	5939	1967	3972
1808	6199	2214	3985
1809	6188	2188	4000
1810	6157	2083	4074
1811	6093	2017	4076
1812	6212	2118	4094
1813	6558	2394	4164
1814	6449	2299	4150
1815	6223	2067	4156
1816	6558	2351	4207
1817	6616	2450	4166
1818	6338	2248	4090
1819	6123	2030	4093
1820	6250	2136	4114
1821	6364	2241	4123
1822	6356	2161	4195
1823	6120	1999	4121
1824	6452	2215	4237
1825	6555	2336	4219
1826	6309	2106	4203
1827	6351	2105	4246
1828	6819	2520	4299
1829	6670	2415	4255
1830	6481	2194	4287
1831	6209	2031	4178
1832	6499	2285	4214
1833	6615	2342	4273
1834	6322	2104	4218
1835	6207	1971	4236
1836	6347	2166	4181
1837	6521	2306	4215
1838	6588	2292	4296
1839	6370	2106	4264
1840	6447	2180	4267
1841	6513	2233	4280
1842	6354	2075	4279
1843	6254	1997	4257
1844	6437	2168	4269
1845	6648	2315	4333
1846	6391	2072	4319
1847	6327	1994	4333
1848	6541	2159	4382
1849	6567	2239	4328
1850	6394	2124	4270
1851	6365	2017	4348
1852	6488	2133	4355
1853	6543	2247	4296
1854	6512	2161	4351
1855	6317	2009	4308
1856	6548	2234	4314
1857	6669	2360	4309
1858	6412	2160	4252
1859	6335	2014	4321
1860	6471	2169	4302
1861	6603	2300	4303
1862	6342	2119	4223
1863	6186	1957	4229
1864	6468	2235	4233
1865	6819	2521	4298
1866	6419	2160	4259
1867	6122	1921	4201
1868	6397	2210	4187
1869	6555	2370	4185
1870	6264	2051	4213
1871	6183	1934	4249
1872	6597	2306	4291
1873	6554	2293	4261
1874	6217	1940	4277
1875	6071	1820	4251
1876	6574	2341	4233
1877	6601	2409	4192
1878	6264	2036	4228
1879	6065	1889	4176
1880	6580	2314	4266
1881	6626	2423	4203
1882	6174	2063	4111
1883	6090	1917	4173
1884	6393	2234	4159
1885	6417	2308	4109
1886	6074	1990	4084
1887	6002	1856	4146
1888	6429	2292	4137
1889	6583	2438	4145
1890	6421	2153	4268
1891	6209	1949	4260
1892	6399	2254	4145
1893	6442	2284	4158
1894	6251	2041	4210
1895	6094	1898	4196
1896	6413	2217	4196
1897	6572	2354	4218
1898	6270	2105	4165
1899	6008	1922	4086
1900	6267	2168	4099
1901	6444	2272	4172
1902	6259	2062	4197
1903	6132	1883	4249
1904	6269	2078	4191
1905	6373	2216	4157
1906	6166	2002	4164
1907	6117	1924	4193
1908	6370	2209	4161
1909	6522	2355	4167
1910	6224	2070	4154
1911	6117	1910	4207
1912	6392	2144	4248
1913	6537	2329	4208
1914	6473	2219	4254
1915	6450	2177	4273
1916	6522	2364	4158
1917	6512	2383	4129
1918	6249	2140	4109
1919	6047	1946	4101
1920	6343	2230	4113
1921	6493	2346	4147
1922	6163	2022	4141
1923	6149	1962	4187
1924	6416	2286	4130
1925	6375	2267	4108
1926	6066	1998	4068
1927	6073	1989	4084
1928	6461	2267	4194
1929	6608	2443	4165
1930	6213	2060	4153
1931	5983	1881	4102
1932	6233	2208	4025
1933	6238	2278	3960
1934	5956	2023	3933
1935	5950	1941	4009
1936	6146	2163	3983
1937	6506	2470	4036
1938	6237	2185	4052
1939	5856	1865	3991
1940	6152	2144	4008
1941	6258	2326	3932
1942	6073	2121	3952
1943	5937	1897	4040
1944	6158	2131	4027
1945	6265	2303	3962
1946	6038	2059	3979
1947	5831	1905	3926
1948	6111	2223	3888
1949	6244	2332	3912
1950	6028	2076	3952
1951	5863	1941	3922
1952	6267	2238	4029
1953	6356	2319	4037
1954	6149	2132	4017
1955	5859	1926	3933
1956	6083	2125	3958
1957	6195	2281	3914
1958	5928	2030	3898
1959	5983	2026	3957
1960	6252	2272	3980
1961	6252	2278	3974
1962	5999	2014	3985
1963	5880	1875	4005
1964	6083	2089	3994
1965	6244	2305	3939
1966	6006	2100	3906
1967	5889	1978	3911
1968	6156	2269	3887
1969	6282	2363	3919
1970	6058	2064	3994
1971	5755	1856	3899
1972	5892	2005	3887
1973	6228	2309	3919
1974	5937	2056	3881
1975	5683	1861	3822
1976	5934	2069	3865
1977	6391	2330	4061
1978	6260	2213	4047
1979	5974	2045	3929
1980	6232	2303	3929
1981	6306	2376	3930
1982	6034	2127	3907
1983	5881	1952	3929
1984	6075	2213	3862
1985	6482	2500	3982
1986	6145	2212	3933
1987	5675	1866	3809
1988	5969	2095	3874
1989	6367	2406	3961
1990	6054	2098	3956
1991	5886	1955	3931
1992	6159	2269	3890
1993	6311	2412	3899
1994	5908	2043	3865
1995	5767	1881	3886
1996	6017	2150	3867
1997	6155	2279	3876
1998	5864	1977	3887
1999	5787	1911	3876
2000	6107	2193	3914
2001	6167	2283	3884
2002	5803	1962	3841
2003	5831	1961	3870
2004	6201	2300	3901
2005	6301	2404	3897
2006	5912	2103	3809
2007	5713	1933	3780
2008	6121	2336	3785
2009	6161	2403	3758
2010	6224	2368	3856
2011	6095	2161	3934
2012	6145	2238	3907
2013	6381	2391	3990
2014	6082	2108	3974
2015	5797	1880	3917
2016	6051	2193	3858
2017	6171	2320	3851
2018	5858	2032	3826
2019	5636	1874	3762
2020	6054	2167	3887
2021	6338	2362	3976
2022	5926	2027	3899
2023	5821	1923	3898
2024	6140	2276	3864
2025	6247	2321	3926
2026	6059	2122	3937
2027	5938	2044	3894
2028	6060	2211	3849
2029	6133	2242	3891
2030	5928	2010	3918
2031	5818	1919	3899
2032	6203	2244	3959
2033	6340	2336	4004
2034	6269	2292	3977
2035	5948	2033	3915
2036	6133	2184	3949
2037	6435	2442	3993
2038	6076	2103	3973
2039	5870	1936	3934
2040	6046	2190	3856
2041	6185	2283	3902
2042	6028	2079	3949
2043	5777	1904	3873
2044	6038	2227	3811
2045	6460	2491	3969
2046	6104	2148	3956
2047	5735	1878	3857
2048	6106	2172	3934
2049	6303	2325	3978
2050	5928	2010	3918
2051	5868	1887	3981
2052	6337	2273	4064
2053	6467	2439	4028
2054	5981	2099	3882
2055	5851	1948	3903
2056	6234	2271	3963
2057	6153	2255	3898
2058	5959	1942	4017
2059	5879	1876	4003
2060	6115	2168	3947
2061	6315	2345	3970
2062	6056	2074	3982
2063	6214	2072	4142
2064	6425	2349	4076
2065	6366	2313	4053
2066	6033	1982	4051
2067	5923	1870	4053
2068	6356	2300	4056
2069	6546	2453	4093
2070	6134	2076	4058
2071	5913	1924	3989
2072	6279	2185	4094
2073	6621	2486	4135
2074	6289	2196	4093
2075	5926	1857	4069
2076	6225	2133	4092
2077	6372	2317	4055
2078	6405	2285	4120
2079	6112	2023	4089
2080	6195	2121	4074
2081	6304	2182	4122
2082	6151	2007	4144
2083	6085	1883	4202
2084	6489	2307	4182
2085	6497	2324	4173
2086	6198	1988	4210
2087	5966	1803	4163
2088	6236	2074	4162
2089	6409	2210	4199
2090	6207	1967	4240
2091	6158	1863	4295
2092	6386	2158	4228
2093	6469	2281	4188
2094	6285	2062	4223
2095	6105	1860	4245
2096	6346	2125	4221
2097	6464	2263	4201
2098	6338	2111	4227
2099	6573	2154	4419
2100	6740	2297	4443
2101	6606	2316	4290
2102	6327	2016	4311
2103	6306	1831	4475
2104	6481	2057	4424
2105	6630	2229	4401
2106	6418	1973	4445
2107	6254	1858	4396
2108	6699	2262	4437
2109	6808	2344	4464
2110	6625	2120	4505
2111	6401	1914	4487
2112	6627	2151	4476
2113	6941	2404	4537
2114	6713	2152	4561
2115	6489	1922	4567
2116	6685	2135	4550
2117	6866	2320	4546
2118	6627	2067	4560
2119	6635	1984	4651
2120	6846	2191	4655
2121	7021	2333	4688
2122	6902	2131	4771
2123	6643	1937	4706
2124	6793	2165	4628
2125	7028	2401	4627
2126	6611	2083	4528
2127	6497	1840	4657
2128	6867	2177	4690
2129	7011	2336	4675
2130	6802	2061	4741
2131	6616	1871	4745
2132	6859	2125	4734
2133	7012	2301	4711
2134	6742	2011	4731
2135	6568	1827	4741
2136	6832	2095	4737
2137	7174	2375	4799
2138	6912	2100	4812
2139	6639	1865	4774
2140	6985	2213	4772
2141	7146	2307	4839
2142	6860	2046	4814
2143	6833	1954	4879
2144	6991	2122	4869
2145	7112	2302	4810
2146	6937	2121	4816
2147	6700	1903	4797
2148	6950	2157	4793
2149	7106	2275	4831
2150	7002	2101	4901
2151	6760	1889	4871
2152	7165	2262	4903
2153	7506	2582	4924
2154	7097	2172	4925
2155	6802	1934	4868
2156	7170	2277	4893
2157	7243	2315	4928
2158	6795	1961	4834
2159	6677	1896	4781
2160	7036	2135	4901
2161	7383	2388	4995
2162	7292	2278	5014
2163	6899	1983	4916
2164	6951	2129	4822
2165	7206	2324	4882
2166	6973	2082	4891
2167	6722	1877	4845
2168	6907	2095	4812
2169	7103	2255	4848
2170	7076	2172	4904
2171	6769	1900	4869
2172	6970	2094	4876
2173	7195	2288	4907
2174	6933	2034	4899
2175	6834	1988	4846
2176	6999	2218	4781
2177	7052	2255	4797
2178	7052	2194	4858
2179	6985	2096	4889
2180	6995	2243	4752
2181	7079	2322	4757
2182	6866	2066	4800
2183	6620	1872	4748
2184	7031	2199	4832
2185	7343	2479	4864
2186	6883	2172	4711
2187	6678	2019	4659
2188	6861	2180	4681
2189	6936	2259	4677
2190	6754	2017	4737
2191	6753	1973	4780
2192	7043	2247	4796
2193	7115	2363	4752
2194	6749	2049	4700
2195	6516	1853	4663
2196	6818	2105	4713
2197	7062	2366	4696
2198	6711	2103	4608
2199	6498	1910	4588
2200	7025	2352	4673
2201	7008	2363	4645
2202	6690	2119	4571
2203	6475	1937	4538
2204	6567	2047	4520
2205	6785	2231	4554
2206	6499	2028	4471
2207	6457	1952	4505
2208	6604	2173	4431
2209	6649	2279	4370
2210	6406	2047	4359
2211	6429	1988	4441
2212	6578	2158	4420
2213	6662	2297	4365
2214	6376	2087	4289
2215	6149	1854	4295
2216	6419	2106	4313
2217	6537	2286	4251
2218	6217	2021	4196
2219	6092	1845	4247
2220	6343	2073	4270
2221	6545	2265	4280
2222	6297	2041	4256
2223	6074	1815	4259
2224	6391	2129	4262
2225	6406	2227	4179
2226	6348	2137	4211
2227	6217	1987	4230
2228	6335	2181	4154
2229	6455	2288	4167
2230	6048	1993	4055
2231	5829	1843	3986
2232	6421	2290	4131
2233	6596	2489	4107
2234	6159	2146	4013
2235	5959	1974	3985
2236	6114	2140	3974
2237	6205	2331	3874
2238	6040	2164	3876
2239	5961	2033	3928
2240	6044	2177	3867
2241	6058	2214	3844
2242	5976	2104	3872
2243	5728	1913	3815
2244	5972	2131	3841
2245	6056	2298	3758
2246	5796	2049	3747
2247	5624	1869	3755
2248	6106	2328	3778
2249	6149	2352	3797
2250	5902	2183	3719
2251	5661	2014	3647
2252	5979	2273	3706
2253	6058	2322	3736
2254	5658	2003	3655
2255	5578	1957	3621
2256	5794	2203	3591
2257	5859	2326	3533
2258	5632	2056	3576
2259	5597	1939	3658
2260	5872	2217	3655
2261	5830	2282	3548
2262	5647	2112	3535
2263	5502	1956	3546
2264	5576	2122	3454
2265	5647	2239	3408
2266	5537	2025	3512
2267	5425	1907	3518
2268	5571	2130	3441
2269	5550	2163	3387
2270	5274	2008	3266
2271	5437	2088	3349
2272	5667	2289	3378
2273	5642	2324	3318
2274	5396	2052	3344
2275	5117	1863	3254
2276	5488	2196	3292
2277	5637	2344	3293
2278	5418	2141	3277
2279	5196	1945	3251
2280	5361	2133	3228
2281	5617	2350	3267
2282	5439	2148	3291
2283	5255	1967	3288
2284	5693	2361	3332
2285	5672	2399	3273
2286	5129	2009	3120
2287	4970	1865	3105
2288	5354	2182	3172
2289	5940	2705	3235
2290	5570	2385	3185
2291	5049	1926	3123
2292	5413	2311	3102
2293	5543	2474	3069
2294	5191	2092	3099
2295	4900	1877	3023
2296	5316	2222	3094
2297	5622	2462	3160
2298	5178	2113	3065
2299	4970	1972	2998
2300	5115	2097	3018
2301	5279	2240	3039
2302	5025	2019	3006
2303	4836	1851	2985
2304	5152	2164	2988
2305	5200	2288	2912
2306	4872	1971	2901
2307	4794	1854	2940
2308	5039	2103	2936
2309	5161	2301	2860
2310	4887	2049	2838
2311	4836	1941	2895
2312	5067	2138	2929
2313	5173	2274	2899
2314	4908	2023	2885
2315	4732	1892	2840
2316	4932	2160	2772
2317	5119	2285	2834
2318	4894	2070	2824
2319	4721	1893	2828
2320	4982	2087	2895
2321	5043	2206	2837
2322	4928	2093	2835
2323	4795	1949	2846
2324	4955	2176	2779
2325	4988	2232	2756
2326	4944	2077	2867
2327	4958	2057	2901
2328	5221	2328	2893
2329	5214	2370	2844
2330	4932	2113	2819
2331	4769	1909	2860
2332	5040	2228	2812
2333	5090	2350	2740
2334	4859	2116	2743
2335	4856	2037	2819
2336	5093	2279	2814
2337	5134	2342	2792
2338	4842	2024	2818
2339	4676	1920	2756
2340	4903	2185	2718
2341	5005	2292	2713
2342	4743	2042	2701
2343	4574	1861	2713
2344	4855	2093	2762
2345	5021	2174	2847
2346	5088	2141	2947
2347	4775	1919	2856
2348	4931	2106	2825
2349	5178	2356	2822
2350	4847	2088	2759
2351	4571	1863	2708
2352	5135	2316	2819
2353	5240	2447	2793
2354	4836	2112	2724
2355	4699	1959	2740
2356	5121	2303	2818
2357	5182	2386	2796
2358	4810	2064	2746
2359	4709	1941	2768
2360	4970	2149	2821
2361	5007	2222	2785
2362	4858	2066	2792
2363	4758	1937	2821
2364	4900	2118	2782
2365	5028	2222	2806
2366	4754	1957	2797
2367	4636	1811	2825
2368	4927	2102	2825
2369	5254	2401	2853
2370	5035	2170	2865
2371	4686	1898	2788
2372	4959	2107	2852
2373	5104	2251	2853
2374	4888	2023	2865
2375	4730	1880	2850
2376	4994	2169	2825
2377	5081	2215	2866
2378	4926	2032	2894
2379	4865	1956	2909
2380	5032	2186	2846
2381	5037	2277	2760
2382	4770	2018	2752
2383	4714	1867	2847
2384	4943	2111	2832
2385	5303	2417	2886
2386	5147	2177	2970
2387	4813	1897	2916
2388	5132	2186	2946
2389	5243	2284	2959
2390	5036	2072	2964
2391	5011	2027	2984
2392	5238	2250	2988
2393	5371	2395	2976
2394	5100	2099	3001
2395	4762	1860	2902
2396	5040	2117	2923
2397	5250	2320	2930
2398	5103	2113	2990
2399	5029	2022	3007
2400	5181	2253	2928
2401	5423	2395	3028
2402	5182	2081	3101
2403	4994	1954	3040
2404	5254	2253	3001
2405	5277	2294	2983
2406	5264	2189	3075
2407	5081	2042	3039
2408	5348	2345	3003
2409	5342	2350	2992
2410	5138	2076	3062
2411	4961	1915	3046
2412	5180	2139	3041
2413	5468	2403	3065
2414	5282	2193	3089
2415	5125	2025	3100
2416	5563	2457	3106
2417	5610	2457	3153
2418	5190	2081	3109
2419	4913	1896	3017
2420	5186	2149	3037
2421	5304	2257	3047
2422	5098	2021	3077
2423	5006	1916	3090
2424	5206	2127	3079
2425	5357	2255	3102
2426	4991	1956	3035
2427	4875	1873	3002
2428	5293	2121	3172
2429	5320	2172	3148
2430	5234	2052	3182
2431	5252	2031	3221
2432	5388	2234	3154
2433	5528	2331	3197
2434	5310	2089	3221
2435	5007	1908	3099
2436	5428	2281	3147
2437	5553	2379	3174
2438	5215	2119	3096
2439	5215	2063	3152
2440	5297	2161	3136
2441	5523	2363	3160
2442	5355	2136	3219
2443	5189	1962	3227
2444	5369	2229	3140
2445	5526	2376	3150
2446	5320	2113	3207
2447	5300	2062	3238
2448	5355	2227	3128
2449	5468	2301	3167
2450	5265	2064	3201
2451	5215	2008	3207
2452	5362	2210	3152
2453	5545	2331	3214
2454	5256	2078	3178
2455	5014	1932	3082
2456	5179	2098	3081
2457	5305	2220	3085
2458	5323	2165	3158
2459	5191	2000	3191
2460	5311	2133	3178
2461	5415	2256	3159
2462	5145	2040	3105
2463	4976	1885	3091
2464	5294	2167	3127
2465	5581	2421	3160
2466	5364	2193	3171
2467	5113	1967	3146
2468	5289	2193	3096
2469	5274	2239	3035
2470	5107	2072	3035
2471	4952	1896	3056
2472	5208	2161	3047
2473	5297	2294	3003
2474	5036	2003	3033
2475	5207	2133	3074
2476	5339	2296	3043
2477	5281	2279	3002
2478	5077	2086	2991
2479	4983	1931	3052
2480	5175	2143	3032
2481	5178	2220	2958
2482	4950	2025	2925
2483	4755	1841	2914
2484	4955	2045	2910
2485	5317	2342	2975
2486	5075	2093	2982
2487	4829	1982	2847
2488	5078	2177	2901
2489	5180	2260	2920
2490	5006	2126	2880
2491	4764	1933	2831
2492	4872	2123	2749
2493	4935	2115	2820
2494	4755	1953	2802
2495	4707	1946	2761
2496	4837	2086	2751
2497	5001	2258	2743
2498	5024	2211	2813
2499	4732	1979	2753
2500	4784	2104	2680
2501	4925	2269	2656
2502	4737	2055	2682
2503	4673	1921	2752
2504	4803	2132	2671
2505	4865	2235	2630
2506	4617	2031	2586
2507	4506	1961	2545
2508	4833	2298	2535
2509	4939	2368	2571
2510	4696	2098	2598
2511	4613	2027	2586
2512	4748	2233	2515
2513	4953	2331	2622
2514	4612	2015	2597
2515	4442	1833	2609
2516	4779	2171	2608
2517	4928	2375	2553
2518	4834	2214	2620
2519	4623	2054	2569
2520	4844	2311	2533
2521	4975	2421	2554
2522	4755	2144	2611
2523	4423	1916	2507
2524	4483	2061	2422
2525	4663	2267	2396
2526	4440	2060	2380
2527	4255	1825	2430
2528	4766	2311	2455
2529	4771	2368	2403
2530	4513	2079	2434
2531	4283	1912	2371
2532	4601	2241	2360
2533	4733	2352	2381
2534	4252	1987	2265
2535	4162	1932	2230
2536	4735	2467	2268
2537	4598	2436	2162
2538	4249	2018	2231
2539	4211	1984	2227
2540	4376	2178	2198
2541	4486	2301	2185
2542	4258	2041	2217
2543	4177	1946	2231
2544	4569	2332	2237
2545	4602	2377	2225
2546	4283	2103	2180
2547	4085	1923	2162
2548	4343	2207	2136
2549	4386	2268	2118
2550	4361	2225	2136
2551	4204	2029	2175
2552	4191	2070	2121
2553	4338	2223	2115
2554	4135	2007	2128
2555	3883	1861	2022
2556	4186	2138	2048
2557	4438	2286	2152
2558	4315	2136	2179
2559	4106	2002	2104
2560	4198	2148	2050
2561	4538	2441	2097
2562	4327	2203	2124
2563	4009	1986	2023
2564	4120	2143	1977
2565	4211	2210	2001
2566	4023	2011	2012
2567	3954	1854	2100
2568	4089	2052	2037
2569	4111	2165	1946
2570	3985	2007	1978
2571	3958	1954	2004
2572	4176	2224	1952
2573	4246	2329	1917
2574	4205	2218	1987
2575	4017	2032	1985
2576	4121	2240	1881
2577	4287	2377	1910
2578	4171	2245	1926
2579	3919	2053	1866
2580	4039	2157	1882
2581	4342	2387	1955
2582	4048	2141	1907
2583	3739	1925	1814
2584	3937	2125	1812
2585	4096	2285	1811
2586	3946	2128	1818
2587	3745	1948	1797
2588	4001	2196	1805
2589	4176	2334	1842
2590	4061	2217	1844
2591	3790	1992	1798
2592	3941	2100	1841
2593	4153	2335	1818
2594	4002	2095	1907
2595	3839	1968	1871
2596	4138	2273	1865
2597	4244	2368	1876
2598	3859	2032	1827
2599	3724	1868	1856
2600	4087	2230	1857
2601	4200	2356	1844
2602	3964	2143	1821
2603	3865	2050	1815
2604	4071	2217	1854
2605	4198	2301	1897
2606	4063	2157	1906
2607	3724	1972	1752
2608	4006	2234	1772
2609	4136	2310	1826
2610	3920	2084	1836
2611	3742	1914	1828
2612	3966	2122	1844
2613	4106	2278	1828
2614	3799	2025	1774
2615	3855	2045	1810
2616	4120	2303	1817
2617	4232	2392	1840
2618	3956	2109	1847
2619	3707	1920	1787
2620	4021	2160	1861
2621	4249	2371	1878
2622	4107	2197	1910
2623	3855	2012	1843
2624	4126	2284	1842
2625	4191	2342	1849
2626	3872	2045	1827
2627	3711	1943	1768
2628	3903	2135	1768
2629	4091	2309	1782
2630	3911	2097	1814
2631	3766	1956	1810
2632	4076	2212	1864
2633	4110	2280	1830
2634	3854	2034	1820
2635	3803	1929	1874
2636	4057	2194	1863
2637	4124	2323	1801
2638	3821	2068	1753
2639	3690	1885	1805
2640	3958	2160	1798
2641	4093	2259	1834
2642	3705	1962	1743
2643	3498	1772	1726
2644	3823	2057	1766
2645	4116	2305	1811
2646	4058	2183	1875
2647	3772	1977	1795
2648	4045	2226	1819
2649	4150	2346	1804
2650	3905	2079	1826
2651	3756	1912	1844
2652	4021	2209	1812
2653	4199	2341	1858
2654	3993	2133	1860
2655	3769	1943	1826
2656	4045	2171	1874
2657	4108	2267	1841
2658	3829	2027	1802
2659	3642	1864	1778
2660	3999	2206	1793
2661	4061	2283	1778
2662	3867	1994	1873
2663	3749	1888	1861
2664	3936	2113	1823
2665	4369	2453	1916
2666	4052	2155	1897
2667	3779	1942	1837
2668	4108	2265	1843
2669	4164	2305	1859
2670	3990	2075	1915
2671	3780	1948	1832
2672	4110	2235	1875
2673	4126	2293	1833
2674	3866	2065	1801
2675	3652	1869	1783
2676	4059	2223	1836
2677	4360	2378	1982
2678	3957	2011	1946
2679	3754	1934	1820
2680	4019	2198	1821
2681	4412	2505	1907
2682	4072	2172	1900
2683	3807	1938	1869
2684	4105	2227	1878
2685	4167	2343	1824
2686	3859	2063	1796
2687	3808	1974	1834
2688	4024	2162	1862
2689	4085	2218	1867
2690	3761	1931	1830
2691	3738	1975	1763
2692	4078	2234	1844
2693	4071	2243	1828
2694	3854	2056	1798
2695	3662	1896	1766
2696	3929	2125	1804
2697	4035	2256	1779
2698	3911	2157	1754
2699	3707	1937	1770
2700	4007	2225	1782
2701	4049	2328	1721
2702	3690	2014	1676
2703	3697	1952	1745
2704	3875	2160	1715
2705	3999	2373	1626
2706	3980	2193	1787
2707	3988	2145	1843
2708	4046	2288	1758
2709	4139	2344	1795
2710	3844	2093	1751
2711	3649	1961	1688
2712	3992	2262	1730
2713	4007	2385	1622
2714	3641	2055	1586
2715	3561	1872	1689
2716	3980	2266	1714
2717	4076	2397	1679
2718	3762	2077	1685
2719	3480	1849	1631
2720	3859	2180	1679
2721	4125	2358	1767
2722	3709	2046	1663
2723	3593	1961	1632
2724	3809	2207	1602
2725	3842	2267	1575
2726	3714	2117	1597
2727	3463	1914	1549
2728	3649	2124	1525
2729	3897	2275	1622
2730	3595	2006	1589
2731	3492	1925	1567
2732	3934	2332	1602
2733	4041	2427	1614
2734	3662	2101	1561
2735	3485	1995	1490
2736	3738	2250	1488
2737	3836	2401	1435
2738	3531	2085	1446
2739	3310	1842	1468
2740	3673	2182	1491
2741	3963	2438	1525
2742	3613	2125	1488
2743	3334	1875	1459
2744	3715	2210	1505
2745	3891	2380	1511
2746	3409	2012	1397
2747	3225	1858	1367
2748	3572	2198	1374
2749	3683	2284	1399
2750	3389	1971	1418
2751	3200	1832	1368
2752	3473	2120	1353
2753	3595	2261	1334
2754	3486	2092	1394
2755	3220	1898	1322
2756	3456	2150	1306
2757	3552	2268	1284
2758	3294	2037	1257
2759	3270	1936	1334
2760	3461	2115	1346
2761	3542	2291	1251
2762	3282	2007	1275
2763	3102	1843	1259
2764	3658	2292	1366
2765	3687	2343	1344
2766	3314	2061	1253
2767	3177	1936	1241
2768	3465	2206	1259
2769	3466	2262	1204
2770	3234	2044	1190
2771	3068	1866	1202
2772	3305	2133	1172
2773	3458	2270	1188
2774	3198	2012	1186
2775	3254	2041	1213
2776	3464	2284	1180
2777	3637	2407	1230
2778	3413	2122	1291
2779	3084	1911	1173
2780	3405	2195	1210
2781	3405	2222	1183
2782	3473	2286	1187
2783	3118	1997	1121
2784	7365	5297	2068
2785	5806	4072	1734
2786	3080	2029	1051
2787	2909	1860	1049
2788	3252	2147	1105
2789	3443	2287	1156
2790	3261	2086	1175
2791	3167	1978	1189
2792	3220	2142	1078
2793	3482	2356	1126
2794	3292	2071	1221
2795	2963	1859	1104
2796	3293	2204	1089
2797	3405	2362	1043
2798	3168	2081	1087
2799	3002	1917	1085
2800	3331	2237	1094
2801	3412	2314	1098
2802	3085	2030	1055
2803	3056	2006	1050
2804	3461	2356	1105
2805	3424	2351	1073
2806	2965	1989	976
2807	2952	1932	1020
2808	3208	2162	1046
2809	3271	2254	1017
2810	3171	2143	1028
2811	2891	1891	1000
2812	3017	2091	926
2813	3205	2186	1019
2814	3009	1973	1036
2815	2793	1902	891
2816	3124	2193	931
2817	3380	2369	1011
2818	3152	2106	1046
2819	3048	2030	1018
2820	3160	2209	951
2821	3287	2312	975
2822	3237	2141	1096
2823	2971	1966	1005
2824	3136	2178	958
2825	3257	2234	1023
2826	2989	1951	1038
2827	2843	1839	1004
2828	3177	2190	987
2829	3306	2319	987
2830	3046	2018	1028
2831	2993	1961	1032
2832	3237	2208	1029
2833	3361	2333	1028
2834	2997	1996	1001
2835	2953	1939	1014
2836	3201	2231	970
2837	3200	2277	923
2838	2971	1967	1004
2839	2977	1903	1074
2840	3174	2146	1028
2841	3385	2359	1026
2842	3239	2203	1036
2843	3023	2005	1018
2844	3240	2257	983
2845	3404	2416	988
2846	3130	2184	946
2847	2832	1923	909
2848	3050	2132	918
2849	3317	2375	942
2850	3056	2087	969
2851	2871	1949	922
2852	3102	2183	919
2853	3262	2297	965
2854	3037	2082	955
2855	3016	2009	1007
2856	3324	2321	1003
2857	3349	2394	955
2858	3155	2150	1005
2859	2971	1983	988
2860	3108	2120	988
2861	3348	2320	1028
2862	3013	2025	988
2863	2845	1878	967
2864	3320	2338	982
2865	3387	2360	1027
2866	3028	2030	998
2867	3116	2092	1024
2868	3719	2590	1129
2869	3464	2417	1047
2870	3050	2052	998
2871	3005	1982	1023
2872	3230	2227	1003
2873	3255	2300	955
2874	3022	2001	1021
2875	3070	2007	1063
2876	3203	2194	1009
2877	3196	2240	956
2878	2952	1959	993
2879	2825	1824	1001
2880	3196	2139	1057
2881	3337	2330	1007
2882	3016	2034	982
2883	2991	1961	1030
2884	3258	2273	985
2885	3376	2357	1019
2886	3077	2042	1035
2887	2956	1916	1040
2888	3282	2166	1116
2889	3381	2280	1101
2890	3079	2034	1045
2891	2889	1885	1004
2892	3221	2233	988
2893	3398	2395	1003
2894	3076	2056	1020
2895	2973	1951	1022
2896	3170	2188	982
2897	3273	2305	968
2898	3065	2095	970
2899	2822	1891	931
2900	3066	2119	947
2901	3325	2364	961
2902	3058	2071	987
2903	2836	1836	1000
2904	3145	2150	995
2905	3238	2273	965
2906	2974	2027	947
2907	2866	1919	947
2908	3144	2224	920
2909	3210	2290	920
2910	2836	1955	881
2911	2675	1803	872
2912	3016	2123	893
2913	3287	2313	974
2914	2984	2093	891
2915	2819	1884	935
2916	3055	2119	936
2917	3246	2333	913
2918	3021	2066	955
2919	2779	1897	882
2920	2989	2141	848
2921	3068	2245	823
2922	3005	2107	898
2923	2852	1897	955
2924	3065	2127	938
2925	3242	2346	896
2926	3085	2140	945
2927	2824	1923	901
2928	3002	2189	813
2929	3037	2257	780
2930	2851	1990	861
2931	2783	1900	883
2932	3188	2305	883
2933	3190	2346	844
2934	2868	2052	816
2935	2600	1846	754
2936	2865	2056	809
2937	3246	2432	814
2938	2978	2123	855
2939	2755	1919	836
2940	2976	2157	819
2941	3090	2257	833
2942	2910	2100	810
2943	2670	1901	769
2944	3085	2299	786
2945	3106	2375	731
2946	2704	2010	694
2947	2600	1845	755
2948	3030	2237	793
2949	3052	2301	751
2950	2751	1995	756
2951	2609	1914	695
2952	2779	2117	662
2953	2983	2290	693
2954	2640	1951	689
2955	2558	1872	686
2956	2917	2225	692
2957	2929	2301	628
2958	2685	2078	607
2959	2496	1873	623
2960	2799	2178	621
2961	2957	2332	625
2962	2814	2115	699
2963	2706	1997	709
2964	2912	2227	685
2965	2852	2235	617
2966	2776	2089	687
2967	2577	1908	669
2968	2659	2101	558
2969	2920	2334	586
2970	2612	2012	600
2971	2511	1860	651
2972	2842	2157	685
2973	2877	2243	634
2974	2546	1979	567
2975	2458	1899	559
2976	2893	2280	613
2977	2916	2304	612
2978	2587	2031	556
2979	2433	1898	535
2980	2727	2217	510
2981	2782	2266	516
2982	2779	2180	599
2983	2658	2056	602
2984	2758	2184	574
2985	2986	2386	600
2986	2696	2089	607
2987	2425	1887	538
2988	2716	2179	537
2989	2856	2343	513
2990	2499	2019	480
2991	2307	1831	476
2992	2633	2114	519
2993	2771	2278	493
2994	2497	1978	519
2995	2413	1904	509
2996	2823	2249	574
2997	2973	2379	594
2998	2610	2011	599
2999	2387	1827	560
3000	2679	2178	501
3001	2994	2446	548
3002	2654	2068	586
3003	2391	1871	520
3004	2759	2225	534
3005	2865	2323	542
3006	2596	2077	519
3007	2371	1863	508
3008	2805	2248	557
3009	3027	2441	586
3010	2860	2240	620
3011	2646	2023	623
3012	2634	2121	513
3013	2692	2222	470
3014	2482	1974	508
3015	2363	1852	511
3016	2649	2141	508
3017	2817	2274	543
3018	2564	2036	528
3019	2365	1864	501
3020	2644	2163	481
3021	2792	2301	491
3022	2574	2054	520
3023	2368	1906	462
3024	2736	2214	522
3025	2883	2310	573
3026	2575	2050	525
3027	2309	1808	501
3028	2655	2133	522
3029	2861	2320	541
3030	2646	2086	560
3031	2441	1902	539
3032	2624	2117	507
3033	2813	2310	503
3034	2701	2116	585
3035	2463	1896	567
3036	2804	2227	577
3037	2911	2374	537
3038	2562	2055	507
3039	2377	1872	505
3040	2602	2073	529
3041	2919	2340	579
3042	2645	2105	540
3043	2298	1818	480
3044	2577	2062	515
3045	2819	2300	519
3046	2634	2086	548
3047	2446	1886	560
3048	2580	2029	551
3049	2658	2163	495
3050	2565	2040	525
3051	2472	1913	559
3052	2626	2117	509
3053	2641	2187	454
3054	2567	2049	518
3055	2421	1905	516
3056	2608	2104	504
3057	2731	2223	508
3058	2481	1983	498
3059	2323	1851	472
3060	2744	2202	542
3061	2825	2283	542
3062	2534	2002	532
3063	2341	1821	520
3064	2558	2057	501
3065	2747	2254	493
3066	2500	2035	465
3067	2349	1878	471
3068	2737	2162	575
3069	2847	2285	562
3070	2589	2042	547
3071	2593	2022	571
3072	2716	2135	581
3073	2777	2220	557
3074	2595	2055	540
3075	2358	1888	470
3076	2691	2190	501
3077	2835	2327	508
3078	2488	2013	475
3079	2434	1916	518
3080	2700	2232	468
3081	3014	2480	534
3082	2666	2124	542
3083	2315	1846	469
3084	2649	2188	461
3085	2785	2337	448
3086	2446	1975	471
3087	2275	1825	450
3088	2671	2180	491
3089	2883	2344	539
3090	2756	2178	578
3091	2435	1948	487
3092	2558	2097	461
3093	2807	2272	535
3094	2730	2113	617
3095	2525	1998	527
3096	2590	2179	411
3097	2770	2347	423
3098	2513	2075	438
3099	2314	1872	442
3100	2544	2136	408
3101	2742	2309	433
3102	2529	2084	445
3103	2382	1909	473
3104	2647	2200	447
3105	2765	2272	493
3106	2569	2021	548
3107	2400	1892	508
3108	2672	2145	527
3109	2729	2210	519
3110	2524	2015	509
3111	2419	1935	484
3112	2546	2080	466
3113	2612	2200	412
3114	2575	2193	382
3115	2369	1975	394
3116	2683	2228	455
3117	2837	2338	499
3118	2444	1987	457
3119	2209	1821	388
3120	2523	2099	424
3121	2712	2321	391
3122	2481	2101	380
3123	2359	1922	437
3124	2634	2173	461
3125	2777	2325	452
3126	2580	2133	447
3127	2351	1960	391
3128	2615	2211	404
3129	2712	2309	403
3130	2576	2108	468
3131	2424	1948	476
3132	2622	2177	445
3133	2682	2304	378
3134	2545	2125	420
3135	2355	1940	415
3136	2594	2199	395
3137	2610	2259	351
3138	2409	2050	359
3139	2252	1874	378
3140	2489	2102	387
3141	2469	2156	313
3142	2245	1942	303
3143	2209	1904	305
3144	2462	2113	349
3145	2625	2373	252
3146	2564	2236	328
3147	2507	2045	462
3148	2482	2094	388
3149	2563	2235	328
3150	2329	1992	337
3151	2229	1893	336
3152	2514	2157	357
3153	2745	2379	366
3154	2518	2109	409
3155	2349	1948	401
3156	2793	2372	421
3157	2874	2474	400
3158	2399	2035	364
3159	2144	1859	285
3160	2662	2246	416
3161	2787	2376	411
3162	2403	2061	342
3163	2304	1916	388
3164	2496	2123	373
3165	2553	2240	313
3166	2288	1982	306
3167	2223	1869	354
3168	2578	2219	359
3169	2634	2318	316
3170	2344	2023	321
3171	2165	1848	317
3172	2454	2136	318
3173	2634	2291	343
3174	2371	2025	346
3175	2183	1859	324
3176	2386	2065	321
3177	2588	2225	363
3178	2452	2068	384
3179	2296	1913	383
3180	2506	2151	355
3181	2934	2518	416
3182	2579	2183	396
3183	2262	1888	374
3184	2467	2103	364
3185	2582	2241	341
3186	2417	2050	367
3187	2243	1857	386
3188	2455	2100	355
3189	2558	2226	332
3190	2290	1995	295
3191	2175	1857	318
3192	2610	2255	355
3193	2684	2293	391
3194	2639	2170	469
3195	2337	1956	381
3196	2440	2084	356
3197	2796	2346	450
3198	2490	2048	442
3199	2200	1853	347
3200	2498	2180	318
3201	2691	2347	344
3202	2631	2184	447
3203	2276	1886	390
3204	2478	2122	356
3205	2690	2313	377
3206	2527	2146	381
3207	2339	1932	407
3208	2799	2329	470
3209	2769	2387	382
3210	2300	1935	365
3211	2210	1842	368
3212	2477	2130	347
3213	2592	2271	321
3214	2422	2039	383
3215	2164	1826	338
3216	2354	2030	324
3217	2523	2206	317
3218	2455	2081	374
3219	2348	1964	384
3220	2476	2141	335
3221	2597	2244	353
3222	2393	2025	368
3223	2216	1849	367
3224	2623	2247	376
3225	2739	2361	378
3226	2351	2008	343
3227	2144	1827	317
3228	2402	2116	286
3229	2575	2276	299
3230	2488	2119	369
3231	2298	1915	383
3232	2390	2052	338
3233	2585	2260	325
3234	2672	2236	436
3235	2431	2035	396
3236	2372	2074	298
3237	2593	2276	317
3238	2488	2170	318
3239	2199	1915	284
3240	2412	2124	288
3241	2495	2214	281
3242	2304	2001	303
3243	2311	1956	355
3244	2542	2181	361
3245	2586	2306	280
3246	2342	2041	301
3247	2273	1928	345
3248	2541	2206	335
3249	2852	2490	362
3250	2401	2094	307
3251	2150	1857	293
3252	2437	2129	308
3253	2540	2257	283
3254	2460	2051	409
3255	2247	1857	390
3256	2467	2133	334
3257	2619	2304	315
3258	2468	2119	349
3259	2153	1895	258
3260	2383	2174	209
3261	2510	2267	243
3262	2265	1963	302
3263	2165	1868	297
3264	2496	2204	292
3265	2578	2268	310
3266	2281	1949	332
3267	2093	1813	280
3268	2506	2177	329
3269	2729	2375	354
3270	2455	2113	342
3271	2293	1987	306
3272	2505	2222	283
3273	2553	2292	261
3274	2351	2045	306
3275	2238	1919	319
3276	2751	2391	360
3277	2747	2390	357
3278	2309	2016	293
3279	2138	1905	233
3280	2481	2208	273
3281	2544	2312	232
3282	2350	2039	311
3283	2238	1913	325
3284	2399	2095	304
3285	2552	2242	310
3286	2367	2034	333
3287	2235	1897	338
3288	2567	2230	337
3289	2562	2274	288
3290	3198	2771	427
3291	2798	2407	391
3292	2315	2048	267
3293	2425	2203	222
3294	2254	1998	256
3295	2116	1885	231
3296	2322	2107	215
3297	2411	2185	226
3298	2170	1984	186
3299	2115	1889	226
3300	2274	2063	211
3301	2424	2222	202
3302	2300	2035	265
3303	2078	1817	261
3304	2257	2030	227
3305	2296	2085	211
3306	2189	1974	215
3307	2051	1853	198
3308	2289	2011	278
3309	2333	2074	259
3310	2223	1978	245
3311	2100	1842	258
3312	2279	2034	245
3313	2312	2087	225
3314	2188	1946	242
3315	2174	1888	286
3316	2372	2098	274
3317	2378	2153	225
3318	2161	1934	227
3319	2272	1954	318
3320	2365	2103	262
3321	2278	2074	204
3322	2242	1954	288
3323	2138	1875	263
3324	2182	1952	230
3325	2395	2132	263
3326	2307	2034	273
3327	2175	1901	274
3328	2428	2147	281
3329	2663	2360	303
3330	2346	2050	296
3331	2236	1952	284
3332	2411	2154	257
3333	2398	2137	261
3334	2207	1954	253
3335	2119	1867	252
3336	2323	2102	221
3337	2474	2208	266
3338	2490	2164	326
3339	2183	1940	243
3340	2641	2330	311
3341	2547	2315	232
3342	2244	2028	216
3343	2212	1927	285
3344	2250	2035	215
3345	2529	2244	285
3346	2484	2154	330
3347	2322	2007	315
3348	2295	2105	190
3349	2342	2145	197
3350	2228	2008	220
3351	2041	1858	183
3352	2324	2109	215
3353	2571	2291	280
3354	2328	2060	268
3355	2160	1919	241
3356	2255	2052	203
3357	2258	2077	181
3358	2276	2034	242
3359	2116	1882	234
3360	2327	2084	243
3361	2501	2240	261
3362	2395	2085	310
3363	2163	1919	244
3364	2337	2118	219
3365	2425	2220	205
3366	2342	2062	280
3367	2346	2017	329
3368	2472	2173	299
3369	2516	2293	223
3370	2358	2057	301
3371	2208	1915	293
3372	2394	2136	258
3373	2506	2228	278
3374	2278	2004	274
3375	2170	1929	241
3376	2354	2123	231
3377	2306	2096	210
3378	2168	1941	227
3379	2682	2329	353
3380	2512	2229	283
3381	2279	2095	184
3382	2205	2002	203
3383	2080	1896	184
3384	2381	2180	201
3385	2473	2297	176
3386	2250	1979	271
3387	2073	1807	266
3388	2253	2030	223
3389	2317	2136	181
3390	2327	2106	221
3391	2078	1909	169
3392	2198	1977	221
3393	2439	2171	268
3394	2301	2037	264
3395	2334	2043	291
3396	2395	2148	247
3397	2321	2145	176
3398	2155	1951	204
3399	2041	1858	183
3400	2174	2018	156
3401	2310	2145	165
3402	2222	1993	229
3403	2089	1892	197
3404	2355	2167	188
3405	2427	2193	234
3406	2155	1941	214
3407	2174	1925	249
3408	2396	2174	222
3409	2489	2277	212
3410	2437	2151	286
3411	2138	1861	277
3412	2423	2157	266
3413	2374	2151	223
3414	2185	1983	202
3415	2104	1917	187
3416	2257	2061	196
3417	2293	2089	204
3418	2156	1931	225
3419	2033	1847	186
3420	2245	2033	212
3421	2389	2190	199
3422	2193	1957	236
3423	1970	1787	183
3424	2097	1922	175
3425	2344	2170	174
3426	2281	2073	208
3427	2141	1934	207
3428	2348	2088	260
3429	2409	2196	213
3430	2247	2047	200
3431	2051	1862	189
3432	2216	2017	199
3433	2303	2096	207
3434	2286	2094	192
3435	2171	1953	218
3436	2209	2023	186
3437	2300	2133	167
3438	2207	2010	197
3439	2171	1932	239
3440	2382	2161	221
3441	2265	2116	149
3442	2291	2077	214
3443	2207	1960	247
3444	2287	2055	232
3445	2260	2050	210
3446	2014	1843	171
3447	1988	1835	153
3448	2138	1972	166
3449	2328	2121	207
3450	2369	2092	277
3451	2191	1950	241
3452	2310	2098	212
3453	2318	2126	192
3454	2332	2097	235
3455	2167	1942	225
3456	2461	2176	285
3457	2527	2254	273
3458	2167	2008	159
3459	2006	1870	136
3460	2252	2089	163
3461	2428	2233	195
3462	2250	2025	225
3463	1956	1785	171
3464	2231	2033	198
3465	2372	2171	201
3466	2144	1958	186
3467	1951	1814	137
3468	2199	2053	146
3469	2361	2192	169
3470	2201	2010	191
3471	2138	1912	226
3472	2396	2165	231
3473	2417	2263	154
3474	2118	1973	145
3475	1968	1806	162
3476	2173	1984	189
3477	2319	2109	210
3478	2145	1932	213
3479	1964	1804	160
3480	2177	2007	170
3481	2268	2127	141
3482	2122	1961	161
3483	2022	1824	198
3484	2194	2021	173
3485	2337	2169	168
3486	2131	1957	174
3487	2109	1877	232
3488	2308	2025	283
3489	2376	2144	232
3490	2067	1919	148
3491	1932	1812	120
3492	2250	2047	203
3493	2419	2175	244
3494	2803	2528	275
3495	2454	2196	258
3496	2314	2099	215
3497	2384	2198	186
3498	2243	2068	175
3499	2148	1983	165
3500	2308	2087	221
3501	2388	2216	172
3502	2198	2043	155
3503	2050	1868	182
3504	2219	2044	175
3505	2407	2156	251
3506	2243	2016	227
3507	2202	1982	220
3508	2355	2134	221
3509	2284	2123	161
3510	2212	2000	212
3511	2094	1876	218
3512	2247	2077	170
3513	2326	2162	164
3514	2196	2005	191
3515	2028	1879	149
3516	2182	2034	148
3517	2321	2113	208
3518	2283	2036	247
3519	2210	1997	213
3520	2179	1995	184
3521	2224	2063	161
3522	2322	2062	260
3523	2434	2121	313
3524	2391	2140	251
3525	2387	2165	222
3526	2322	2071	251
3527	2098	1947	151
3528	2342	2129	213
3529	2414	2216	198
3530	2176	2029	147
3531	2051	1924	127
3532	2138	2007	131
3533	2299	2140	159
3534	2106	1977	129
3535	2098	1945	153
3536	2353	2145	208
3537	2326	2173	153
3538	2108	1947	161
3539	2035	1841	194
3540	2226	2051	175
3541	2395	2248	147
3542	2241	2047	194
3543	2173	1952	221
3544	2309	2142	167
3545	2331	2194	137
3546	2250	2062	188
3547	2080	1897	183
3548	2577	2287	290
3549	2503	2276	227
3550	2123	1973	150
3551	2032	1889	143
3552	2321	2099	222
3553	2365	2161	204
3554	2181	2024	157
3555	2099	1924	175
3556	2269	2093	176
3557	2327	2163	164
3558	2125	1995	130
3559	1964	1886	78
3560	2339	2128	211
3561	2546	2288	258
3562	2210	2016	194
3563	2036	1891	145
3564	2270	2133	137
3565	2326	2194	132
3566	2138	2024	114
3567	2096	1953	143
3568	2468	2301	167
3569	2445	2263	182
3570	2291	2123	168
3571	2071	1928	143
3572	2302	2117	185
3573	2580	2339	241
3574	2223	2003	220
3575	2094	1896	198
3576	2138	1981	157
3577	2247	2148	99
3578	2073	1982	91
3579	2066	1896	170
3580	2234	2072	162
3581	2259	2119	140
3582	2279	2035	244
3583	2140	1930	210
3584	2359	2137	222
3585	2470	2259	211
3586	2225	2066	159
3587	1990	1871	119
3588	2358	2175	183
3589	2469	2282	187
3590	2221	2040	181
3591	2035	1864	171
3592	2357	2112	245
3593	2422	2246	176
3594	2346	2107	239
3595	2217	1990	227
3596	2361	2158	203
3597	2511	2303	208
3598	2285	2114	171
3599	2072	1951	121
3600	2306	2168	138
3601	2452	2297	155
3602	2266	2070	196
3603	2089	1908	181
3604	2254	2113	141
3605	2274	2152	122
3606	2292	2085	207
3607	2184	1995	189
3608	2265	2121	144
3609	2271	2126	145
3610	2253	2063	190
3611	2188	2022	166
3612	2443	2261	182
3613	2584	2397	187
3614	2242	2083	159
3615	2095	1945	150
3616	2181	2066	115
3617	2231	2130	101
3618	2100	2007	93
3619	2182	1995	187
3620	2359	2119	240
3621	2563	2323	240
3622	2522	2274	248
3623	2296	2044	252
3624	2317	2115	202
3625	2369	2183	186
3626	2459	2239	220
3627	2173	2023	150
3628	2238	2100	138
3629	2322	2195	127
3630	2275	2095	180
3631	2123	1936	187
3632	2309	2180	129
3633	2453	2328	125
3634	2281	2120	161
3635	2035	1881	154
3636	2182	2059	123
3637	2334	2212	122
3638	2396	2238	158
3639	2277	2100	177
3640	2291	2153	138
3641	2380	2240	140
3642	2212	2054	158
3643	2029	1870	159
3644	2175	2044	131
3645	2372	2229	143
3646	2286	2122	164
3647	2162	2022	140
3648	2415	2246	169
