index	original	background	difference
-----------------------------------------------------
1	2890	2270	620
2	2636	2116	520
3	2509	2044	465
4	2549	2105	444
5	2526	2099	427
6	2664	2188	476
7	2716	2181	535
8	2736	2211	525
9	2682	2187	495
10	2545	2005	540
11	2454	1971	483
12	2566	2099	467
13	2714	2229	485
14	2726	2194	532
15	2579	2039	540
16	2706	2140	566
17	2692	2176	516
18	2613	2107	506
19	2423	1926	497
20	2538	2002	536
21	2766	2159	607
22	2650	2077	573
23	2583	2013	570
24	2622	2131	491
25	2625	2168	457
26	2578	2058	520
27	2432	1903	529
28	2480	1972	508
29	2570	2072	498
30	2609	2063	546
31	2579	1997	582
32	2647	2089	558
33	2665	2100	565
34	2592	2012	580
35	2691	2087	604
36	2726	2155	571
37	2708	2153	555
38	2645	2068	577
39	2461	1954	507
40	2528	2025	503
41	2664	2114	550
42	2575	1998	577
43	2506	1945	561
44	2618	2051	567
45	2764	2199	565
46	2691	2142	549
47	2586	2041	545
48	2579	2047	532
49	2711	2151	560
50	2793	2186	607
51	2700	2143	557
52	2665	2127	538
53	2861	2234	627
54	2683	2052	631
55	2428	1875	553
56	2657	2058	599
57	2980	2280	700
58	2670	2054	616
59	2455	1922	533
60	2688	2063	625
61	2902	2243	659
62	2785	2164	621
63	2624	2021	603
64	2671	2109	562
65	2760	2182	578
66	2681	2090	591
67	2646	1992	654
68	2687	2051	636
69	2636	2063	573
70	2588	1976	612
71	2691	2063	628
72	3001	2306	695
73	2867	2208	659
74	2620	2047	573
75	2470	1906	564
76	2614	2013	601
77	2768	2144	624
78	2715	2082	633
79	2663	2072	591
80	2706	2128	578
81	2785	2190	595
82	2596	2011	585
83	2617	2009	608
84	2759	2097	662
85	2802	2181	621
86	2672	2098	574
87	2585	2044	541
88	2691	2110	581
89	2781	2187	594
90	2723	2098	625
91	2911	2177	734
92	3016	2279	737
93	2762	2130	632
94	2628	2024	604
95	2562	1960	602
96	2758	2140	618
97	2942	2264	678
98	2806	2123	683
99	2715	2050	665
100	2711	2087	624
101	2790	2148	642
102	2818	2098	720
103	2764	2061	703
104	2928	2265	663
105	3033	2350	683
106	2907	2206	701
107	2756	2063	693
108	2801	2158	643
109	2925	2221	704
110	2729	2111	618
111	2846	2180	666
112	2932	2219	713
113	2814	2120	694
114	2817	2096	721
115	2773	2086	687
116	2823	2138	685
117	2914	2219	695
118	2701	2070	631
119	2661	1995	666
120	2737	2083	654
121	2786	2129	657
122	2743	2053	690
123	2647	1936	711
124	2684	2038	646
125	2753	2099	654
126	2782	2078	704
127	2799	2113	686
128	3087	2384	703
129	3034	2322	712
130	2813	2133	680
131	2728	2017	711
132	2978	2189	789
133	2916	2193	723
134	2715	1992	723
135	2716	2010	706
136	2868	2176	692
137	2992	2223	769
138	2840	2091	749
139	2841	2096	745
140	2839	2061	778
141	2835	2109	726
142	2897	2162	735
143	2845	2085	760
144	2915	2154	761
145	2880	2139	741
146	2905	2160	745
147	2851	2084	767
148	2809	2075	734
149	3010	2253	757
150	2972	2220	752
151	2768	2036	732
152	3023	2212	811
153	3068	2287	781
154	3051	2212	839
155	2969	2156	813
156	3042	2290	752
157	2917	2200	717
158	2730	2042	688
159	2740	2020	720
160	3013	2178	835
161	3088	2231	857
162	2915	2099	816
163	2898	2099	799
164	3065	2268	797
165	3034	2255	779
166	2972	2151	821
167	2894	2068	826
168	2935	2150	785
169	2991	2214	777
170	2905	2131	774
171	2955	2107	848
172	2999	2198	801
173	3028	2230	798
174	2814	2057	757
175	2828	2050	778
176	2896	2112	784
177	2936	2157	779
178	2825	2075	750
179	2929	2075	854
180	3173	2265	908
181	3152	2267	885
182	3074	2185	889
183	2787	1994	793
184	2844	2102	742
185	2993	2187	806
186	2867	2071	796
187	2754	1982	772
188	2848	2081	767
189	3038	2226	812
190	3061	2222	839
191	3041	2135	906
192	3162	2245	917
193	3112	2227	885
194	2929	2107	822
195	2889	2043	846
196	3070	2188	882
197	3115	2218	897
198	2894	2093	801
199	3081	2185	896
200	3107	2236	871
201	3021	2226	795
202	3003	2182	821
203	2912	2061	851
204	3142	2264	878
205	3140	2271	869
206	2977	2110	867
207	2894	2013	881
208	2927	2062	865
209	3096	2238	858
210	3105	2182	923
211	2940	2050	890
212	3196	2293	903
213	3156	2250	906
214	2982	2096	886
215	2905	2020	885
216	3110	2237	873
217	3162	2308	854
218	2938	2053	885
219	2986	2074	912
220	3210	2330	880
221	3201	2292	909
222	3034	2151	883
223	3005	2054	951
224	3062	2148	914
225	3349	2358	991
226	3117	2141	976
227	3029	2116	913
228	3199	2261	938
229	3256	2321	935
230	3018	2141	877
231	2939	2045	894
232	3087	2205	882
233	3417	2417	1000
234	3274	2271	1003
235	3037	2104	933
236	3049	2137	912
237	3144	2231	913
238	3068	2143	925
239	3016	2079	937
240	3205	2193	1012
241	3429	2361	1068
242	3242	2238	1004
243	3249	2216	1033
244	3198	2226	972
245	3153	2205	948
246	3141	2139	1002
247	3074	2074	1000
248	3291	2233	1058
249	3418	2339	1079
250	3219	2195	1024
251	3001	2024	977
252	3233	2227	1006
253	3266	2252	1014
254	3209	2209	1000
255	3187	2151	1036
256	3218	2214	1004
257	3262	2219	1043
258	3063	2049	1014
259	3097	2031	1066
260	3165	2137	1028
261	3177	2199	978
262	3312	2243	1069
263	3191	2116	1075
264	3276	2250	1026
265	3215	2173	1042
266	3156	2120	1036
267	3117	2068	1049
268	3361	2285	1076
269	3466	2313	1153
270	3412	2231	1181
271	3500	2311	1189
272	3367	2253	1114
273	3231	2161	1070
274	3130	2123	1007
275	3251	2153	1098
276	3291	2200	1091
277	3233	2155	1078
278	3177	2098	1079
279	3135	2059	1076
280	3165	2124	1041
281	3191	2166	1025
282	3188	2114	1074
283	3186	2120	1066
284	3363	2281	1082
285	3430	2306	1124
286	3212	2075	1137
287	3129	1993	1136
288	3361	2218	1143
289	3499	2354	1145
290	3419	2285	1134
291	3195	2106	1089
292	3204	2144	1060
293	3358	2245	1113
294	3207	2115	1092
295	3156	2044	1112
296	3286	2161	1125
297	3308	2174	1134
298	3281	2122	1159
299	3257	2064	1193
300	3271	2160	1111
301	3272	2216	1056
302	3175	2076	1099
303	3188	2073	1115
304	3285	2175	1110
305	3337	2206	1131
306	3316	2183	1133
307	3273	2109	1164
308	3362	2141	1221
309	3583	2356	1227
310	3296	2144	1152
311	3157	1992	1165
312	3309	2106	1203
313	3417	2237	1180
314	3453	2280	1173
315	3415	2195	1220
316	3430	2240	1190
317	3355	2184	1171
318	3304	2118	1186
319	3315	2118	1197
320	3372	2189	1183
321	3427	2236	1191
322	3443	2205	1238
323	3287	2113	1174
324	3332	2157	1175
325	3407	2204	1203
326	3318	2084	1234
327	3228	2043	1185
328	3455	2243	1212
329	3503	2318	1185
330	3351	2181	1170
331	3168	2031	1137
332	3440	2238	1202
333	4133	2790	1343
334	3720	2433	1287
335	3419	2197	1222
336	3650	2356	1294
337	3593	2323	1270
338	3407	2147	1260
339	3392	2142	1250
340	3464	2240	1224
341	3512	2279	1233
342	3495	2257	1238
343	3398	2169	1229
344	3424	2154	1270
345	3556	2262	1294
346	3611	2242	1369
347	3375	2060	1315
348	3324	2138	1186
349	3442	2195	1247
350	3443	2161	1282
351	3463	2173	1290
352	3688	2417	1271
353	3557	2332	1225
354	3312	2099	1213
355	3287	2095	1192
356	3490	2210	1280
357	3530	2248	1282
358	3440	2193	1247
359	3302	2052	1250
360	3411	2136	1275
361	3533	2230	1303
362	3484	2241	1243
363	3422	2138	1284
364	3416	2126	1290
365	3450	2155	1295
366	3342	2074	1268
367	3230	1984	1246
368	3523	2229	1294
369	3653	2346	1307
370	3517	2246	1271
371	3417	2164	1253
372	3552	2261	1291
373	3559	2278	1281
374	3483	2154	1329
375	3600	2184	1416
376	3620	2259	1361
377	3633	2302	1331
378	3578	2250	1328
379	3409	2097	1312
380	3571	2273	1298
381	3552	2282	1270
382	3512	2205	1307
383	3426	2076	1350
384	3613	2244	1369
385	3727	2311	1416
386	3587	2190	1397
387	3512	2158	1354
388	3696	2340	1356
389	3820	2421	1399
390	3571	2228	1343
391	3506	2169	1337
392	3682	2281	1401
393	3602	2201	1401
394	3473	2274	1199
395	3445	2171	1274
396	3484	2155	1329
397	3496	2205	1291
398	3477	2158	1319
399	3387	2077	1310
400	3600	2225	1375
401	3648	2282	1366
402	3458	2141	1317
403	3465	2110	1355
404	3809	2337	1472
405	3723	2301	1422
406	3778	2399	1379
407	3556	2211	1345
408	3651	2285	1366
409	3536	2216	1320
410	3410	2073	1337
411	3456	2121	1335
412	3511	2209	1302
413	3578	2246	1332
414	3630	2190	1440
415	3514	2111	1403
416	3583	2255	1328
417	3615	2255	1360
418	3408	2093	1315
419	3266	2011	1255
420	3477	2126	1351
421	3585	2151	1434
422	3416	2083	1333
423	3688	2287	1401
424	3695	2313	1382
425	3669	2305	1364
426	3433	2060	1373
427	3350	1955	1395
428	3522	2199	1323
429	3846	2506	1340
430	3586	2261	1325
431	3506	2116	1390
432	3693	2306	1387
433	3839	2413	1426
434	3543	2174	1369
435	3374	2011	1363
436	3696	2298	1398
437	3698	2382	1316
438	3374	2126	1248
439	3333	2036	1297
440	3591	2277	1314
441	3602	2283	1319
442	3349	2021	1328
443	3448	2041	1407
444	3610	2240	1370
445	3801	2400	1401
446	3577	2214	1363
447	3426	2083	1343
448	3734	2331	1403
449	3859	2441	1418
450	3730	2258	1472
451	3512	2040	1472
452	3573	2208	1365
453	3675	2325	1350
454	3533	2178	1355
455	3413	2077	1336
456	3573	2235	1338
457	3795	2393	1402
458	3596	2170	1426
459	3527	2079	1448
460	3695	2340	1355
461	3722	2392	1330
462	3633	2230	1403
463	3358	1990	1368
464	3544	2155	1389
465	3696	2304	1392
466	3399	2071	1328
467	3380	1980	1400
468	3658	2246	1412
469	3893	2450	1443
470	3770	2344	1426
471	3439	2082	1357
472	3612	2211	1401
473	3795	2408	1387
474	3639	2226	1413
475	3379	1984	1395
476	3509	2156	1353
477	3698	2335	1363
478	3605	2212	1393
479	3342	2002	1340
480	3607	2247	1360
481	3850	2410	1440
482	3854	2347	1507
483	3618	2140	1478
484	3726	2247	1479
485	3673	2300	1373
486	3542	2144	1398
487	3335	1942	1393
488	3594	2208	1386
489	3749	2347	1402
490	3517	2082	1435
491	3420	1955	1465
492	3747	2259	1488
493	3826	2397	1429
494	3545	2161	1384
495	3571	2135	1436
496	3776	2339	1437
497	3745	2313	1432
498	3493	2131	1362
499	3283	1967	1316
500	3598	2202	1396
501	3807	2386	1421
502	3502	2139	1363
503	3449	2037	1412
504	3687	2264	1423
505	3754	2324	1430
506	3701	2251	1450
507	3543	2113	1430
508	3806	2380	1426
509	3994	2516	1478
510	3742	2279	1463
511	3511	2036	1475
512	3700	2281	1419
513	3851	2406	1445
514	3699	2275	1424
515	3737	2237	1500
516	3810	2312	1498
517	3728	2282	1446
518	3578	2160	1418
519	3692	2159	1533
520	3906	2387	1519
521	3810	2383	1427
522	3717	2237	1480
523	3692	2199	1493
524	3747	2307	1440
525	3892	2456	1436
526	3644	2197	1447
527	3445	1973	1472
528	3723	2235	1488
529	3821	2369	1452
530	3550	2143	1407
531	3352	1942	1410
532	3596	2162	1434
533	3739	2313	1426
534	3570	2173	1397
535	4360	2828	1532
536	4205	2717	1488
537	3846	2375	1471
538	3647	2168	1479
539	3466	2028	1438
540	3576	2178	1398
541	3810	2370	1440
542	3640	2162	1478
543	3396	1950	1446
544	3637	2234	1403
545	3877	2429	1448
546	3646	2188	1458
547	3468	2073	1395
548	3802	2312	1490
549	4119	2563	1556
550	3700	2222	1478
551	3427	2000	1427
552	3986	2520	1466
553	4038	2522	1516
554	3803	2302	1501
555	3619	2104	1515
556	3755	2268	1487
557	3740	2289	1451
558	3489	2069	1420
559	3460	2025	1435
560	3610	2214	1396
561	3993	2544	1449
562	3717	2238	1479
563	3467	1980	1487
564	3701	2236	1465
565	3875	2398	1477
566	3661	2184	1477
567	3537	2073	1464
568	3688	2285	1403
569	3806	2371	1435
570	3611	2136	1475
571	3446	1980	1466
572	3699	2241	1458
573	3811	2338	1473
574	3572	2131	1441
575	3467	1973	1494
576	3709	2202	1507
577	3748	2354	1394
578	3623	2198	1425
579	3560	2127	1433
580	3774	2321	1453
581	3868	2396	1472
582	3532	2157	1375
583	3358	1947	1411
584	3611	2172	1439
585	3714	2245	1469
586	3682	2208	1474
587	3545	2082	1463
588	3746	2260	1486
589	3913	2363	1550
590	3753	2189	1564
591	3500	2024	1476
592	3574	2151	1423
593	3689	2296	1393
594	3448	2036	1412
595	3395	1940	1455
596	3593	2161	1432
597	3798	2336	1462
598	3808	2267	1541
599	3617	2058	1559
600	3712	2229	1483
601	3788	2317	1471
602	3631	2196	1435
603	3569	2083	1486
604	3645	2193	1452
605	3721	2260	1461
606	3580	2101	1479
607	3531	1994	1537
608	3840	2273	1567
609	3837	2294	1543
610	3676	2141	1535
611	3589	2079	1510
612	3697	2242	1455
613	3813	2313	1500
614	3794	2229	1565
615	3587	2064	1523
616	3751	2240	1511
617	3929	2361	1568
618	3677	2113	1564
619	3530	2028	1502
620	3968	2443	1525
621	3933	2439	1494
622	3668	2189	1479
623	3609	2065	1544
624	3730	2217	1513
625	3781	2315	1466
626	3637	2175	1462
627	3559	2054	1505
628	3842	2311	1531
629	3872	2363	1509
630	3671	2176	1495
631	3533	2014	1519
632	3780	2250	1530
633	4031	2414	1617
634	3979	2380	1599
635	3713	2148	1565
636	3962	2372	1590
637	3980	2359	1621
638	3757	2174	1583
639	3625	2036	1589
640	3761	2214	1547
641	3828	2264	1564
642	3589	2039	1550
643	3645	2004	1641
644	3820	2186	1634
645	3903	2322	1581
646	4024	2373	1651
647	3873	2205	1668
648	3962	2321	1641
649	3990	2368	1622
650	3648	2042	1606
651	3597	1938	1659
652	3943	2300	1643
653	4050	2407	1643
654	3849	2197	1652
655	3676	2037	1639
656	3850	2181	1669
657	3943	2287	1656
658	3811	2169	1642
659	3626	1977	1649
660	3827	2136	1691
661	4080	2392	1688
662	3813	2214	1599
663	3493	1978	1515
664	3617	2122	1495
665	3811	2256	1555
666	3637	2066	1571
667	3587	2019	1568
668	3866	2229	1637
669	3956	2270	1686
670	3775	2097	1678
671	3679	1977	1702
672	3899	2234	1665
673	4037	2385	1652
674	3911	2258	1653
675	3786	2093	1693
676	3927	2204	1723
677	3983	2270	1713
678	3795	2115	1680
679	3823	2087	1736
680	3950	2237	1713
681	3936	2239	1697
682	3877	2148	1729
683	3689	1994	1695
684	4036	2302	1734
685	4249	2456	1793
686	3917	2169	1748
687	3795	2069	1726
688	3908	2219	1689
689	4059	2317	1742
690	3935	2189	1746
691	3819	2089	1730
692	3917	2251	1666
693	4078	2386	1692
694	3849	2103	1746
695	3748	2007	1741
696	3969	2159	1810
697	3993	2215	1778
698	3918	2130	1788
699	3855	2041	1814
700	4342	2502	1840
701	4287	2479	1808
702	3897	2170	1727
703	3826	2041	1785
704	4149	2369	1780
705	4177	2435	1742
706	4099	2281	1818
707	3895	2064	1831
708	4005	2237	1768
709	4169	2378	1791
710	3908	2112	1796
711	3813	1996	1817
712	4149	2353	1796
713	4314	2488	1826
714	3934	2108	1826
715	3850	2022	1828
716	4121	2301	1820
717	4217	2382	1835
718	4095	2246	1849
719	3977	2076	1901
720	4046	2193	1853
721	4112	2297	1815
722	4112	2288	1824
723	3959	2101	1858
724	4135	2248	1887
725	4317	2430	1887
726	4047	2209	1838
727	3921	2034	1887
728	4101	2197	1904
729	4201	2290	1911
730	4093	2152	1941
731	3962	2002	1960
732	4392	2428	1964
733	4446	2472	1974
734	4214	2216	1998
735	4111	2097	2014
736	4266	2303	1963
737	4339	2366	1973
738	4204	2232	1972
739	4095	2096	1999
740	4424	2402	2022
741	4477	2465	2012
742	4119	2136	1983
743	4014	2003	2011
744	4324	2263	2061
745	4387	2346	2041
746	4259	2237	2022
747	4124	2053	2071
748	4324	2230	2094
749	4396	2330	2066
750	4200	2158	2042
751	4115	2079	2036
752	4295	2301	1994
753	4371	2350	2021
754	4185	2113	2072
755	4003	1929	2074
756	4309	2268	2041
757	4605	2462	2143
758	4415	2261	2154
759	4148	2077	2071
760	4353	2230	2123
761	4571	2365	2206
762	4319	2155	2164
763	4260	2057	2203
764	4495	2251	2244
765	4566	2310	2256
766	4320	2110	2210
767	4326	2012	2314
768	4619	2357	2262
769	4686	2476	2210
770	4339	2157	2182
771	4273	2061	2212
772	4461	2235	2226
773	4624	2364	2260
774	4447	2176	2271
775	4276	2017	2259
776	4961	2673	2288
777	4949	2648	2301
778	4438	2183	2255
779	4389	2088	2301
780	4695	2334	2361
781	4916	2479	2437
782	4710	2263	2447
783	4429	2054	2375
784	4568	2209	2359
785	4596	2264	2332
786	4621	2237	2384
787	4612	2095	2517
788	4766	2268	2498
789	4749	2311	2438
790	4526	2060	2466
791	4435	1961	2474
792	4833	2306	2527
793	5121	2531	2590
794	4741	2215	2526
795	4480	1987	2493
796	4757	2278	2479
797	4834	2364	2470
798	4617	2086	2531
799	4675	2136	2539
800	4864	2349	2515
801	4810	2380	2430
802	4652	2158	2494
803	4515	2017	2498
804	4825	2271	2554
805	4940	2389	2551
806	4734	2143	2591
807	4566	2025	2541
808	4961	2376	2585
809	5188	2443	2745
810	5002	2247	2755
811	4983	2228	2755
812	5063	2383	2680
813	5118	2444	2674
814	5005	2350	2655
815	4777	2158	2619
816	5078	2439	2639
817	5062	2442	2620
818	4829	2182	2647
819	4848	2140	2708
820	5009	2294	2715
821	5074	2343	2731
822	5199	2424	2775
823	5067	2264	2803
824	5023	2291	2732
825	5100	2317	2783
826	4937	2179	2758
827	4958	2162	2796
828	5167	2371	2796
829	5355	2492	2863
830	5074	2187	2887
831	4934	2055	2879
832	5101	2231	2870
833	5147	2336	2811
834	5030	2182	2848
835	5021	2062	2959
836	5336	2396	2940
837	5347	2479	2868
838	5050	2170	2880
839	4906	2047	2859
840	5224	2303	2921
841	5355	2346	3009
842	5108	2140	2968
843	4953	1993	2960
844	5295	2269	3026
845	5568	2529	3039
846	5302	2288	3014
847	5174	2114	3060
848	5402	2279	3123
849	5509	2333	3176
850	5386	2247	3139
851	5302	2189	3113
852	5364	2294	3070
853	5552	2402	3150
854	5396	2237	3159
855	5250	2063	3187
856	5432	2313	3119
857	5547	2366	3181
858	5497	2193	3304
859	5294	2015	3279
860	5444	2241	3203
861	5598	2361	3237
862	5422	2174	3248
863	5273	2015	3258
864	5332	2192	3140
865	5631	2400	3231
866	5533	2254	3279
867	5319	2048	3271
868	5548	2213	3335
869	5825	2423	3402
870	5615	2277	3338
871	5389	2055	3334
872	5539	2203	3336
873	5646	2304	3342
874	5464	2158	3306
875	5466	2098	3368
876	5719	2276	3443
877	5837	2378	3459
878	5601	2197	3404
879	5449	2065	3384
880	5601	2272	3329
881	5764	2375	3389
882	5766	2259	3507
883	5553	2057	3496
884	5663	2274	3389
885	5775	2417	3358
886	5661	2185	3476
887	5570	2050	3520
888	5655	2152	3503
889	5813	2246	3567
890	5957	2316	3641
891	5727	2163	3564
892	5863	2285	3578
893	6005	2383	3622
894	5900	2217	3683
895	5838	2105	3733
896	5989	2267	3722
897	6065	2295	3770
898	6077	2244	3833
899	5807	2086	3721
900	5952	2261	3691
901	6037	2308	3729
902	5908	2185	3723
903	5890	2126	3764
904	6207	2394	3813
905	6195	2359	3836
906	5975	2196	3779
907	5775	2045	3730
908	6069	2319	3750
909	6222	2477	3745
910	5974	2189	3785
911	5824	1983	3841
912	6044	2174	3870
913	6172	2309	3863
914	6022	2166	3856
915	5858	2006	3852
916	6133	2232	3901
917	6354	2399	3955
918	6097	2176	3921
919	6066	2078	3988
920	6232	2253	3979
921	6337	2339	3998
922	6105	2146	3959
923	5897	1959	3938
924	6027	2106	3921
925	6291	2306	3985
926	6159	2138	4021
927	6043	2014	4029
928	6343	2251	4092
929	6474	2423	4051
930	6280	2203	4077
931	6138	2053	4085
932	6291	2252	4039
933	6587	2448	4139
934	6353	2220	4133
935	6068	1982	4086
936	6205	2177	4028
937	6432	2313	4119
938	6291	2104	4187
939	6651	2395	4256
940	6707	2479	4228
941	6851	2596	4255
942	6393	2206	4187
943	6060	1908	4152
944	6412	2213	4199
945	6687	2408	4279
946	6416	2194	4222
947	6369	2101	4268
948	6469	2264	4205
949	6587	2379	4208
950	6626	2338	4288
951	6418	2207	4211
952	6513	2303	4210
953	6588	2359	4229
954	6446	2210	4236
955	6540	2140	4400
956	6697	2335	4362
957	6941	2619	4322
958	6556	2238	4318
959	6354	2082	4272
960	6598	2326	4272
961	6656	2406	4250
962	6555	2281	4274
963	6665	2307	4358
964	7053	2615	4438
965	6826	2444	4382
966	6393	2087	4306
967	6318	2036	4282
968	6744	2373	4371
969	6767	2373	4394
970	6529	2167	4362
971	6493	2085	4408
972	6618	2162	4456
973	6769	2327	4442
974	6647	2229	4418
975	6449	2064	4385
976	6679	2278	4401
977	6825	2298	4527
978	6561	2115	4446
979	6534	2122	4412
980	6770	2330	4440
981	6919	2385	4534
982	6641	2166	4475
983	6643	2082	4561
984	6858	2324	4534
985	6937	2351	4586
986	6863	2240	4623
987	6743	2102	4641
988	6834	2282	4552
989	6791	2368	4423
990	6642	2125	4517
991	6607	2029	4578
992	6823	2332	4491
993	6882	2435	4447
994	6704	2174	4530
995	6517	2026	4491
996	6724	2292	4432
997	6857	2364	4493
998	6573	2148	4425
999	6581	2148	4433
1000	6825	2266	4559
1001	6860	2289	4571
1002	6644	2129	4515
1003	6512	2008	4504
1004	6821	2309	4512
1005	6921	2390	4531
1006	6589	2123	4466
1007	6523	2027	4496
1008	6739	2274	4465
1009	6932	2405	4527
1010	7095	2462	4633
1011	6796	2244	4552
1012	6634	2226	4408
1013	7069	2543	4526
1014	6847	2250	4597
1015	6624	2041	4583
1016	6754	2255	4499
1017	6898	2340	4558
1018	6795	2206	4589
1019	6629	2031	4598
1020	6874	2273	4601
1021	7054	2397	4657
1022	6995	2303	4692
1023	6980	2200	4780
1024	6949	2305	4644
1025	6936	2331	4605
1026	6790	2126	4664
1027	6687	2052	4635
1028	7015	2383	4632
1029	6987	2395	4592
1030	6892	2251	4641
1031	6803	2148	4655
1032	6893	2265	4628
1033	7001	2331	4670
1034	6915	2236	4679
1035	6806	2107	4699
1036	6932	2216	4716
1037	7163	2421	4742
1038	7014	2357	4657
1039	6906	2218	4688
1040	7041	2339	4702
1041	7102	2440	4662
1042	6835	2241	4594
1043	6626	2065	4561
1044	6708	2094	4614
1045	7105	2420	4685
1046	6983	2280	4703
1047	6730	2060	4670
1048	6961	2320	4641
1049	7085	2457	4628
1050	6889	2253	4636
1051	6747	2133	4614
1052	7039	2474	4565
1053	7107	2467	4640
1054	7406	2739	4667
1055	7026	2347	4679
1056	6889	2236	4653
1057	7035	2416	4619
1058	6828	2248	4580
1059	6636	2045	4591
1060	6847	2287	4560
1061	6896	2397	4499
1062	6601	2158	4443
1063	6526	2132	4394
1064	6563	2267	4296
1065	6657	2370	4287
1066	6573	2211	4362
1067	6482	2044	4438
1068	6874	2345	4529
1069	6867	2386	4481
1070	6782	2248	4534
1071	6670	2140	4530
1072	6746	2192	4554
1073	6954	2384	4570
1074	6951	2263	4688
1075	6735	2022	4713
1076	7027	2334	4693
1077	7069	2415	4654
1078	6810	2186	4624
1079	6884	2158	4726
1080	7149	2417	4732
1081	7076	2383	4693
1082	6970	2225	4745
1083	6769	2064	4705
1084	6933	2238	4695
1085	6900	2251	4649
1086	6829	2166	4663
1087	6709	2074	4635
1088	6882	2271	4611
1089	7046	2372	4674
1090	6842	2176	4666
1091	6898	2166	4732
1092	7113	2376	4737
1093	7113	2412	4701
1094	6887	2178	4709
1095	6684	2024	4660
1096	6857	2213	4644
1097	7018	2393	4625
1098	6850	2238	4612
1099	6549	2034	4515
1100	6668	2121	4547
1101	6909	2381	4528
1102	6754	2219	4535
1103	6708	2093	4615
1104	6993	2275	4718
1105	6985	2306	4679
1106	6753	2126	4627
1107	6812	2045	4767
1108	6945	2218	4727
1109	6933	2274	4659
1110	6698	2117	4581
1111	6893	2210	4683
1112	7055	2375	4680
1113	7110	2419	4691
1114	6920	2188	4732
1115	6723	2008	4715
1116	6751	2148	4603
1117	6929	2279	4650
1118	6989	2255	4734
1119	6834	2114	4720
1120	6959	2211	4748
1121	7102	2272	4830
1122	7105	2241	4864
1123	7033	2161	4872
1124	7296	2421	4875
1125	7323	2422	4901
1126	6937	2134	4803
1127	6844	2017	4827
1128	7031	2213	4818
1129	7111	2265	4846
1130	7008	2083	4925
1131	6962	2030	4932
1132	7079	2202	4877
1133	7267	2350	4917
1134	7012	2147	4865
1135	6898	2014	4884
1136	7283	2348	4935
1137	7377	2436	4941
1138	7049	2194	4855
1139	6978	2072	4906
1140	7118	2286	4832
1141	7231	2313	4918
1142	7229	2208	5021
1143	7346	2236	5110
1144	7364	2341	5023
1145	7280	2322	4958
1146	7219	2219	5000
1147	7112	2066	5046
1148	7189	2198	4991
1149	7219	2295	4924
1150	7061	2112	4949
1151	7366	2229	5137
1152	7375	2258	5117
1153	7334	2297	5037
1154	7276	2198	5078
1155	7198	2114	5084
1156	7361	2273	5088
1157	7629	2557	5072
1158	7377	2252	5125
1159	7137	2035	5102
1160	7472	2354	5118
1161	7537	2420	5117
1162	7334	2175	5159
1163	7244	2094	5150
1164	7406	2237	5169
1165	7542	2392	5150
1166	7431	2229	5202
1167	7306	2091	5215
1168	7618	2368	5250
1169	7612	2397	5215
1170	7300	2122	5178
1171	7553	2291	5262
1172	7806	2526	5280
1173	7754	2493	5261
1174	7470	2218	5252
1175	7261	2044	5217
1176	7503	2264	5239
1177	7670	2330	5340
1178	7464	2166	5298
1179	7362	1969	5393
1180	7542	2129	5413
1181	7721	2350	5371
1182	7626	2175	5451
1183	7464	2031	5433
1184	7608	2261	5347
1185	7675	2301	5374
1186	7577	2165	5412
1187	7462	2025	5437
1188	7661	2117	5544
1189	7929	2300	5629
1190	7730	2216	5514
1191	7509	2052	5457
1192	7743	2265	5478
1193	7843	2345	5498
1194	7603	2102	5501
1195	7529	1992	5537
1196	7728	2174	5554
1197	7940	2347	5593
1198	7801	2164	5637
1199	7805	2134	5671
1200	8109	2452	5657
1201	8239	2518	5721
1202	7893	2153	5740
1203	7762	2086	5676
1204	8044	2336	5708
1205	8235	2526	5709
1206	7979	2241	5738
1207	7811	2053	5758
1208	7950	2160	5790
1209	8096	2290	5806
1210	7947	2208	5739
1211	7856	2122	5734
1212	7956	2253	5703
1213	8175	2360	5815
1214	7923	2188	5735
1215	7776	2069	5707
1216	7882	2219	5663
1217	8111	2355	5756
1218	8060	2218	5842
1219	7994	2091	5903
1220	8169	2283	5886
1221	8246	2369	5877
1222	8064	2212	5852
1223	7968	2069	5899
1224	8135	2226	5909
1225	8265	2297	5968
1226	8082	2102	5980
1227	7967	1948	6019
1228	8371	2346	6025
1229	8491	2439	6052
1230	8274	2197	6077
1231	8202	2083	6119
1232	8355	2292	6063
1233	8344	2317	6027
1234	8166	2155	6011
1235	8203	2086	6117
1236	8507	2326	6181
1237	8568	2387	6181
1238	8339	2157	6182
1239	8165	1943	6222
1240	8461	2227	6234
1241	8649	2458	6191
1242	8387	2173	6214
1243	8336	2019	6317
1244	8601	2252	6349
1245	8737	2406	6331
1246	8512	2162	6350
1247	8448	2099	6349
1248	8708	2310	6398
1249	8819	2346	6473
1250	8767	2137	6630
1251	8606	2105	6501
1252	8661	2246	6415
1253	8749	2259	6490
1254	8643	2157	6486
1255	8559	2107	6452
1256	8812	2345	6467
1257	8824	2346	6478
1258	8580	2107	6473
1259	8531	2002	6529
1260	8860	2209	6651
1261	8907	2279	6628
1262	9027	2356	6671
1263	8760	2140	6620
1264	8900	2270	6630
1265	9045	2306	6739
1266	8937	2172	6765
1267	8736	2077	6659
1268	8877	2265	6612
1269	9037	2360	6677
1270	8775	2090	6685
1271	8841	2018	6823
1272	9759	2800	6959
1273	9554	2613	6941
1274	9171	2199	6972
1275	9056	2020	7036
1276	9108	2170	6938
1277	9348	2318	7030
1278	9297	2147	7150
1279	9100	2074	7026
1280	9337	2336	7001
1281	9474	2322	7152
1282	9409	2231	7178
1283	9186	2074	7112
1284	9416	2231	7185
1285	9477	2338	7139
1286	9241	2148	7093
1287	9154	2081	7073
1288	9478	2294	7184
1289	9641	2413	7228
1290	9527	2223	7304
1291	9309	2090	7219
1292	9692	2336	7356
1293	9779	2376	7403
1294	9430	2080	7350
1295	9295	1955	7340
1296	10064	2609	7455
1297	10179	2672	7507
1298	9743	2230	7513
1299	9678	2150	7528
1300	9819	2297	7522
1301	9980	2380	7600
1302	9832	2168	7664
1303	9619	2037	7582
1304	9929	2322	7607
1305	10146	2461	7685
1306	9934	2209	7725
1307	9932	2127	7805
1308	10095	2318	7777
1309	10267	2473	7794
1310	10108	2231	7877
1311	9948	2073	7875
1312	10248	2328	7920
1313	10307	2314	7993
1314	10232	2227	8005
1315	10179	2166	8013
1316	10538	2337	8201
1317	10541	2354	8187
1318	10262	2142	8120
1319	10155	2012	8143
1320	10416	2251	8165
1321	10732	2486	8246
1322	10389	2199	8190
1323	10098	1991	8107
1324	10347	2188	8159
1325	10477	2234	8243
1326	10402	2101	8301
1327	10326	1996	8330
1328	10599	2259	8340
1329	10852	2421	8431
1330	10591	2224	8367
1331	10301	2001	8300
1332	10491	2165	8326
1333	10935	2371	8564
1334	10625	2163	8462
1335	10521	2014	8507
1336	10859	2263	8596
1337	10971	2353	8618
1338	10728	2162	8566
1339	10648	2013	8635
1340	10906	2250	8656
1341	11125	2383	8742
1342	10803	2153	8650
1343	10676	2021	8655
1344	10854	2208	8646
1345	11088	2338	8750
1346	11035	2301	8734
1347	10852	2147	8705
1348	10919	2204	8715
1349	10962	2270	8692
1350	10825	2116	8709
1351	10737	1973	8764
1352	11255	2397	8858
1353	11310	2408	8902
1354	11077	2075	9002
1355	11076	2037	9039
1356	11285	2233	9052
1357	11304	2295	9009
1358	11410	2268	9142
1359	11344	2216	9128
1360	11301	2270	9031
1361	11384	2333	9051
1362	11232	2169	9063
1363	11155	2027	9128
1364	11397	2304	9093
1365	11502	2417	9085
1366	11432	2244	9188
1367	11283	2075	9208
1368	11409	2308	9101
1369	11673	2392	9281
1370	11469	2208	9261
1371	11275	2066	9209
1372	11547	2287	9260
1373	11828	2466	9362
1374	11531	2257	9274
1375	11341	2075	9266
1376	11549	2257	9292
1377	11564	2282	9282
1378	11477	2197	9280
1379	11480	2113	9367
1380	11608	2228	9380
1381	11516	2299	9217
1382	11330	2154	9176
1383	11314	2024	9290
1384	11547	2215	9332
1385	11739	2341	9398
1386	11601	2127	9474
1387	11464	2015	9449
1388	11871	2460	9411
1389	11949	2541	9408
1390	11626	2249	9377
1391	11534	2153	9381
1392	11764	2308	9456
1393	11930	2376	9554
1394	11661	2120	9541
1395	11366	1952	9414
1396	11644	2215	9429
1397	11823	2396	9427
1398	11608	2165	9443
1399	11663	2139	9524
1400	11780	2307	9473
1401	11862	2360	9502
1402	11653	2148	9505
1403	11686	2110	9576
1404	11841	2250	9591
1405	11931	2318	9613
1406	11727	2107	9620
1407	11686	2024	9662
1408	11896	2128	9768
1409	12015	2305	9710
1410	11932	2198	9734
1411	11820	2039	9781
1412	11938	2176	9762
1413	12063	2341	9722
1414	12027	2225	9802
1415	11998	2150	9848
1416	12197	2295	9902
1417	12288	2349	9939
1418	12252	2293	9959
1419	12145	2164	9981
1420	12290	2233	10057
1421	12272	2367	9905
1422	12017	2148	9869
1423	12039	2065	9974
1424	12504	2403	10101
1425	12485	2454	10031
1426	12146	2129	10017
1427	12054	1983	10071
1428	12409	2319	10090
1429	12500	2344	10156
1430	12216	2108	10108
1431	12138	2034	10104
1432	12369	2249	10120
1433	12451	2392	10059
1434	12324	2180	10144
1435	12195	2084	10111
1436	12563	2443	10120
1437	12634	2512	10122
1438	12393	2223	10170
1439	12390	2140	10250
1440	12712	2446	10266
1441	12573	2397	10176
1442	12147	2109	10038
1443	12045	2021	10024
1444	12401	2329	10072
1445	12461	2358	10103
1446	12176	2080	10096
1447	12060	1978	10082
1448	12295	2217	10078
1449	12410	2286	10124
1450	12368	2206	10162
1451	12095	2063	10032
1452	12267	2201	10066
1453	12341	2214	10127
1454	12023	2004	10019
1455	11973	1985	9988
1456	12235	2296	9939
1457	12188	2331	9857
1458	11915	2121	9794
1459	11811	1959	9852
1460	12178	2261	9917
1461	12256	2397	9859
1462	11883	2118	9765
1463	11903	2110	9793
1464	12037	2232	9805
1465	11999	2280	9719
1466	11975	2298	9677
1467	11764	2135	9629
1468	12074	2327	9747
1469	12385	2436	9949
1470	12074	2195	9879
1471	11758	2025	9733
1472	12101	2253	9848
1473	12118	2302	9816
1474	11922	2161	9761
1475	11757	2042	9715
1476	12036	2298	9738
1477	12170	2417	9753
1478	11892	2154	9738
1479	11765	2062	9703
1480	11964	2214	9750
1481	11974	2285	9689
1482	11916	2200	9716
1483	11944	2154	9790
1484	12097	2336	9761
1485	12334	2445	9889
1486	12262	2338	9924
1487	11976	2159	9817
1488	12041	2245	9796
1489	12088	2284	9804
1490	11785	2101	9684
1491	11998	2242	9756
1492	12126	2353	9773
1493	12084	2291	9793
1494	11866	2064	9802
1495	11744	2018	9726
1496	12086	2318	9768
1497	12093	2305	9788
1498	11884	2103	9781
1499	11747	1994	9753
1500	11977	2222	9755
1501	12054	2355	9699
1502	11906	2151	9755
1503	11670	2062	9608
1504	11778	2304	9474
1505	12017	2456	9561
1506	11782	2200	9582
1507	11656	2012	9644
1508	11734	2105	9629
1509	12094	2439	9655
1510	11716	2179	9537
1511	11465	1972	9493
1512	11734	2251	9483
1513	11909	2405	9504
1514	11786	2301	9485
1515	11508	2114	9394
1516	11713	2322	9391
1517	11776	2394	9382
1518	11667	2252	9415
1519	11369	2053	9316
1520	11623	2274	9349
1521	11895	2465	9430
1522	11687	2315	9372
1523	11461	2068	9393
1524	11410	2134	9276
1525	11520	2270	9250
1526	11564	2206	9358
1527	11415	2044	9371
1528	11476	2166	9310
1529	11603	2247	9356
1530	11410	2107	9303
1531	11373	2136	9237
1532	11438	2296	9142
1533	11509	2306	9203
1534	11396	2175	9221
1535	11331	2154	9177
1536	11485	2210	9275
1537	11507	2299	9208
1538	11540	2300	9240
1539	11461	2184	9277
1540	11564	2368	9196
1541	11492	2379	9113
1542	11392	2361	9031
1543	11461	2322	9139
1544	11406	2292	9114
1545	11316	2247	9069
1546	11026	2061	8965
1547	10945	2033	8912
1548	11192	2243	8949
1549	11279	2313	8966
1550	11089	2150	8939
1551	10871	1977	8894
1552	11281	2319	8962
1553	11370	2463	8907
1554	10988	2154	8834
1555	10773	2036	8737
1556	11022	2200	8822
1557	11250	2400	8850
1558	11052	2116	8936
1559	10930	2015	8915
1560	10998	2189	8809
1561	11230	2367	8863
1562	11074	2203	8871
1563	10910	2081	8829
1564	10929	2246	8683
1565	11016	2315	8701
1566	10811	2139	8672
1567	10639	2042	8597
1568	11231	2508	8723
1569	11305	2518	8787
1570	10779	2146	8633
1571	10586	2057	8529
1572	11668	3058	8610
1573	11313	2799	8514
1574	10505	2133	8372
1575	10525	2062	8463
1576	11053	2509	8544
1577	10870	2439	8431
1578	10594	2207	8387
1579	10723	2216	8507
1580	10717	2302	8415
1581	10655	2346	8309
1582	10427	2127	8300
1583	10382	2033	8349
1584	10444	2122	8322
1585	10434	2239	8195
1586	10362	2171	8191
1587	10258	2067	8191
1588	10386	2220	8166
1589	10571	2381	8190
1590	10257	2170	8087
1591	10082	1989	8093
1592	10332	2234	8098
1593	10327	2261	8066
1594	10189	2120	8069
1595	10268	2194	8074
1596	10731	2696	8035
1597	10510	2516	7994
1598	10132	2152	7980
1599	10093	2026	8067
1600	10377	2244	8133
1601	10379	2249	8130
1602	10299	2207	8092
1603	10135	2145	7990
1604	10249	2260	7989
1605	10290	2272	8018
1606	10083	2125	7958
1607	10041	2095	7946
1608	10289	2274	8015
1609	10285	2256	8029
1610	10049	2083	7966
1611	10013	2013	8000
1612	10324	2271	8053
1613	10334	2307	8027
1614	10259	2220	8039
1615	10133	2033	8100
1616	10240	2270	7970
1617	10368	2351	8017
1618	10340	2306	8034
1619	10179	2183	7996
1620	10357	2339	8018
1621	10451	2390	8061
1622	10102	2134	7968
1623	9970	2042	7928
1624	10379	2442	7937
1625	10343	2469	7874
1626	10069	2191	7878
1627	9857	2054	7803
1628	10436	2492	7944
1629	10518	2581	7937
1630	10018	2218	7800
1631	9681	1995	7686
1632	10096	2306	7790
1633	10104	2322	7782
1634	10004	2166	7838
1635	9921	2055	7866
1636	10105	2212	7893
1637	10171	2242	7929
1638	9920	2081	7839
1639	9831	2059	7772
1640	10301	2437	7864
1641	10376	2474	7902
1642	10001	2254	7747
1643	9849	2024	7825
1644	9955	2165	7790
1645	9964	2255	7709
1646	9867	2163	7704
1647	9744	2027	7717
1648	10013	2276	7737
1649	10071	2355	7716
1650	9764	2121	7643
1651	9721	2017	7704
1652	9954	2259	7695
1653	9957	2327	7630
1654	9723	2061	7662
1655	9674	2007	7667
1656	9770	2175	7595
1657	9767	2188	7579
1658	9825	2117	7708
1659	9770	2056	7714
1660	9946	2347	7599
1661	10201	2551	7650
1662	9898	2251	7647
1663	9668	2063	7605
1664	9884	2282	7602
1665	9917	2343	7574
1666	9620	2205	7415
1667	9652	2147	7505
1668	9789	2264	7525
1669	9801	2311	7490
1670	9808	2189	7619
1671	9827	2143	7684
1672	9809	2273	7536
1673	9834	2308	7526
1674	9678	2139	7539
1675	9540	1986	7554
1676	9735	2191	7544
1677	9843	2302	7541
1678	9763	2173	7590
1679	9619	2052	7567
1680	9959	2358	7601
1681	10136	2458	7678
1682	9846	2202	7644
1683	9629	2014	7615
1684	9976	2324	7652
1685	9948	2361	7587
1686	9603	2076	7527
1687	9721	2102	7619
1688	9788	2248	7540
1689	9783	2261	7522
1690	9738	2155	7583
1691	9667	2074	7593
1692	9846	2336	7510
1693	9873	2333	7540
1694	9579	2066	7513
1695	9527	2042	7485
1696	9706	2237	7469
1697	9823	2314	7509
1698	9717	2162	7555
1699	9698	2089	7609
1700	10013	2376	7637
1701	10092	2466	7626
1702	9863	2141	7722
1703	9612	2063	7549
1704	9745	2210	7535
1705	9919	2312	7607
1706	9794	2129	7665
1707	9592	2072	7520
1708	9782	2344	7438
1709	10087	2505	7582
1710	10033	2361	7672
1711	9753	2130	7623
1712	9887	2292	7595
1713	10054	2412	7642
1714	9757	2185	7572
1715	9472	1974	7498
1716	9763	2193	7570
1717	10020	2306	7714
1718	9809	2158	7651
1719	9721	2093	7628
1720	9897	2338	7559
1721	10080	2343	7737
1722	9897	2160	7737
1723	9644	2043	7601
1724	10050	2302	7748
1725	10153	2405	7748
1726	9840	2173	7667
1727	9681	2048	7633
1728	9765	2082	7683
1729	10093	2320	7773
1730	9903	2142	7761
1731	9742	2064	7678
1732	9925	2251	7674
1733	10018	2257	7761
1734	9808	2084	7724
1735	9633	1949	7684
1736	9838	2124	7714
1737	10023	2349	7674
1738	10014	2275	7739
1739	9833	2099	7734
1740	10034	2237	7797
1741	10040	2307	7733
1742	9973	2191	7782
1743	9891	2101	7790
1744	9866	2223	7643
1745	9904	2265	7639
1746	9886	2116	7770
1747	9960	2092	7868
1748	10107	2240	7867
1749	10186	2309	7877
1750	9921	2116	7805
1751	9639	1960	7679
1752	9877	2179	7698
1753	10168	2349	7819
1754	9925	2187	7738
1755	9752	2007	7745
1756	10072	2250	7822
1757	10338	2339	7999
1758	10100	2144	7956
1759	9857	1993	7864
1760	10107	2183	7924
1761	10165	2227	7938
1762	10089	2138	7951
1763	9947	2017	7930
1764	10125	2287	7838
1765	10258	2379	7879
1766	9947	2114	7833
1767	9933	2032	7901
1768	10003	2155	7848
1769	10144	2246	7898
1770	10077	2155	7922
1771	10187	2132	8055
1772	10385	2307	8078
1773	10466	2430	8036
1774	10363	2337	8026
1775	10032	2098	7934
1776	10243	2229	8014
1777	10309	2289	8020
1778	10050	2060	7990
1779	9939	1953	7986
1780	10114	2130	7984
1781	10210	2246	7964
1782	10339	2244	8095
1783	10135	2097	8038
1784	10135	2126	8009
1785	10434	2362	8072
1786	10351	2249	8102
1787	10131	1998	8133
1788	10375	2225	8150
1789	10452	2359	8093
1790	10367	2239	8128
1791	10204	2057	8147
1792	10228	2142	8086
1793	10498	2371	8127
1794	10267	2126	8141
1795	10110	1983	8127
1796	10406	2252	8154
1797	10587	2338	8249
1798	10487	2241	8246
1799	10395	2159	8236
1800	10560	2333	8227
1801	10498	2324	8174
1802	10226	2066	8160
1803	10169	2004	8165
1804	10411	2185	8226
1805	10780	2514	8266
1806	10396	2213	8183
1807	10229	1967	8262
1808	10590	2214	8376
1809	10541	2188	8353
1810	10364	2083	8281
1811	10311	2017	8294
1812	10408	2118	8290
1813	10781	2394	8387
1814	10745	2299	8446
1815	10558	2067	8491
1816	10758	2351	8407
1817	10755	2450	8305
1818	10646	2248	8398
1819	10412	2030	8382
1820	10534	2136	8398
1821	10701	2241	8460
1822	10660	2161	8499
1823	10429	1999	8430
1824	10550	2215	8335
1825	10705	2336	8369
1826	10470	2106	8364
1827	10576	2105	8471
1828	11009	2520	8489
1829	10913	2415	8498
1830	10690	2194	8496
1831	10510	2031	8479
1832	10730	2285	8445
1833	10815	2342	8473
1834	10451	2104	8347
1835	10315	1971	8344
1836	10529	2166	8363
1837	10757	2306	8451
1838	10746	2292	8454
1839	10532	2106	8426
1840	10677	2180	8497
1841	10661	2233	8428
1842	10437	2075	8362
1843	10381	1997	8384
1844	10589	2168	8421
1845	10764	2315	8449
1846	10348	2072	8276
1847	10378	1994	8384
1848	10607	2159	8448
1849	10546	2239	8307
1850	10338	2124	8214
1851	10398	2017	8381
1852	10511	2133	8378
1853	10483	2247	8236
1854	10474	2161	8313
1855	10385	2009	8376
1856	10601	2234	8367
1857	10709	2360	8349
1858	10399	2160	8239
1859	10251	2014	8237
1860	10413	2169	8244
1861	10445	2300	8145
1862	10246	2119	8127
1863	10122	1957	8165
1864	10356	2235	8121
1865	10678	2521	8157
1866	10271	2160	8111
1867	10006	1921	8085
1868	10253	2210	8043
1869	10414	2370	8044
1870	10090	2051	8039
1871	9957	1934	8023
1872	10344	2306	8038
1873	10310	2293	8017
1874	9868	1940	7928
1875	9740	1820	7920
1876	10225	2341	7884
1877	10283	2409	7874
1878	9808	2036	7772
1879	9605	1889	7716
1880	10166	2314	7852
1881	10261	2423	7838
1882	9776	2063	7713
1883	9650	1917	7733
1884	9972	2234	7738
1885	9986	2308	7678
1886	9589	1990	7599
1887	9481	1856	7625
1888	9830	2292	7538
1889	9973	2438	7535
1890	9717	2153	7564
1891	9508	1949	7559
1892	9765	2254	7511
1893	9718	2284	7434
1894	9466	2041	7425
1895	9367	1898	7469
1896	9714	2217	7497
1897	9864	2354	7510
1898	9551	2105	7446
1899	9386	1922	7464
1900	9609	2168	7441
1901	9694	2272	7422
1902	9531	2062	7469
1903	9275	1883	7392
1904	9447	2078	7369
1905	9606	2216	7390
1906	9408	2002	7406
1907	9245	1924	7321
1908	9541	2209	7332
1909	9771	2355	7416
1910	9393	2070	7323
1911	9242	1910	7332
1912	9480	2144	7336
1913	9533	2329	7204
1914	9431	2219	7212
1915	9489	2177	7312
1916	9560	2364	7196
1917	9517	2383	7134
1918	9202	2140	7062
1919	8980	1946	7034
1920	9284	2230	7054
1921	9387	2346	7041
1922	9026	2022	7004
1923	8946	1962	6984
1924	9253	2286	6967
1925	9167	2267	6900
1926	8742	1998	6744
1927	8821	1989	6832
1928	9275	2267	7008
1929	9283	2443	6840
1930	8850	2060	6790
1931	8603	1881	6722
1932	8943	2208	6735
1933	9012	2278	6734
1934	8681	2023	6658
1935	8554	1941	6613
1936	8742	2163	6579
1937	9090	2470	6620
1938	8760	2185	6575
1939	8430	1865	6565
1940	8698	2144	6554
1941	8836	2326	6510
1942	8600	2121	6479
1943	8336	1897	6439
1944	8506	2131	6375
1945	8697	2303	6394
1946	8386	2059	6327
1947	8057	1905	6152
1948	8404	2223	6181
1949	8622	2332	6290
1950	8350	2076	6274
1951	8123	1941	6182
1952	8515	2238	6277
1953	8576	2319	6257
1954	8338	2132	6206
1955	8088	1926	6162
1956	8332	2125	6207
1957	8430	2281	6149
1958	8030	2030	6000
1959	8112	2026	6086
1960	8330	2272	6058
1961	8228	2278	5950
1962	7946	2014	5932
1963	7808	1875	5933
1964	7977	2089	5888
1965	8280	2305	5975
1966	8004	2100	5904
1967	7806	1978	5828
1968	8112	2269	5843
1969	8213	2363	5850
1970	7954	2064	5890
1971	7650	1856	5794
1972	7714	2005	5709
1973	8035	2309	5726
1974	7725	2056	5669
1975	7554	1861	5693
1976	7767	2069	5698
1977	8097	2330	5767
1978	8035	2213	5822
1979	7744	2045	5699
1980	8017	2303	5714
1981	8083	2376	5707
1982	7785	2127	5658
1983	7586	1952	5634
1984	7726	2213	5513
1985	8095	2500	5595
1986	7814	2212	5602
1987	7332	1866	5466
1988	7592	2095	5497
1989	7995	2406	5589
1990	7511	2098	5413
1991	7288	1955	5333
1992	7632	2269	5363
1993	7807	2412	5395
1994	7434	2043	5391
1995	7303	1881	5422
1996	7579	2150	5429
1997	7658	2279	5379
1998	7232	1977	5255
1999	7295	1911	5384
2000	7583	2193	5390
2001	7593	2283	5310
2002	7170	1962	5208
2003	7235	1961	5274
2004	7604	2300	5304
2005	7727	2404	5323
2006	7255	2103	5152
2007	7002	1933	5069
2008	7497	2336	5161
2009	7561	2403	5158
2010	7498	2368	5130
2011	7289	2161	5128
2012	7400	2238	5162
2013	7615	2391	5224
2014	7253	2108	5145
2015	7017	1880	5137
2016	7293	2193	5100
2017	7464	2320	5144
2018	7108	2032	5076
2019	6801	1874	4927
2020	7188	2167	5021
2021	7533	2362	5171
2022	7109	2027	5082
2023	6961	1923	5038
2024	7284	2276	5008
2025	7308	2321	4987
2026	7213	2122	5091
2027	7139	2044	5095
2028	7169	2211	4958
2029	7207	2242	4965
2030	6996	2010	4986
2031	6889	1919	4970
2032	7276	2244	5032
2033	7327	2336	4991
2034	7334	2292	5042
2035	7011	2033	4978
2036	7093	2184	4909
2037	7359	2442	4917
2038	7053	2103	4950
2039	6952	1936	5016
2040	7106	2190	4916
2041	7213	2283	4930
2042	7002	2079	4923
2043	6776	1904	4872
2044	7133	2227	4906
2045	7525	2491	5034
2046	7109	2148	4961
2047	6725	1878	4847
2048	7013	2172	4841
2049	7233	2325	4908
2050	6893	2010	4883
2051	6797	1887	4910
2052	7211	2273	4938
2053	7370	2439	4931
2054	6975	2099	4876
2055	6793	1948	4845
2056	7092	2271	4821
2057	7033	2255	4778
2058	6860	1942	4918
2059	6762	1876	4886
2060	7066	2168	4898
2061	7317	2345	4972
2062	7004	2074	4930
2063	7082	2072	5010
2064	7269	2349	4920
2065	7196	2313	4883
2066	6900	1982	4918
2067	6789	1870	4919
2068	7190	2300	4890
2069	7365	2453	4912
2070	6984	2076	4908
2071	6851	1924	4927
2072	7199	2185	5014
2073	7496	2486	5010
2074	7152	2196	4956
2075	6747	1857	4890
2076	6929	2133	4796
2077	7078	2317	4761
2078	7211	2285	4926
2079	6902	2023	4879
2080	6966	2121	4845
2081	7082	2182	4900
2082	6913	2007	4906
2083	6778	1883	4895
2084	7281	2307	4974
2085	7198	2324	4874
2086	6880	1988	4892
2087	6695	1803	4892
2088	6874	2074	4800
2089	7100	2210	4890
2090	6863	1967	4896
2091	6778	1863	4915
2092	7138	2158	4980
2093	7252	2281	4971
2094	7125	2062	5063
2095	6798	1860	4938
2096	7000	2125	4875
2097	7215	2263	4952
2098	7077	2111	4966
2099	7222	2154	5068
2100	7415	2297	5118
2101	7417	2316	5101
2102	7093	2016	5077
2103	6921	1831	5090
2104	7099	2057	5042
2105	7285	2229	5056
2106	7016	1973	5043
2107	6967	1858	5109
2108	7412	2262	5150
2109	7425	2344	5081
2110	7200	2120	5080
2111	7122	1914	5208
2112	7383	2151	5232
2113	7702	2404	5298
2114	7470	2152	5318
2115	7117	1922	5195
2116	7320	2135	5185
2117	7562	2320	5242
2118	7340	2067	5273
2119	7260	1984	5276
2120	7344	2191	5153
2121	7555	2333	5222
2122	7394	2131	5263
2123	7180	1937	5243
2124	7299	2165	5134
2125	7610	2401	5209
2126	7407	2083	5324
2127	7058	1840	5218
2128	7386	2177	5209
2129	7624	2336	5288
2130	7394	2061	5333
2131	7143	1871	5272
2132	7455	2125	5330
2133	7664	2301	5363
2134	7365	2011	5354
2135	7197	1827	5370
2136	7465	2095	5370
2137	7725	2375	5350
2138	7426	2100	5326
2139	7107	1865	5242
2140	7442	2213	5229
2141	7617	2307	5310
2142	7422	2046	5376
2143	7384	1954	5430
2144	7534	2122	5412
2145	7614	2302	5312
2146	7425	2121	5304
2147	7150	1903	5247
2148	7454	2157	5297
2149	7588	2275	5313
2150	7447	2101	5346
2151	7237	1889	5348
2152	7634	2262	5372
2153	7982	2582	5400
2154	7531	2172	5359
2155	7245	1934	5311
2156	7588	2277	5311
2157	7684	2315	5369
2158	7260	1961	5299
2159	7213	1896	5317
2160	7475	2135	5340
2161	7832	2388	5444
2162	7678	2278	5400
2163	7294	1983	5311
2164	7386	2129	5257
2165	7592	2324	5268
2166	7373	2082	5291
2167	7132	1877	5255
2168	7292	2095	5197
2169	7481	2255	5226
2170	7428	2172	5256
2171	7172	1900	5272
2172	7390	2094	5296
2173	7570	2288	5282
2174	7249	2034	5215
2175	7192	1988	5204
2176	7355	2218	5137
2177	7381	2255	5126
2178	7331	2194	5137
2179	7291	2096	5195
2180	7368	2243	5125
2181	7483	2322	5161
2182	7248	2066	5182
2183	6994	1872	5122
2184	7379	2199	5180
2185	7699	2479	5220
2186	7291	2172	5119
2187	7125	2019	5106
2188	7289	2180	5109
2189	7279	2259	5020
2190	7022	2017	5005
2191	7020	1973	5047
2192	7289	2247	5042
2193	7316	2363	4953
2194	7008	2049	4959
2195	6774	1853	4921
2196	6955	2105	4850
2197	7300	2366	4934
2198	6952	2103	4849
2199	6734	1910	4824
2200	7322	2352	4970
2201	7325	2363	4962
2202	6978	2119	4859
2203	6751	1937	4814
2204	6820	2047	4773
2205	6969	2231	4738
2206	6674	2028	4646
2207	6715	1952	4763
2208	6847	2173	4674
2209	6912	2279	4633
2210	6725	2047	4678
2211	6736	1988	4748
2212	6839	2158	4681
2213	6945	2297	4648
2214	6613	2087	4526
2215	6339	1854	4485
2216	6617	2106	4511
2217	6793	2286	4507
2218	6479	2021	4458
2219	6336	1845	4491
2220	6601	2073	4528
2221	6791	2265	4526
2222	6494	2041	4453
2223	6177	1815	4362
2224	6559	2129	4430
2225	6702	2227	4475
2226	6555	2137	4418
2227	6305	1987	4318
2228	6491	2181	4310
2229	6570	2288	4282
2230	6214	1993	4221
2231	6003	1843	4160
2232	6538	2290	4248
2233	6797	2489	4308
2234	6366	2146	4220
2235	6135	1974	4161
2236	6236	2140	4096
2237	6362	2331	4031
2238	6213	2164	4049
2239	6070	2033	4037
2240	6132	2177	3955
2241	6135	2214	3921
2242	6086	2104	3982
2243	5890	1913	3977
2244	6073	2131	3942
2245	6205	2298	3907
2246	5997	2049	3948
2247	5861	1869	3992
2248	6295	2328	3967
2249	6185	2352	3833
2250	5998	2183	3815
2251	5898	2014	3884
2252	6142	2273	3869
2253	6146	2322	3824
2254	5755	2003	3752
2255	5779	1957	3822
2256	6010	2203	3807
2257	6020	2326	3694
2258	5693	2056	3637
2259	5625	1939	3686
2260	5859	2217	3642
2261	5863	2282	3581
2262	5654	2112	3542
2263	5524	1956	3568
2264	5640	2122	3518
2265	5792	2239	3553
2266	5563	2025	3538
2267	5421	1907	3514
2268	5672	2130	3542
2269	5652	2163	3489
2270	5399	2008	3391
2271	5561	2088	3473
2272	5751	2289	3462
2273	5850	2324	3526
2274	5544	2052	3492
2275	5338	1863	3475
2276	5589	2196	3393
2277	5727	2344	3383
2278	5537	2141	3396
2279	5283	1945	3338
2280	5405	2133	3272
2281	5687	2350	3337
2282	5439	2148	3291
2283	5252	1967	3285
2284	5736	2361	3375
2285	5686	2399	3287
2286	5171	2009	3162
2287	4966	1865	3101
2288	5285	2182	3103
2289	5855	2705	3150
2290	5564	2385	3179
2291	5089	1926	3163
2292	5499	2311	3188
2293	5619	2474	3145
2294	5209	2092	3117
2295	4988	1877	3111
2296	5305	2222	3083
2297	5573	2462	3111
2298	5148	2113	3035
2299	4952	1972	2980
2300	5087	2097	2990
2301	5331	2240	3091
2302	5064	2019	3045
2303	4831	1851	2980
2304	5084	2164	2920
2305	5226	2288	2938
2306	4851	1971	2880
2307	4766	1854	2912
2308	4953	2103	2850
2309	5160	2301	2859
2310	4946	2049	2897
2311	4898	1941	2957
2312	5139	2138	3001
2313	5206	2274	2932
2314	4895	2023	2872
2315	4675	1892	2783
2316	4914	2160	2754
2317	5078	2285	2793
2318	4915	2070	2845
2319	4809	1893	2916
2320	5000	2087	2913
2321	5031	2206	2825
2322	4970	2093	2877
2323	4847	1949	2898
2324	4996	2176	2820
2325	5047	2232	2815
2326	4937	2077	2860
2327	4916	2057	2859
2328	5215	2328	2887
2329	5193	2370	2823
2330	4837	2113	2724
2331	4728	1909	2819
2332	5104	2228	2876
2333	5199	2350	2849
2334	4851	2116	2735
2335	4867	2037	2830
2336	5144	2279	2865
2337	5183	2342	2841
2338	4858	2024	2834
2339	4682	1920	2762
2340	4853	2185	2668
2341	5022	2292	2730
2342	4739	2042	2697
2343	4544	1861	2683
2344	4845	2093	2752
2345	4935	2174	2761
2346	5019	2141	2878
2347	4714	1919	2795
2348	4811	2106	2705
2349	5082	2356	2726
2350	4898	2088	2810
2351	4598	1863	2735
2352	5080	2316	2764
2353	5216	2447	2769
2354	4920	2112	2808
2355	4703	1959	2744
2356	5054	2303	2751
2357	5124	2386	2738
2358	4737	2064	2673
2359	4651	1941	2710
2360	4945	2149	2796
2361	5027	2222	2805
2362	4837	2066	2771
2363	4739	1937	2802
2364	4905	2118	2787
2365	4971	2222	2749
2366	4683	1957	2726
2367	4588	1811	2777
2368	4858	2102	2756
2369	5232	2401	2831
2370	5004	2170	2834
2371	4650	1898	2752
2372	4846	2107	2739
2373	5018	2251	2767
2374	4815	2023	2792
2375	4690	1880	2810
2376	5034	2169	2865
2377	5033	2215	2818
2378	4821	2032	2789
2379	4781	1956	2825
2380	5041	2186	2855
2381	5121	2277	2844
2382	4807	2018	2789
2383	4643	1867	2776
2384	4929	2111	2818
2385	5322	2417	2905
2386	5030	2177	2853
2387	4713	1897	2816
2388	5049	2186	2863
2389	5163	2284	2879
2390	4933	2072	2861
2391	4922	2027	2895
2392	5103	2250	2853
2393	5254	2395	2859
2394	4957	2099	2858
2395	4701	1860	2841
2396	5005	2117	2888
2397	5192	2320	2872
2398	4960	2113	2847
2399	4957	2022	2935
2400	5134	2253	2881
2401	5352	2395	2957
2402	5054	2081	2973
2403	4887	1954	2933
2404	5202	2253	2949
2405	5225	2294	2931
2406	5142	2189	2953
2407	4967	2042	2925
2408	5286	2345	2941
2409	5279	2350	2929
2410	5019	2076	2943
2411	4819	1915	2904
2412	5014	2139	2875
2413	5368	2403	2965
2414	5197	2193	3004
2415	5043	2025	3018
2416	5490	2457	3033
2417	5431	2457	2974
2418	5050	2081	2969
2419	4874	1896	2978
2420	5090	2149	2941
2421	5138	2257	2881
2422	4961	2021	2940
2423	4868	1916	2952
2424	5091	2127	2964
2425	5223	2255	2968
2426	4882	1956	2926
2427	4867	1873	2994
2428	5181	2121	3060
2429	5160	2172	2988
2430	5061	2052	3009
2431	5100	2031	3069
2432	5265	2234	3031
2433	5356	2331	3025
2434	5190	2089	3101
2435	4891	1908	2983
2436	5349	2281	3068
2437	5427	2379	3048
2438	5038	2119	2919
2439	5033	2063	2970
2440	5122	2161	2961
2441	5309	2363	2946
2442	5107	2136	2971
2443	5003	1962	3041
2444	5267	2229	3038
2445	5404	2376	3028
2446	5151	2113	3038
2447	5156	2062	3094
2448	5306	2227	3079
2449	5331	2301	3030
2450	5073	2064	3009
2451	5066	2008	3058
2452	5253	2210	3043
2453	5429	2331	3098
2454	5173	2078	3095
2455	5025	1932	3093
2456	5116	2098	3018
2457	5263	2220	3043
2458	5201	2165	3036
2459	5044	2000	3044
2460	5247	2133	3114
2461	5350	2256	3094
2462	5099	2040	3059
2463	4942	1885	3057
2464	5187	2167	3020
2465	5482	2421	3061
2466	5163	2193	2970
2467	4888	1967	2921
2468	5090	2193	2897
2469	5136	2239	2897
2470	5024	2072	2952
2471	4799	1896	2903
2472	5017	2161	2856
2473	5135	2294	2841
2474	4866	2003	2863
2475	5091	2133	2958
2476	5153	2296	2857
2477	5157	2279	2878
2478	4904	2086	2818
2479	4811	1931	2880
2480	4988	2143	2845
2481	5031	2220	2811
2482	4792	2025	2767
2483	4630	1841	2789
2484	4860	2045	2815
2485	5189	2342	2847
2486	4902	2093	2809
2487	4719	1982	2737
2488	4895	2177	2718
2489	5025	2260	2765
2490	4933	2126	2807
2491	4659	1933	2726
2492	4733	2123	2610
2493	4762	2115	2647
2494	4573	1953	2620
2495	4551	1946	2605
2496	4742	2086	2656
2497	4871	2258	2613
2498	4859	2211	2648
2499	4608	1979	2629
2500	4679	2104	2575
2501	4834	2269	2565
2502	4697	2055	2642
2503	4633	1921	2712
2504	4726	2132	2594
2505	4747	2235	2512
2506	4572	2031	2541
2507	4450	1961	2489
2508	4740	2298	2442
2509	4814	2368	2446
2510	4572	2098	2474
2511	4512	2027	2485
2512	4676	2233	2443
2513	4829	2331	2498
2514	4458	2015	2443
2515	4245	1833	2412
2516	4585	2171	2414
2517	4770	2375	2395
2518	4710	2214	2496
2519	4550	2054	2496
2520	4725	2311	2414
2521	4871	2421	2450
2522	4590	2144	2446
2523	4337	1916	2421
2524	4411	2061	2350
2525	4550	2267	2283
2526	4319	2060	2259
2527	4074	1825	2249
2528	4670	2311	2359
2529	4728	2368	2360
2530	4428	2079	2349
2531	4224	1912	2312
2532	4544	2241	2303
2533	4633	2352	2281
2534	4238	1987	2251
2535	4141	1932	2209
2536	4689	2467	2222
2537	4586	2436	2150
2538	4126	2018	2108
2539	4105	1984	2121
2540	4237	2178	2059
2541	4422	2301	2121
2542	4204	2041	2163
2543	4096	1946	2150
2544	4539	2332	2207
2545	4497	2377	2120
2546	4151	2103	2048
2547	3941	1923	2018
2548	4195	2207	1988
2549	4322	2268	2054
2550	4308	2225	2083
2551	4080	2029	2051
2552	4053	2070	1983
2553	4261	2223	2038
2554	4033	2007	2026
2555	3823	1861	1962
2556	4146	2138	2008
2557	4316	2286	2030
2558	4214	2136	2078
2559	4056	2002	2054
2560	4082	2148	1934
2561	4456	2441	2015
2562	4230	2203	2027
2563	3969	1986	1983
2564	4071	2143	1928
2565	4133	2210	1923
2566	3991	2011	1980
2567	3860	1854	2006
2568	3936	2052	1884
2569	4020	2165	1855
2570	3915	2007	1908
2571	3844	1954	1890
2572	4075	2224	1851
2573	4184	2329	1855
2574	4133	2218	1915
2575	3910	2032	1878
2576	4085	2240	1845
2577	4227	2377	1850
2578	4090	2245	1845
2579	3856	2053	1803
2580	3954	2157	1797
2581	4284	2387	1897
2582	4001	2141	1860
2583	3677	1925	1752
2584	3867	2125	1742
2585	4081	2285	1796
2586	3891	2128	1763
2587	3705	1948	1757
2588	3999	2196	1803
2589	4168	2334	1834
2590	4051	2217	1834
2591	3760	1992	1768
2592	3886	2100	1786
2593	4115	2335	1780
2594	3867	2095	1772
2595	3740	1968	1772
2596	4012	2273	1739
2597	4120	2368	1752
2598	3769	2032	1737
2599	3680	1868	1812
2600	4058	2230	1828
2601	4168	2356	1812
2602	3987	2143	1844
2603	3858	2050	1808
2604	3968	2217	1751
2605	4087	2301	1786
2606	3944	2157	1787
2607	3679	1972	1707
2608	3893	2234	1659
2609	4052	2310	1742
2610	3851	2084	1767
2611	3673	1914	1759
2612	3885	2122	1763
2613	4072	2278	1794
2614	3733	2025	1708
2615	3738	2045	1693
2616	4056	2303	1753
2617	4196	2392	1804
2618	3898	2109	1789
2619	3654	1920	1734
2620	3989	2160	1829
2621	4218	2371	1847
2622	4040	2197	1843
2623	3852	2012	1840
2624	4112	2284	1828
2625	4161	2342	1819
2626	3793	2045	1748
2627	3669	1943	1726
2628	3870	2135	1735
2629	4101	2309	1792
2630	3921	2097	1824
2631	3715	1956	1759
2632	3946	2212	1734
2633	4025	2280	1745
2634	3773	2034	1739
2635	3673	1929	1744
2636	3938	2194	1744
2637	4137	2323	1814
2638	3878	2068	1810
2639	3660	1885	1775
2640	3915	2160	1755
2641	4017	2259	1758
2642	3652	1962	1690
2643	3492	1772	1720
2644	3835	2057	1778
2645	4089	2305	1784
2646	3986	2183	1803
2647	3650	1977	1673
2648	3922	2226	1696
2649	4121	2346	1775
2650	3852	2079	1773
2651	3678	1912	1766
2652	3952	2209	1743
2653	4084	2341	1743
2654	3905	2133	1772
2655	3702	1943	1759
2656	3905	2171	1734
2657	3961	2267	1694
2658	3737	2027	1710
2659	3632	1864	1768
2660	3968	2206	1762
2661	4045	2283	1762
2662	3819	1994	1825
2663	3731	1888	1843
2664	3903	2113	1790
2665	4332	2453	1879
2666	4025	2155	1870
2667	3774	1942	1832
2668	4102	2265	1837
2669	4111	2305	1806
2670	3876	2075	1801
2671	3691	1948	1743
2672	4040	2235	1805
2673	4072	2293	1779
2674	3847	2065	1782
2675	3630	1869	1761
2676	4015	2223	1792
2677	4273	2378	1895
2678	3830	2011	1819
2679	3680	1934	1746
2680	3919	2198	1721
2681	4323	2505	1818
2682	4026	2172	1854
2683	3786	1938	1848
2684	4021	2227	1794
2685	4077	2343	1734
2686	3866	2063	1803
2687	3818	1974	1844
2688	4009	2162	1847
2689	4077	2218	1859
2690	3750	1931	1819
2691	3715	1975	1740
2692	4024	2234	1790
2693	4073	2243	1830
2694	3835	2056	1779
2695	3606	1896	1710
2696	3879	2125	1754
2697	3994	2256	1738
2698	3898	2157	1741
2699	3644	1937	1707
2700	3951	2225	1726
2701	4043	2328	1715
2702	3671	2014	1657
2703	3648	1952	1696
2704	3875	2160	1715
2705	4065	2373	1692
2706	3952	2193	1759
2707	3992	2145	1847
2708	4020	2288	1732
2709	4009	2344	1665
2710	3755	2093	1662
2711	3642	1961	1681
2712	3936	2262	1674
2713	4026	2385	1641
2714	3749	2055	1694
2715	3585	1872	1713
2716	4002	2266	1736
2717	4053	2397	1656
2718	3771	2077	1694
2719	3478	1849	1629
2720	3826	2180	1646
2721	4110	2358	1752
2722	3652	2046	1606
2723	3569	1961	1608
2724	3827	2207	1620
2725	3878	2267	1611
2726	3696	2117	1579
2727	3439	1914	1525
2728	3613	2124	1489
2729	3811	2275	1536
2730	3514	2006	1508
2731	3421	1925	1496
2732	3852	2332	1520
2733	3983	2427	1556
2734	3568	2101	1467
2735	3456	1995	1461
2736	3792	2250	1542
2737	3883	2401	1482
2738	3544	2085	1459
2739	3224	1842	1382
2740	3605	2182	1423
2741	3989	2438	1551
2742	3628	2125	1503
2743	3318	1875	1443
2744	3724	2210	1514
2745	3858	2380	1478
2746	3367	2012	1355
2747	3192	1858	1334
2748	3546	2198	1348
2749	3672	2284	1388
2750	3314	1971	1343
2751	3172	1832	1340
2752	3457	2120	1337
2753	3596	2261	1335
2754	3432	2092	1340
2755	3145	1898	1247
2756	3418	2150	1268
2757	3538	2268	1270
2758	3229	2037	1192
2759	3181	1936	1245
2760	3382	2115	1267
2761	3530	2291	1239
2762	3230	2007	1223
2763	3103	1843	1260
2764	3602	2292	1310
2765	3615	2343	1272
2766	3287	2061	1226
2767	3157	1936	1221
2768	3425	2206	1219
2769	3446	2262	1184
2770	3245	2044	1201
2771	3060	1866	1194
2772	3280	2133	1147
2773	3390	2270	1120
2774	3170	2012	1158
2775	3246	2041	1205
2776	3456	2284	1172
2777	3573	2407	1166
2778	3310	2122	1188
2779	2946	1911	1035
2780	3275	2195	1080
2781	3407	2222	1185
2782	3507	2286	1221
2783	3174	1997	1177
2784	7443	5297	2146
2785	5856	4072	1784
2786	3061	2029	1032
2787	2877	1860	1017
2788	3218	2147	1071
2789	3378	2287	1091
2790	3213	2086	1127
2791	3131	1978	1153
2792	3196	2142	1054
2793	3396	2356	1040
2794	3129	2071	1058
2795	2905	1859	1046
2796	3269	2204	1065
2797	3409	2362	1047
2798	3182	2081	1101
2799	2974	1917	1057
2800	3318	2237	1081
2801	3401	2314	1087
2802	3043	2030	1013
2803	3085	2006	1079
2804	3479	2356	1123
2805	3380	2351	1029
2806	2951	1989	962
2807	2912	1932	980
2808	3145	2162	983
2809	3254	2254	1000
2810	3163	2143	1020
2811	2907	1891	1016
2812	3044	2091	953
2813	3188	2186	1002
2814	2966	1973	993
2815	2809	1902	907
2816	3171	2193	978
2817	3400	2369	1031
2818	3142	2106	1036
2819	3041	2030	1011
2820	3184	2209	975
2821	3342	2312	1030
2822	3242	2141	1101
2823	2999	1966	1033
2824	3162	2178	984
2825	3223	2234	989
2826	2901	1951	950
2827	2776	1839	937
2828	3133	2190	943
2829	3323	2319	1004
2830	2989	2018	971
2831	2967	1961	1006
2832	3177	2208	969
2833	3275	2333	942
2834	2933	1996	937
2835	2900	1939	961
2836	3189	2231	958
2837	3234	2277	957
2838	2922	1967	955
2839	2892	1903	989
2840	3105	2146	959
2841	3300	2359	941
2842	3238	2203	1035
2843	3055	2005	1050
2844	3262	2257	1005
2845	3386	2416	970
2846	3117	2184	933
2847	2823	1923	900
2848	3016	2132	884
2849	3312	2375	937
2850	3003	2087	916
2851	2815	1949	866
2852	3114	2183	931
2853	3282	2297	985
2854	3024	2082	942
2855	2980	2009	971
2856	3301	2321	980
2857	3339	2394	945
2858	3136	2150	986
2859	2971	1983	988
2860	3106	2120	986
2861	3337	2320	1017
2862	2948	2025	923
2863	2805	1878	927
2864	3311	2338	973
2865	3344	2360	984
2866	3024	2030	994
2867	3165	2092	1073
2868	3659	2590	1069
2869	3454	2417	1037
2870	3092	2052	1040
2871	3003	1982	1021
2872	3221	2227	994
2873	3264	2300	964
2874	3019	2001	1018
2875	3024	2007	1017
2876	3154	2194	960
2877	3192	2240	952
2878	2925	1959	966
2879	2786	1824	962
2880	3118	2139	979
2881	3322	2330	992
2882	3009	2034	975
2883	2987	1961	1026
2884	3274	2273	1001
2885	3337	2357	980
2886	3004	2042	962
2887	2928	1916	1012
2888	3217	2166	1051
2889	3315	2280	1035
2890	3036	2034	1002
2891	2849	1885	964
2892	3159	2233	926
2893	3387	2395	992
2894	3053	2056	997
2895	2869	1951	918
2896	3052	2188	864
2897	3215	2305	910
2898	2998	2095	903
2899	2820	1891	929
2900	3054	2119	935
2901	3301	2364	937
2902	2972	2071	901
2903	2730	1836	894
2904	3079	2150	929
2905	3229	2273	956
2906	2987	2027	960
2907	2851	1919	932
2908	3037	2224	813
2909	3161	2290	871
2910	2813	1955	858
2911	2678	1803	875
2912	3057	2123	934
2913	3242	2313	929
2914	2937	2093	844
2915	2797	1884	913
2916	3002	2119	883
2917	3192	2333	859
2918	2958	2066	892
2919	2751	1897	854
2920	2954	2141	813
2921	3078	2245	833
2922	3037	2107	930
2923	2858	1897	961
2924	3026	2127	899
2925	3199	2346	853
2926	3006	2140	866
2927	2767	1923	844
2928	2996	2189	807
2929	3074	2257	817
2930	2829	1990	839
2931	2741	1900	841
2932	3171	2305	866
2933	3166	2346	820
2934	2846	2052	794
2935	2636	1846	790
2936	2839	2056	783
2937	3236	2432	804
2938	2985	2123	862
2939	2729	1919	810
2940	2976	2157	819
2941	3072	2257	815
2942	2820	2100	720
2943	2608	1901	707
2944	3078	2299	779
2945	3107	2375	732
2946	2674	2010	664
2947	2575	1845	730
2948	2992	2237	755
2949	3017	2301	716
2950	2752	1995	757
2951	2629	1914	715
2952	2814	2117	697
2953	2992	2290	702
2954	2616	1951	665
2955	2542	1872	670
2956	2910	2225	685
2957	2876	2301	575
2958	2650	2078	572
2959	2456	1873	583
2960	2771	2178	593
2961	2963	2332	631
2962	2825	2115	710
2963	2676	1997	679
2964	2899	2227	672
2965	2879	2235	644
2966	2760	2089	671
2967	2560	1908	652
2968	2677	2101	576
2969	2945	2334	611
2970	2623	2012	611
2971	2512	1860	652
2972	2820	2157	663
2973	2862	2243	619
2974	2518	1979	539
2975	2467	1899	568
2976	2899	2280	619
2977	2888	2304	584
2978	2621	2031	590
2979	2501	1898	603
2980	2751	2217	534
2981	2758	2266	492
2982	2760	2180	580
2983	2639	2056	583
2984	2713	2184	529
2985	2949	2386	563
2986	2658	2089	569
2987	2436	1887	549
2988	2753	2179	574
2989	2890	2343	547
2990	2469	2019	450
2991	2292	1831	461
2992	2630	2114	516
2993	2788	2278	510
2994	2459	1978	481
2995	2387	1904	483
2996	2790	2249	541
2997	2924	2379	545
2998	2566	2011	555
2999	2363	1827	536
3000	2657	2178	479
3001	2962	2446	516
3002	2635	2068	567
3003	2384	1871	513
3004	2696	2225	471
3005	2800	2323	477
3006	2585	2077	508
3007	2389	1863	526
3008	2786	2248	538
3009	2947	2441	506
3010	2777	2240	537
3011	2619	2023	596
3012	2619	2121	498
3013	2714	2222	492
3014	2526	1974	552
3015	2388	1852	536
3016	2625	2141	484
3017	2816	2274	542
3018	2559	2036	523
3019	2340	1864	476
3020	2642	2163	479
3021	2798	2301	497
3022	2573	2054	519
3023	2392	1906	486
3024	2720	2214	506
3025	2837	2310	527
3026	2491	2050	441
3027	2275	1808	467
3028	2605	2133	472
3029	2823	2320	503
3030	2623	2086	537
3031	2454	1902	552
3032	2657	2117	540
3033	2814	2310	504
3034	2655	2116	539
3035	2410	1896	514
3036	2798	2227	571
3037	2939	2374	565
3038	2559	2055	504
3039	2371	1872	499
3040	2602	2073	529
3041	2908	2340	568
3042	2618	2105	513
3043	2296	1818	478
3044	2548	2062	486
3045	2802	2300	502
3046	2661	2086	575
3047	2427	1886	541
3048	2517	2029	488
3049	2611	2163	448
3050	2556	2040	516
3051	2456	1913	543
3052	2581	2117	464
3053	2640	2187	453
3054	2561	2049	512
3055	2412	1905	507
3056	2623	2104	519
3057	2748	2223	525
3058	2463	1983	480
3059	2277	1851	426
3060	2721	2202	519
3061	2834	2283	551
3062	2551	2002	549
3063	2314	1821	493
3064	2566	2057	509
3065	2726	2254	472
3066	2508	2035	473
3067	2380	1878	502
3068	2699	2162	537
3069	2787	2285	502
3070	2533	2042	491
3071	2563	2022	541
3072	2661	2135	526
3073	2711	2220	491
3074	2602	2055	547
3075	2394	1888	506
3076	2729	2190	539
3077	2875	2327	548
3078	2450	2013	437
3079	2373	1916	457
3080	2621	2232	389
3081	2996	2480	516
3082	2664	2124	540
3083	2333	1846	487
3084	2668	2188	480
3085	2800	2337	463
3086	2407	1975	432
3087	2269	1825	444
3088	2630	2180	450
3089	2849	2344	505
3090	2748	2178	570
3091	2439	1948	491
3092	2521	2097	424
3093	2766	2272	494
3094	2720	2113	607
3095	2570	1998	572
3096	2595	2179	416
3097	2733	2347	386
3098	2568	2075	493
3099	2326	1872	454
3100	2494	2136	358
3101	2748	2309	439
3102	2538	2084	454
3103	2331	1909	422
3104	2595	2200	395
3105	2746	2272	474
3106	2520	2021	499
3107	2343	1892	451
3108	2603	2145	458
3109	2696	2210	486
3110	2523	2015	508
3111	2432	1935	497
3112	2486	2080	406
3113	2561	2200	361
3114	2546	2193	353
3115	2353	1975	378
3116	2673	2228	445
3117	2803	2338	465
3118	2393	1987	406
3119	2142	1821	321
3120	2490	2099	391
3121	2704	2321	383
3122	2503	2101	402
3123	2352	1922	430
3124	2589	2173	416
3125	2751	2325	426
3126	2556	2133	423
3127	2332	1960	372
3128	2584	2211	373
3129	2693	2309	384
3130	2493	2108	385
3131	2344	1948	396
3132	2585	2177	408
3133	2650	2304	346
3134	2505	2125	380
3135	2355	1940	415
3136	2570	2199	371
3137	2593	2259	334
3138	2418	2050	368
3139	2233	1874	359
3140	2476	2102	374
3141	2547	2156	391
3142	2339	1942	397
3143	2280	1904	376
3144	2455	2113	342
3145	2638	2373	265
3146	2573	2236	337
3147	2485	2045	440
3148	2458	2094	364
3149	2578	2235	343
3150	2322	1992	330
3151	2239	1893	346
3152	2515	2157	358
3153	2757	2379	378
3154	2507	2109	398
3155	2363	1948	415
3156	2736	2372	364
3157	2812	2474	338
3158	2371	2035	336
3159	2206	1859	347
3160	2668	2246	422
3161	2769	2376	393
3162	2411	2061	350
3163	2255	1916	339
3164	2420	2123	297
3165	2525	2240	285
3166	2265	1982	283
3167	2174	1869	305
3168	2505	2219	286
3169	2608	2318	290
3170	2361	2023	338
3171	2186	1848	338
3172	2460	2136	324
3173	2574	2291	283
3174	2305	2025	280
3175	2161	1859	302
3176	2350	2065	285
3177	2580	2225	355
3178	2445	2068	377
3179	2313	1913	400
3180	2502	2151	351
3181	2910	2518	392
3182	2526	2183	343
3183	2225	1888	337
3184	2429	2103	326
3185	2538	2241	297
3186	2355	2050	305
3187	2206	1857	349
3188	2430	2100	330
3189	2539	2226	313
3190	2293	1995	298
3191	2208	1857	351
3192	2557	2255	302
3193	2617	2293	324
3194	2557	2170	387
3195	2301	1956	345
3196	2405	2084	321
3197	2738	2346	392
3198	2452	2048	404
3199	2178	1853	325
3200	2426	2180	246
3201	2614	2347	267
3202	2567	2184	383
3203	2240	1886	354
3204	2483	2122	361
3205	2704	2313	391
3206	2473	2146	327
3207	2298	1932	366
3208	2801	2329	472
3209	2807	2387	420
3210	2246	1935	311
3211	2167	1842	325
3212	2459	2130	329
3213	2560	2271	289
3214	2383	2039	344
3215	2157	1826	331
3216	2332	2030	302
3217	2533	2206	327
3218	2434	2081	353
3219	2288	1964	324
3220	2452	2141	311
3221	2582	2244	338
3222	2343	2025	318
3223	2166	1849	317
3224	2602	2247	355
3225	2718	2361	357
3226	2331	2008	323
3227	2153	1827	326
3228	2418	2116	302
3229	2536	2276	260
3230	2440	2119	321
3231	2303	1915	388
3232	2395	2052	343
3233	2591	2260	331
3234	2615	2236	379
3235	2392	2035	357
3236	2383	2074	309
3237	2626	2276	350
3238	2495	2170	325
3239	2182	1915	267
3240	2390	2124	266
3241	2479	2214	265
3242	2309	2001	308
3243	2300	1956	344
3244	2541	2181	360
3245	2597	2306	291
3246	2365	2041	324
3247	2252	1928	324
3248	2498	2206	292
3249	2844	2490	354
3250	2412	2094	318
3251	2180	1857	323
3252	2462	2129	333
3253	2540	2257	283
3254	2369	2051	318
3255	2218	1857	361
3256	2467	2133	334
3257	2649	2304	345
3258	2441	2119	322
3259	2131	1895	236
3260	2319	2174	145
3261	2429	2267	162
3262	2209	1963	246
3263	2134	1868	266
3264	2456	2204	252
3265	2577	2268	309
3266	2242	1949	293
3267	2040	1813	227
3268	2437	2177	260
3269	2696	2375	321
3270	2443	2113	330
3271	2285	1987	298
3272	2483	2222	261
3273	2479	2292	187
3274	2311	2045	266
3275	2211	1919	292
3276	2693	2391	302
3277	2730	2390	340
3278	2315	2016	299
3279	2121	1905	216
3280	2458	2208	250
3281	2561	2312	249
3282	2371	2039	332
3283	2200	1913	287
3284	2342	2095	247
3285	2526	2242	284
3286	2334	2034	300
3287	2226	1897	329
3288	2478	2230	248
3289	2484	2274	210
3290	3185	2771	414
3291	2755	2407	348
3292	2241	2048	193
3293	2360	2203	157
3294	2172	1998	174
3295	2064	1885	179
3296	2326	2107	219
3297	2419	2185	234
3298	2175	1984	191
3299	2157	1889	268
3300	2278	2063	215
3301	2403	2222	181
3302	2268	2035	233
3303	2074	1817	257
3304	2255	2030	225
3305	2283	2085	198
3306	2206	1974	232
3307	2069	1853	216
3308	2292	2011	281
3309	2325	2074	251
3310	2196	1978	218
3311	2063	1842	221
3312	2262	2034	228
3313	2301	2087	214
3314	2139	1946	193
3315	2163	1888	275
3316	2370	2098	272
3317	2397	2153	244
3318	2166	1934	232
3319	2225	1954	271
3320	2305	2103	202
3321	2255	2074	181
3322	2238	1954	284
3323	2103	1875	228
3324	2128	1952	176
3325	2353	2132	221
3326	2242	2034	208
3327	2102	1901	201
3328	2400	2147	253
3329	2652	2360	292
3330	2296	2050	246
3331	2207	1952	255
3332	2367	2154	213
3333	2320	2137	183
3334	2151	1954	197
3335	2088	1867	221
3336	2287	2102	185
3337	2414	2208	206
3338	2478	2164	314
3339	2242	1940	302
3340	2649	2330	319
3341	2515	2315	200
3342	2204	2028	176
3343	2146	1927	219
3344	2208	2035	173
3345	2545	2244	301
3346	2451	2154	297
3347	2289	2007	282
3348	2296	2105	191
3349	2310	2145	165
3350	2189	2008	181
3351	2062	1858	204
3352	2338	2109	229
3353	2553	2291	262
3354	2295	2060	235
3355	2157	1919	238
3356	2257	2052	205
3357	2254	2077	177
3358	2256	2034	222
3359	2099	1882	217
3360	2306	2084	222
3361	2500	2240	260
3362	2377	2085	292
3363	2168	1919	249
3364	2321	2118	203
3365	2413	2220	193
3366	2321	2062	259
3367	2301	2017	284
3368	2447	2173	274
3369	2524	2293	231
3370	2314	2057	257
3371	2146	1915	231
3372	2337	2136	201
3373	2477	2228	249
3374	2255	2004	251
3375	2116	1929	187
3376	2312	2123	189
3377	2280	2096	184
3378	2132	1941	191
3379	2619	2329	290
3380	2497	2229	268
3381	2313	2095	218
3382	2187	2002	185
3383	2055	1896	159
3384	2338	2180	158
3385	2516	2297	219
3386	2254	1979	275
3387	2081	1807	274
3388	2274	2030	244
3389	2323	2136	187
3390	2324	2106	218
3391	2061	1909	152
3392	2125	1977	148
3393	2369	2171	198
3394	2277	2037	240
3395	2334	2043	291
3396	2376	2148	228
3397	2301	2145	156
3398	2132	1951	181
3399	1995	1858	137
3400	2110	2018	92
3401	2239	2145	94
3402	2148	1993	155
3403	2046	1892	154
3404	2338	2167	171
3405	2446	2193	253
3406	2132	1941	191
3407	2121	1925	196
3408	2405	2174	231
3409	2479	2277	202
3410	2396	2151	245
3411	2109	1861	248
3412	2372	2157	215
3413	2363	2151	212
3414	2237	1983	254
3415	2134	1917	217
3416	2194	2061	133
3417	2243	2089	154
3418	2112	1931	181
3419	2004	1847	157
3420	2191	2033	158
3421	2345	2190	155
3422	2159	1957	202
3423	1976	1787	189
3424	2077	1922	155
3425	2369	2170	199
3426	2288	2073	215
3427	2093	1934	159
3428	2281	2088	193
3429	2396	2196	200
3430	2224	2047	177
3431	2025	1862	163
3432	2209	2017	192
3433	2268	2096	172
3434	2305	2094	211
3435	2159	1953	206
3436	2160	2023	137
3437	2298	2133	165
3438	2201	2010	191
3439	2155	1932	223
3440	2332	2161	171
3441	2262	2116	146
3442	2270	2077	193
3443	2170	1960	210
3444	2240	2055	185
3445	2226	2050	176
3446	1961	1843	118
3447	2008	1835	173
3448	2152	1972	180
3449	2283	2121	162
3450	2342	2092	250
3451	2169	1950	219
3452	2282	2098	184
3453	2295	2126	169
3454	2326	2097	229
3455	2116	1942	174
3456	2423	2176	247
3457	2501	2254	247
3458	2155	2008	147
3459	1979	1870	109
3460	2242	2089	153
3461	2459	2233	226
3462	2217	2025	192
3463	1928	1785	143
3464	2211	2033	178
3465	2373	2171	202
3466	2143	1958	185
3467	1975	1814	161
3468	2206	2053	153
3469	2341	2192	149
3470	2162	2010	152
3471	2076	1912	164
3472	2316	2165	151
3473	2392	2263	129
3474	2111	1973	138
3475	1908	1806	102
3476	2114	1984	130
3477	2271	2109	162
3478	2130	1932	198
3479	1953	1804	149
3480	2152	2007	145
3481	2243	2127	116
3482	2053	1961	92
3483	1956	1824	132
3484	2155	2021	134
3485	2319	2169	150
3486	2105	1957	148
3487	2083	1877	206
3488	2266	2025	241
3489	2350	2144	206
3490	2090	1919	171
3491	1958	1812	146
3492	2194	2047	147
3493	2343	2175	168
3494	2768	2528	240
3495	2420	2196	224
3496	2263	2099	164
3497	2349	2198	151
3498	2254	2068	186
3499	2148	1983	165
3500	2243	2087	156
3501	2315	2216	99
3502	2144	2043	101
3503	2024	1868	156
3504	2202	2044	158
3505	2377	2156	221
3506	2176	2016	160
3507	2131	1982	149
3508	2328	2134	194
3509	2290	2123	167
3510	2197	2000	197
3511	2074	1876	198
3512	2256	2077	179
3513	2310	2162	148
3514	2124	2005	119
3515	1978	1879	99
3516	2168	2034	134
3517	2270	2113	157
3518	2189	2036	153
3519	2166	1997	169
3520	2111	1995	116
3521	2167	2063	104
3522	2247	2062	185
3523	2367	2121	246
3524	2362	2140	222
3525	2371	2165	206
3526	2275	2071	204
3527	2065	1947	118
3528	2286	2129	157
3529	2347	2216	131
3530	2149	2029	120
3531	2054	1924	130
3532	2103	2007	96
3533	2261	2140	121
3534	2083	1977	106
3535	2047	1945	102
3536	2266	2145	121
3537	2299	2173	126
3538	2084	1947	137
3539	2015	1841	174
3540	2197	2051	146
3541	2396	2248	148
3542	2201	2047	154
3543	2075	1952	123
3544	2230	2142	88
3545	2304	2194	110
3546	2174	2062	112
3547	2011	1897	114
3548	2473	2287	186
3549	2431	2276	155
3550	2077	1973	104
3551	1969	1889	80
3552	2270	2099	171
3553	2303	2161	142
3554	2152	2024	128
3555	2094	1924	170
3556	2224	2093	131
3557	2272	2163	109
3558	2057	1995	62
3559	1909	1886	23
3560	2287	2128	159
3561	2531	2288	243
3562	2172	2016	156
3563	1965	1891	74
3564	2243	2133	110
3565	2306	2194	112
3566	2121	2024	97
3567	2077	1953	124
3568	2444	2301	143
3569	2384	2263	121
3570	2249	2123	126
3571	2061	1928	133
3572	2233	2117	116
3573	2483	2339	144
3574	2123	2003	120
3575	2032	1896	136
3576	2106	1981	125
3577	2234	2148	86
3578	2054	1982	72
3579	2072	1896	176
3580	2210	2072	138
3581	2211	2119	92
3582	2192	2035	157
3583	2084	1930	154
3584	2301	2137	164
3585	2394	2259	135
3586	2173	2066	107
3587	1955	1871	84
3588	2282	2175	107
3589	2412	2282	130
3590	2214	2040	174
3591	2000	1864	136
3592	2295	2112	183
3593	2394	2246	148
3594	2245	2107	138
3595	2139	1990	149
3596	2310	2158	152
3597	2503	2303	200
3598	2279	2114	165
3599	2059	1951	108
3600	2292	2168	124
3601	2475	2297	178
3602	2260	2070	190
3603	2010	1908	102
3604	2162	2113	49
3605	2230	2152	78
3606	2288	2085	203
3607	2177	1995	182
3608	2202	2121	81
3609	2200	2126	74
3610	2189	2063	126
3611	2138	2022	116
3612	2410	2261	149
3613	2600	2397	203
3614	2217	2083	134
3615	2058	1945	113
3616	2200	2066	134
3617	2218	2130	88
3618	2078	2007	71
3619	2211	1995	216
3620	2292	2119	173
3621	2465	2323	142
3622	2455	2274	181
3623	2260	2044	216
3624	2294	2115	179
3625	2303	2183	120
3626	2400	2239	161
3627	2145	2023	122
3628	2173	2100	73
3629	2273	2195	78
3630	2218	2095	123
3631	2064	1936	128
3632	2257	2180	77
3633	2414	2328	86
3634	2261	2120	141
3635	2015	1881	134
3636	2149	2059	90
3637	2324	2212	112
3638	2380	2238	142
3639	2262	2100	162
3640	2290	2153	137
3641	2353	2240	113
3642	2153	2054	99
3643	1932	1870	62
3644	2127	2044	83
3645	2301	2229	72
3646	2188	2122	66
3647	2135	2022	113
3648	2387	2246	141
