index	original	background	difference
-----------------------------------------------------
1	1431	0	1431
2	1434	0	1434
3	1467	0	1467
4	1460	0	1460
5	1434	0	1434
6	1433	0	1433
7	1467	0	1467
8	1485	0	1485
9	1453	0	1453
10	1439	0	1439
11	1439	0	1439
12	1441	0	1441
13	1433	0	1433
14	1434	0	1434
15	1437	0	1437
16	1436	0	1436
17	1428	0	1428
18	1418	0	1418
19	1412	0	1412
20	1415	0	1415
21	1427	0	1427
22	1449	0	1449
23	1431	0	1431
24	1406	0	1406
25	1414	0	1414
26	1434	0	1434
27	1435	0	1435
28	1442	0	1442
29	1444	0	1444
30	1477	0	1477
31	1468	0	1468
32	1431	0	1431
33	1443	0	1443
34	1469	0	1469
35	1485	0	1485
36	1458	0	1458
37	1434	0	1434
38	1444	0	1444
39	1422	0	1422
40	1435	0	1435
41	1460	0	1460
42	1461	0	1461
43	1452	0	1452
44	1460	0	1460
45	1467	0	1467
46	1436	0	1436
47	1437	0	1437
48	1435	0	1435
49	1469	0	1469
50	1495	0	1495
51	1487	0	1487
52	1471	0	1471
53	1468	0	1468
54	1501	0	1501
55	1472	0	1472
56	1483	0	1483
57	1466	0	1466
58	1459	0	1459
59	1467	0	1467
60	1500	0	1500
61	1498	0	1498
62	1528	0	1528
63	1501	0	1501
64	1474	0	1474
65	1500	0	1500
66	1497	0	1497
67	1470	0	1470
68	1449	0	1449
69	1485	0	1485
70	1478	0	1478
71	1485	0	1485
72	1510	0	1510
73	1497	0	1497
74	1505	0	1505
75	1476	0	1476
76	1468	0	1468
77	1488	0	1488
78	1491	0	1491
79	1492	0	1492
80	1482	0	1482
81	1511	0	1511
82	1533	0	1533
83	1506	0	1506
84	1505	0	1505
85	1490	0	1490
86	1521	0	1521
87	1497	0	1497
88	1498	0	1498
89	1475	0	1475
90	1478	0	1478
91	1521	0	1521
92	1520	0	1520
93	1503	0	1503
94	1495	0	1495
95	1510	0	1510
96	1518	0	1518
97	1487	0	1487
98	1528	0	1528
99	1518	0	1518
100	1490	0	1490
101	1480	0	1480
102	1495	0	1495
103	1505	0	1505
104	1524	0	1524
105	1516	0	1516
106	1507	0	1507
107	1523	0	1523
108	1531	0	1531
109	1530	0	1530
110	1522	0	1522
111	1525	0	1525
112	1515	0	1515
113	1507	0	1507
114	1528	0	1528
115	1554	0	1554
116	1524	0	1524
117	1532	0	1532
118	1535	0	1535
119	1484	0	1484
120	1517	0	1517
121	1538	0	1538
122	1529	0	1529
123	1524	0	1524
124	1516	0	1516
125	1515	0	1515
126	1539	0	1539
127	1529	0	1529
128	1523	0	1523
129	1514	0	1514
130	1536	0	1536
131	1522	0	1522
132	1512	0	1512
133	1494	0	1494
134	1499	0	1499
135	1485	0	1485
136	1519	0	1519
137	1532	0	1532
138	1523	0	1523
139	1519	0	1519
140	1505	0	1505
141	1515	0	1515
142	1545	0	1545
143	1534	0	1534
144	1521	0	1521
145	1512	0	1512
146	1521	0	1521
147	1544	0	1544
148	1504	0	1504
149	1537	0	1537
150	1604	0	1604
151	1568	0	1568
152	1537	0	1537
153	1524	0	1524
154	1557	0	1557
155	1559	0	1559
156	1516	0	1516
157	1512	0	1512
158	1520	0	1520
159	1541	0	1541
160	1539	0	1539
161	1533	0	1533
162	1536	0	1536
163	1557	0	1557
164	1560	0	1560
165	1537	0	1537
166	1546	0	1546
167	1541	0	1541
168	1542	0	1542
169	1543	0	1543
170	1560	0	1560
171	1576	0	1576
172	1567	0	1567
173	1559	0	1559
174	1551	0	1551
175	1565	0	1565
176	1570	0	1570
177	1562	0	1562
178	1557	0	1557
179	1579	0	1579
180	1561	0	1561
181	1522	0	1522
182	1563	0	1563
183	1534	0	1534
184	1520	0	1520
185	1506	0	1506
186	1543	0	1543
187	1568	0	1568
188	1558	0	1558
189	1545	0	1545
190	1555	0	1555
191	1562	0	1562
192	1550	0	1550
193	1537	0	1537
194	1535	0	1535
195	1549	0	1549
196	1579	0	1579
197	1578	0	1578
198	1592	0	1592
199	1584	0	1584
200	1575	0	1575
201	1551	0	1551
202	1566	0	1566
203	1568	0	1568
204	1574	0	1574
205	1583	0	1583
206	1580	0	1580
207	1581	0	1581
208	1570	0	1570
209	1547	0	1547
210	1573	0	1573
211	1598	0	1598
212	1576	0	1576
213	1572	0	1572
214	1573	0	1573
215	1537	0	1537
216	1578	0	1578
217	1599	0	1599
218	1576	0	1576
219	1591	0	1591
220	1581	0	1581
221	1542	0	1542
222	1546	0	1546
223	1589	0	1589
224	1604	0	1604
225	1594	0	1594
226	1568	0	1568
227	1563	0	1563
228	1565	0	1565
229	1551	0	1551
230	1587	0	1587
231	1587	0	1587
232	1592	0	1592
233	1595	0	1595
234	1582	0	1582
235	1582	0	1582
236	1538	0	1538
237	1535	0	1535
238	1580	0	1580
239	1583	0	1583
240	1593	0	1593
241	1604	0	1604
242	1588	0	1588
243	1614	0	1614
244	1618	0	1618
245	1603	0	1603
246	1627	0	1627
247	1605	0	1605
248	1608	0	1608
249	1593	0	1593
250	1588	0	1588
251	1603	0	1603
252	1600	0	1600
253	1601	0	1601
254	1630	0	1630
255	1631	0	1631
256	1612	0	1612
257	1618	0	1618
258	1626	0	1626
259	1623	0	1623
260	1617	0	1617
261	1606	0	1606
262	1631	0	1631
263	1610	0	1610
264	1606	0	1606
265	1595	0	1595
266	1620	0	1620
267	1625	0	1625
268	1640	0	1640
269	1650	0	1650
270	1666	0	1666
271	1668	0	1668
272	1634	0	1634
273	1620	0	1620
274	1635	0	1635
275	1619	0	1619
276	1641	0	1641
277	1609	0	1609
278	1590	0	1590
279	1607	0	1607
280	1625	0	1625
281	1642	0	1642
282	1657	0	1657
283	1687	0	1687
284	1655	0	1655
285	1624	0	1624
286	1623	0	1623
287	1619	0	1619
288	1646	0	1646
289	1663	0	1663
290	1648	0	1648
291	1618	0	1618
292	1636	0	1636
293	1625	0	1625
294	1629	0	1629
295	1628	0	1628
296	1617	0	1617
297	1637	0	1637
298	1658	0	1658
299	1603	0	1603
300	1595	0	1595
301	1636	0	1636
302	1645	0	1645
303	1644	0	1644
304	1630	0	1630
305	1615	0	1615
306	1641	0	1641
307	1641	0	1641
308	1630	0	1630
309	1636	0	1636
310	1619	0	1619
311	1624	0	1624
312	1627	0	1627
313	1618	0	1618
314	1651	0	1651
315	1675	0	1675
316	1666	0	1666
317	1636	0	1636
318	1635	0	1635
319	1651	0	1651
320	1685	0	1685
321	1676	0	1676
322	1668	0	1668
323	1638	0	1638
324	1637	0	1637
325	1639	0	1639
326	1642	0	1642
327	1655	0	1655
328	1647	0	1647
329	1627	0	1627
330	1622	0	1622
331	1631	0	1631
332	1657	0	1657
333	1708	0	1708
334	1656	0	1656
335	1636	0	1636
336	1682	0	1682
337	1669	0	1669
338	1650	0	1650
339	1656	0	1656
340	1662	0	1662
341	1644	0	1644
342	1644	0	1644
343	1648	0	1648
344	1650	0	1650
345	1656	0	1656
346	1655	0	1655
347	1630	0	1630
348	1626	0	1626
349	1624	0	1624
350	1628	0	1628
351	1616	0	1616
352	1645	0	1645
353	1655	0	1655
354	1645	0	1645
355	1632	0	1632
356	1642	0	1642
357	1638	0	1638
358	1628	0	1628
359	1596	0	1596
360	1614	0	1614
361	1634	0	1634
362	1656	0	1656
363	1652	0	1652
364	1623	0	1623
365	1622	0	1622
366	1633	0	1633
367	1626	0	1626
368	1644	0	1644
369	1631	0	1631
370	1665	0	1665
371	1658	0	1658
372	1650	0	1650
373	1645	0	1645
374	1665	0	1665
375	1668	0	1668
376	1673	0	1673
377	1704	0	1704
378	1728	0	1728
379	1697	0	1697
380	1683	0	1683
381	1653	0	1653
382	1657	0	1657
383	1648	0	1648
384	1668	0	1668
385	1686	0	1686
386	1674	0	1674
387	1659	0	1659
388	1694	0	1694
389	1697	0	1697
390	1691	0	1691
391	1708	0	1708
392	1693	0	1693
393	1675	0	1675
394	1675	0	1675
395	1668	0	1668
396	1673	0	1673
397	1646	0	1646
398	1673	0	1673
399	1675	0	1675
400	1673	0	1673
401	1671	0	1671
402	1686	0	1686
403	1703	0	1703
404	1732	0	1732
405	1707	0	1707
406	1728	0	1728
407	1736	0	1736
408	1678	0	1678
409	1663	0	1663
410	1669	0	1669
411	1686	0	1686
412	1700	0	1700
413	1692	0	1692
414	1709	0	1709
415	1686	0	1686
416	1696	0	1696
417	1691	0	1691
418	1666	0	1666
419	1656	0	1656
420	1681	0	1681
421	1693	0	1693
422	1677	0	1677
423	1692	0	1692
424	1684	0	1684
425	1692	0	1692
426	1674	0	1674
427	1650	0	1650
428	1679	0	1679
429	1748	0	1748
430	1721	0	1721
431	1685	0	1685
432	1676	0	1676
433	1668	0	1668
434	1684	0	1684
435	1713	0	1713
436	1735	0	1735
437	1668	0	1668
438	1656	0	1656
439	1674	0	1674
440	1722	0	1722
441	1681	0	1681
442	1683	0	1683
443	1741	0	1741
444	1700	0	1700
445	1688	0	1688
446	1714	0	1714
447	1716	0	1716
448	1721	0	1721
449	1694	0	1694
450	1684	0	1684
451	1670	0	1670
452	1694	0	1694
453	1719	0	1719
454	1729	0	1729
455	1679	0	1679
456	1682	0	1682
457	1695	0	1695
458	1696	0	1696
459	1682	0	1682
460	1745	0	1745
461	1749	0	1749
462	1667	0	1667
463	1685	0	1685
464	1725	0	1725
465	1705	0	1705
466	1679	0	1679
467	1681	0	1681
468	1717	0	1717
469	1734	0	1734
470	1732	0	1732
471	1703	0	1703
472	1677	0	1677
473	1690	0	1690
474	1701	0	1701
475	1714	0	1714
476	1717	0	1717
477	1724	0	1724
478	1731	0	1731
479	1691	0	1691
480	1689	0	1689
481	1704	0	1704
482	1707	0	1707
483	1684	0	1684
484	1712	0	1712
485	1696	0	1696
486	1676	0	1676
487	1661	0	1661
488	1705	0	1705
489	1699	0	1699
490	1692	0	1692
491	1704	0	1704
492	1706	0	1706
493	1697	0	1697
494	1709	0	1709
495	1729	0	1729
496	1701	0	1701
497	1688	0	1688
498	1718	0	1718
499	1697	0	1697
500	1704	0	1704
501	1743	0	1743
502	1743	0	1743
503	1704	0	1704
504	1699	0	1699
505	1721	0	1721
506	1717	0	1717
507	1689	0	1689
508	1720	0	1720
509	1737	0	1737
510	1725	0	1725
511	1713	0	1713
512	1704	0	1704
513	1694	0	1694
514	1702	0	1702
515	1729	0	1729
516	1725	0	1725
517	1692	0	1692
518	1704	0	1704
519	1739	0	1739
520	1738	0	1738
521	1689	0	1689
522	1694	0	1694
523	1713	0	1713
524	1687	0	1687
525	1790	0	1790
526	1782	0	1782
527	1683	0	1683
528	1697	0	1697
529	1734	0	1734
530	1739	0	1739
531	1733	0	1733
532	1701	0	1701
533	1710	0	1710
534	1751	0	1751
535	1740	0	1740
536	1705	0	1705
537	1730	0	1730
538	1730	0	1730
539	1729	0	1729
540	1730	0	1730
541	1713	0	1713
542	1709	0	1709
543	1693	0	1693
544	1726	0	1726
545	1701	0	1701
546	1704	0	1704
547	1713	0	1713
548	1698	0	1698
549	1709	0	1709
550	1707	0	1707
551	1717	0	1717
552	1743	0	1743
553	1734	0	1734
554	1728	0	1728
555	1704	0	1704
556	1715	0	1715
557	1749	0	1749
558	1732	0	1732
559	1694	0	1694
560	1657	0	1657
561	1699	0	1699
562	1739	0	1739
563	1718	0	1718
564	1752	0	1752
565	1726	0	1726
566	1729	0	1729
567	1726	0	1726
568	1745	0	1745
569	1747	0	1747
570	1740	0	1740
571	1759	0	1759
572	1741	0	1741
573	1739	0	1739
574	1755	0	1755
575	1731	0	1731
576	1729	0	1729
577	1727	0	1727
578	1762	0	1762
579	1750	0	1750
580	1737	0	1737
581	1733	0	1733
582	1707	0	1707
583	1692	0	1692
584	1741	0	1741
585	1718	0	1718
586	1749	0	1749
587	1750	0	1750
588	1739	0	1739
589	1758	0	1758
590	1768	0	1768
591	1754	0	1754
592	1739	0	1739
593	1737	0	1737
594	1738	0	1738
595	1773	0	1773
596	1744	0	1744
597	1751	0	1751
598	1751	0	1751
599	1724	0	1724
600	1759	0	1759
601	1752	0	1752
602	1767	0	1767
603	1752	0	1752
604	1719	0	1719
605	1734	0	1734
606	1740	0	1740
607	1790	0	1790
608	1783	0	1783
609	1750	0	1750
610	1754	0	1754
611	1751	0	1751
612	1759	0	1759
613	1727	0	1727
614	1761	0	1761
615	1759	0	1759
616	1789	0	1789
617	1781	0	1781
618	1770	0	1770
619	1787	0	1787
620	1786	0	1786
621	1774	0	1774
622	1801	0	1801
623	1820	0	1820
624	1801	0	1801
625	1771	0	1771
626	1777	0	1777
627	1769	0	1769
628	1816	0	1816
629	1825	0	1825
630	1826	0	1826
631	1810	0	1810
632	1791	0	1791
633	1825	0	1825
634	1848	0	1848
635	1820	0	1820
636	1822	0	1822
637	1855	0	1855
638	1868	0	1868
639	1819	0	1819
640	1813	0	1813
641	1819	0	1819
642	1833	0	1833
643	1847	0	1847
644	1853	0	1853
645	1860	0	1860
646	1868	0	1868
647	1854	0	1854
648	1878	0	1878
649	1901	0	1901
650	1872	0	1872
651	1845	0	1845
652	1858	0	1858
653	1881	0	1881
654	1898	0	1898
655	1861	0	1861
656	1871	0	1871
657	1894	0	1894
658	1911	0	1911
659	1888	0	1888
660	1886	0	1886
661	1895	0	1895
662	1897	0	1897
663	1869	0	1869
664	1862	0	1862
665	1878	0	1878
666	1887	0	1887
667	1872	0	1872
668	1889	0	1889
669	1902	0	1902
670	1910	0	1910
671	1905	0	1905
672	1942	0	1942
673	1968	0	1968
674	1957	0	1957
675	1931	0	1931
676	1964	0	1964
677	1959	0	1959
678	1973	0	1973
679	1982	0	1982
680	1977	0	1977
681	1967	0	1967
682	1986	0	1986
683	1981	0	1981
684	1977	0	1977
685	2014	0	2014
686	2028	0	2028
687	2018	0	2018
688	1970	0	1970
689	1983	0	1983
690	2017	0	2017
691	2041	0	2041
692	2028	0	2028
693	2013	0	2013
694	2043	0	2043
695	2024	0	2024
696	2047	0	2047
697	2033	0	2033
698	2009	0	2009
699	2037	0	2037
700	2076	0	2076
701	2026	0	2026
702	2054	0	2054
703	2016	0	2016
704	2019	0	2019
705	2032	0	2032
706	2059	0	2059
707	2019	0	2019
708	2053	0	2053
709	2080	0	2080
710	2092	0	2092
711	2092	0	2092
712	2060	0	2060
713	2058	0	2058
714	2088	0	2088
715	2083	0	2083
716	2068	0	2068
717	2103	0	2103
718	2098	0	2098
719	2094	0	2094
720	2125	0	2125
721	2093	0	2093
722	2096	0	2096
723	2142	0	2142
724	2148	0	2148
725	2129	0	2129
726	2152	0	2152
727	2181	0	2181
728	2145	0	2145
729	2112	0	2112
730	2140	0	2140
731	2189	0	2189
732	2235	0	2235
733	2245	0	2245
734	2194	0	2194
735	2208	0	2208
736	2199	0	2199
737	2188	0	2188
738	2180	0	2180
739	2201	0	2201
740	2264	0	2264
741	2255	0	2255
742	2212	0	2212
743	2206	0	2206
744	2283	0	2283
745	2266	0	2266
746	2251	0	2251
747	2221	0	2221
748	2216	0	2216
749	2218	0	2218
750	2216	0	2216
751	2225	0	2225
752	2221	0	2221
753	2218	0	2218
754	2225	0	2225
755	2225	0	2225
756	2193	0	2193
757	2191	0	2191
758	2197	0	2197
759	2198	0	2198
760	2163	0	2163
761	2194	0	2194
762	2194	0	2194
763	2220	0	2220
764	2261	0	2261
765	2253	0	2253
766	2257	0	2257
767	2303	0	2303
768	2296	0	2296
769	2307	0	2307
770	2286	0	2286
771	2289	0	2289
772	2306	0	2306
773	2336	0	2336
774	2321	0	2321
775	2306	0	2306
776	2342	0	2342
777	2305	0	2305
778	2286	0	2286
779	2295	0	2295
780	2296	0	2296
781	2287	0	2287
782	2313	0	2313
783	2293	0	2293
784	2342	0	2342
785	2304	0	2304
786	2320	0	2320
787	2351	0	2351
788	2357	0	2357
789	2353	0	2353
790	2319	0	2319
791	2295	0	2295
792	2329	0	2329
793	2365	0	2365
794	2343	0	2343
795	2295	0	2295
796	2342	0	2342
797	2313	0	2313
798	2297	0	2297
799	2333	0	2333
800	2322	0	2322
801	2287	0	2287
802	2262	0	2262
803	2303	0	2303
804	2338	0	2338
805	2341	0	2341
806	2345	0	2345
807	2314	0	2314
808	2320	0	2320
809	2345	0	2345
810	2324	0	2324
811	2336	0	2336
812	2297	0	2297
813	2305	0	2305
814	2340	0	2340
815	2374	0	2374
816	2372	0	2372
817	2388	0	2388
818	2350	0	2350
819	2346	0	2346
820	2400	0	2400
821	2416	0	2416
822	2461	0	2461
823	2500	0	2500
824	2472	0	2472
825	2464	0	2464
826	2455	0	2455
827	2465	0	2465
828	2485	0	2485
829	2481	0	2481
830	2442	0	2442
831	2477	0	2477
832	2486	0	2486
833	2469	0	2469
834	2497	0	2497
835	2501	0	2501
836	2550	0	2550
837	2537	0	2537
838	2467	0	2467
839	2438	0	2438
840	2449	0	2449
841	2466	0	2466
842	2459	0	2459
843	2451	0	2451
844	2476	0	2476
845	2485	0	2485
846	2519	0	2519
847	2564	0	2564
848	2521	0	2521
849	2437	0	2437
850	2480	0	2480
851	2522	0	2522
852	2507	0	2507
853	2499	0	2499
854	2521	0	2521
855	2481	0	2481
856	2501	0	2501
857	2482	0	2482
858	2517	0	2517
859	2488	0	2488
860	2456	0	2456
861	2498	0	2498
862	2504	0	2504
863	2484	0	2484
864	2493	0	2493
865	2508	0	2508
866	2519	0	2519
867	2508	0	2508
868	2548	0	2548
869	2548	0	2548
870	2569	0	2569
871	2591	0	2591
872	2545	0	2545
873	2536	0	2536
874	2578	0	2578
875	2621	0	2621
876	2650	0	2650
877	2656	0	2656
878	2630	0	2630
879	2622	0	2622
880	2665	0	2665
881	2642	0	2642
882	2653	0	2653
883	2675	0	2675
884	2672	0	2672
885	2658	0	2658
886	2616	0	2616
887	2667	0	2667
888	2768	0	2768
889	2833	0	2833
890	2865	0	2865
891	2932	0	2932
892	2931	0	2931
893	2939	0	2939
894	3077	0	3077
895	3140	0	3140
896	3188	0	3188
897	3222	0	3222
898	3296	0	3296
899	3299	0	3299
900	3348	0	3348
901	3421	0	3421
902	3426	0	3426
903	3433	0	3433
904	3506	0	3506
905	3556	0	3556
906	3566	0	3566
907	3553	0	3553
908	3551	0	3551
909	3562	0	3562
910	3559	0	3559
911	3596	0	3596
912	3597	0	3597
913	3583	0	3583
914	3615	0	3615
915	3765	0	3765
916	3847	0	3847
917	3965	0	3965
918	4219	0	4219
919	4400	0	4400
920	4421	0	4421
921	4370	0	4370
922	4691	0	4691
923	5102	0	5102
924	5503	0	5503
925	5883	0	5883
926	6209	0	6209
927	6622	0	6622
928	7428	0	7428
929	8579	0	8579
930	9963	0	9963
931	10865	0	10865
932	11554	0	11554
933	12426	0	12426
934	12948	0	12948
935	12997	0	12997
936	12619	0	12619
937	12586	0	12586
938	13360	0	13360
939	14005	0	14005
940	14511	0	14511
941	15217	0	15217
942	16281	0	16281
943	17133	0	17133
944	17572	0	17572
945	17261	0	17261
946	16032	0	16032
947	14493	0	14493
948	13684	0	13684
949	13759	0	13759
950	13715	0	13715
951	12865	0	12865
952	11326	0	11326
953	10021	0	10021
954	10071	0	10071
955	10850	0	10850
956	10671	0	10671
957	10080	0	10080
958	10050	0	10050
959	10226	0	10226
960	9633	0	9633
961	8541	0	8541
962	7973	0	7973
963	7122	0	7122
964	6430	0	6430
965	6392	0	6392
966	6163	0	6163
967	5882	0	5882
968	6065	0	6065
969	5685	0	5685
970	5277	0	5277
971	5277	0	5277
972	4975	0	4975
973	4629	0	4629
974	4601	0	4601
975	4577	0	4577
976	4436	0	4436
977	4458	0	4458
978	4381	0	4381
979	4324	0	4324
980	4291	0	4291
981	4275	0	4275
982	4232	0	4232
983	4147	0	4147
984	4127	0	4127
985	3963	0	3963
986	3955	0	3955
987	3998	0	3998
988	3934	0	3934
989	3785	0	3785
990	3788	0	3788
991	3884	0	3884
992	3977	0	3977
993	4063	0	4063
994	4126	0	4126
995	3970	0	3970
996	3939	0	3939
997	4049	0	4049
998	4036	0	4036
999	3940	0	3940
1000	3936	0	3936
1001	3924	0	3924
1002	3932	0	3932
1003	3958	0	3958
1004	3944	0	3944
1005	3931	0	3931
1006	3959	0	3959
1007	3903	0	3903
1008	3791	0	3791
1009	3759	0	3759
1010	3809	0	3809
1011	3714	0	3714
1012	3605	0	3605
1013	3595	0	3595
1014	3683	0	3683
1015	3781	0	3781
1016	3835	0	3835
1017	3794	0	3794
1018	3715	0	3715
1019	3691	0	3691
1020	3661	0	3661
1021	3651	0	3651
1022	3671	0	3671
1023	3609	0	3609
1024	3606	0	3606
1025	3580	0	3580
1026	3590	0	3590
1027	3643	0	3643
1028	3706	0	3706
1029	3590	0	3590
1030	3565	0	3565
1031	3558	0	3558
1032	3442	0	3442
1033	3451	0	3451
1034	3480	0	3480
1035	3449	0	3449
1036	3440	0	3440
1037	3436	0	3436
1038	3482	0	3482
1039	3537	0	3537
1040	3556	0	3556
1041	3521	0	3521
1042	3499	0	3499
1043	3393	0	3393
1044	3378	0	3378
1045	3413	0	3413
1046	3439	0	3439
1047	3382	0	3382
1048	3403	0	3403
1049	3526	0	3526
1050	3517	0	3517
1051	3470	0	3470
1052	3476	0	3476
1053	3512	0	3512
1054	3545	0	3545
1055	3473	0	3473
1056	3373	0	3373
1057	3415	0	3415
1058	3391	0	3391
1059	3368	0	3368
1060	3400	0	3400
1061	3379	0	3379
1062	3339	0	3339
1063	3373	0	3373
1064	3457	0	3457
1065	3426	0	3426
1066	3445	0	3445
1067	3450	0	3450
1068	3486	0	3486
1069	3530	0	3530
1070	3560	0	3560
1071	3557	0	3557
1072	3553	0	3553
1073	3590	0	3590
1074	3553	0	3553
1075	3465	0	3465
1076	3416	0	3416
1077	3414	0	3414
1078	3509	0	3509
1079	3566	0	3566
1080	3580	0	3580
1081	3555	0	3555
1082	3525	0	3525
1083	3446	0	3446
1084	3398	0	3398
1085	3326	0	3326
1086	3373	0	3373
1087	3414	0	3414
1088	3416	0	3416
1089	3438	0	3438
1090	3439	0	3439
1091	3420	0	3420
1092	3363	0	3363
1093	3339	0	3339
1094	3375	0	3375
1095	3294	0	3294
1096	3191	0	3191
1097	3148	0	3148
1098	3191	0	3191
1099	3188	0	3188
1100	3085	0	3085
1101	3080	0	3080
1102	3144	0	3144
1103	3122	0	3122
1104	3076	0	3076
1105	3137	0	3137
1106	3139	0	3139
1107	3119	0	3119
1108	3136	0	3136
1109	3120	0	3120
1110	3185	0	3185
1111	3225	0	3225
1112	3204	0	3204
1113	3226	0	3226
1114	3225	0	3225
1115	3234	0	3234
1116	3184	0	3184
1117	3192	0	3192
1118	3341	0	3341
1119	3293	0	3293
1120	3299	0	3299
1121	3365	0	3365
1122	3342	0	3342
1123	3356	0	3356
1124	3398	0	3398
1125	3368	0	3368
1126	3353	0	3353
1127	3362	0	3362
1128	3390	0	3390
1129	3385	0	3385
1130	3419	0	3419
1131	3430	0	3430
1132	3459	0	3459
1133	3457	0	3457
1134	3486	0	3486
1135	3524	0	3524
1136	3555	0	3555
1137	3526	0	3526
1138	3495	0	3495
1139	3538	0	3538
1140	3533	0	3533
1141	3521	0	3521
1142	3582	0	3582
1143	3616	0	3616
1144	3691	0	3691
1145	3652	0	3652
1146	3640	0	3640
1147	3677	0	3677
1148	3637	0	3637
1149	3636	0	3636
1150	3701	0	3701
1151	3753	0	3753
1152	3769	0	3769
1153	3774	0	3774
1154	3794	0	3794
1155	3815	0	3815
1156	3838	0	3838
1157	3832	0	3832
1158	3847	0	3847
1159	3870	0	3870
1160	3838	0	3838
1161	3839	0	3839
1162	3928	0	3928
1163	3934	0	3934
1164	3917	0	3917
1165	3970	0	3970
1166	4020	0	4020
1167	4036	0	4036
1168	4001	0	4001
1169	3994	0	3994
1170	4008	0	4008
1171	4045	0	4045
1172	4036	0	4036
1173	4077	0	4077
1174	4091	0	4091
1175	4119	0	4119
1176	4173	0	4173
1177	4122	0	4122
1178	4094	0	4094
1179	4111	0	4111
1180	4123	0	4123
1181	4116	0	4116
1182	4165	0	4165
1183	4233	0	4233
1184	4195	0	4195
1185	4177	0	4177
1186	4197	0	4197
1187	4200	0	4200
1188	4196	0	4196
1189	4206	0	4206
1190	4224	0	4224
1191	4226	0	4226
1192	4206	0	4206
1193	4227	0	4227
1194	4328	0	4328
1195	4285	0	4285
1196	4253	0	4253
1197	4268	0	4268
1198	4410	0	4410
1199	4383	0	4383
1200	4326	0	4326
1201	4431	0	4431
1202	4390	0	4390
1203	4321	0	4321
1204	4445	0	4445
1205	4467	0	4467
1206	4486	0	4486
1207	4394	0	4394
1208	4397	0	4397
1209	4429	0	4429
1210	4490	0	4490
1211	4536	0	4536
1212	4561	0	4561
1213	4588	0	4588
1214	4529	0	4529
1215	4543	0	4543
1216	4588	0	4588
1217	4620	0	4620
1218	4636	0	4636
1219	4688	0	4688
1220	4691	0	4691
1221	4666	0	4666
1222	4715	0	4715
1223	4731	0	4731
1224	4769	0	4769
1225	4803	0	4803
1226	4806	0	4806
1227	4758	0	4758
1228	4803	0	4803
1229	4902	0	4902
1230	4921	0	4921
1231	4940	0	4940
1232	4999	0	4999
1233	5014	0	5014
1234	4979	0	4979
1235	4989	0	4989
1236	5025	0	5025
1237	5029	0	5029
1238	5072	0	5072
1239	5048	0	5048
1240	5050	0	5050
1241	5124	0	5124
1242	5167	0	5167
1243	5110	0	5110
1244	5116	0	5116
1245	5121	0	5121
1246	5121	0	5121
1247	5178	0	5178
1248	5174	0	5174
1249	5128	0	5128
1250	5205	0	5205
1251	5237	0	5237
1252	5241	0	5241
1253	5209	0	5209
1254	5233	0	5233
1255	5258	0	5258
1256	5276	0	5276
1257	5254	0	5254
1258	5276	0	5276
1259	5280	0	5280
1260	5285	0	5285
1261	5350	0	5350
1262	5418	0	5418
1263	5369	0	5369
1264	5412	0	5412
1265	5424	0	5424
1266	5382	0	5382
1267	5409	0	5409
1268	5403	0	5403
1269	5380	0	5380
1270	5442	0	5442
1271	5508	0	5508
1272	5543	0	5543
1273	5529	0	5529
1274	5489	0	5489
1275	5524	0	5524
1276	5521	0	5521
1277	5504	0	5504
1278	5586	0	5586
1279	5709	0	5709
1280	5718	0	5718
1281	5685	0	5685
1282	5656	0	5656
1283	5665	0	5665
1284	5739	0	5739
1285	5751	0	5751
1286	5701	0	5701
1287	5718	0	5718
1288	5734	0	5734
1289	5746	0	5746
1290	5809	0	5809
1291	5831	0	5831
1292	5883	0	5883
1293	5853	0	5853
1294	5872	0	5872
1295	5838	0	5838
1296	5987	0	5987
1297	6083	0	6083
1298	6061	0	6061
1299	6047	0	6047
1300	6118	0	6118
1301	6178	0	6178
1302	6160	0	6160
1303	6215	0	6215
1304	6201	0	6201
1305	6187	0	6187
1306	6151	0	6151
1307	6242	0	6242
1308	6327	0	6327
1309	6373	0	6373
1310	6347	0	6347
1311	6345	0	6345
1312	6403	0	6403
1313	6441	0	6441
1314	6529	0	6529
1315	6496	0	6496
1316	6516	0	6516
1317	6535	0	6535
1318	6582	0	6582
1319	6599	0	6599
1320	6586	0	6586
1321	6589	0	6589
1322	6587	0	6587
1323	6538	0	6538
1324	6516	0	6516
1325	6624	0	6624
1326	6756	0	6756
1327	6754	0	6754
1328	6773	0	6773
1329	6775	0	6775
1330	6790	0	6790
1331	6794	0	6794
1332	6801	0	6801
1333	6795	0	6795
1334	6775	0	6775
1335	6779	0	6779
1336	6772	0	6772
1337	6749	0	6749
1338	6746	0	6746
1339	6742	0	6742
1340	6814	0	6814
1341	6862	0	6862
1342	6874	0	6874
1343	6955	0	6955
1344	6995	0	6995
1345	6877	0	6877
1346	6801	0	6801
1347	6818	0	6818
1348	6863	0	6863
1349	6942	0	6942
1350	7023	0	7023
1351	6985	0	6985
1352	6900	0	6900
1353	6776	0	6776
1354	6732	0	6732
1355	6769	0	6769
1356	6859	0	6859
1357	6857	0	6857
1358	6881	0	6881
1359	6865	0	6865
1360	6805	0	6805
1361	6824	0	6824
1362	6759	0	6759
1363	6712	0	6712
1364	6704	0	6704
1365	6702	0	6702
1366	6723	0	6723
1367	6730	0	6730
1368	6712	0	6712
1369	6724	0	6724
1370	6805	0	6805
1371	6817	0	6817
1372	6825	0	6825
1373	6811	0	6811
1374	6820	0	6820
1375	6765	0	6765
1376	6737	0	6737
1377	6769	0	6769
1378	6893	0	6893
1379	6963	0	6963
1380	7015	0	7015
1381	7035	0	7035
1382	7135	0	7135
1383	7095	0	7095
1384	7007	0	7007
1385	7129	0	7129
1386	7307	0	7307
1387	7412	0	7412
1388	7445	0	7445
1389	7451	0	7451
1390	7360	0	7360
1391	7263	0	7263
1392	7255	0	7255
1393	7223	0	7223
1394	7206	0	7206
1395	7188	0	7188
1396	7238	0	7238
1397	7179	0	7179
1398	7236	0	7236
1399	7320	0	7320
1400	7278	0	7278
1401	7260	0	7260
1402	7256	0	7256
1403	7313	0	7313
1404	7356	0	7356
1405	7348	0	7348
1406	7295	0	7295
1407	7208	0	7208
1408	7100	0	7100
1409	7090	0	7090
1410	7143	0	7143
1411	7171	0	7171
1412	7138	0	7138
1413	7096	0	7096
1414	7092	0	7092
1415	7187	0	7187
1416	7264	0	7264
1417	7224	0	7224
1418	7258	0	7258
1419	7265	0	7265
1420	7343	0	7343
1421	7383	0	7383
1422	7353	0	7353
1423	7425	0	7425
1424	7577	0	7577
1425	7677	0	7677
1426	7678	0	7678
1427	7778	0	7778
1428	7789	0	7789
1429	7742	0	7742
1430	7721	0	7721
1431	7810	0	7810
1432	7851	0	7851
1433	7951	0	7951
1434	7989	0	7989
1435	8045	0	8045
1436	8116	0	8116
1437	8146	0	8146
1438	8187	0	8187
1439	8230	0	8230
1440	8294	0	8294
1441	8340	0	8340
1442	8365	0	8365
1443	8409	0	8409
1444	8375	0	8375
1445	8407	0	8407
1446	8354	0	8354
1447	8311	0	8311
1448	8207	0	8207
1449	8171	0	8171
1450	8226	0	8226
1451	8176	0	8176
1452	8154	0	8154
1453	8124	0	8124
1454	8074	0	8074
1455	8100	0	8100
1456	8105	0	8105
1457	8145	0	8145
1458	8163	0	8163
1459	8324	0	8324
1460	8249	0	8249
1461	8179	0	8179
1462	8225	0	8225
1463	8271	0	8271
1464	8222	0	8222
1465	8216	0	8216
1466	8320	0	8320
1467	8396	0	8396
1468	8504	0	8504
1469	8436	0	8436
1470	8400	0	8400
1471	8310	0	8310
1472	8237	0	8237
1473	8264	0	8264
1474	8190	0	8190
1475	8283	0	8283
1476	8427	0	8427
1477	8495	0	8495
1478	8545	0	8545
1479	8587	0	8587
1480	8494	0	8494
1481	8524	0	8524
1482	8501	0	8501
1483	8486	0	8486
1484	8430	0	8430
1485	8293	0	8293
1486	8282	0	8282
1487	8306	0	8306
1488	8273	0	8273
1489	8141	0	8141
1490	7909	0	7909
1491	7762	0	7762
1492	7787	0	7787
1493	7724	0	7724
1494	7686	0	7686
1495	7702	0	7702
1496	7702	0	7702
1497	7540	0	7540
1498	7382	0	7382
1499	7250	0	7250
1500	7226	0	7226
1501	7204	0	7204
1502	7089	0	7089
1503	7041	0	7041
1504	7038	0	7038
1505	6967	0	6967
1506	6943	0	6943
1507	6868	0	6868
1508	6698	0	6698
1509	6622	0	6622
1510	6613	0	6613
1511	6612	0	6612
1512	6602	0	6602
1513	6487	0	6487
1514	6376	0	6376
1515	6369	0	6369
1516	6273	0	6273
1517	6130	0	6130
1518	5994	0	5994
1519	5917	0	5917
1520	5956	0	5956
1521	5893	0	5893
1522	5742	0	5742
1523	5713	0	5713
1524	5712	0	5712
1525	5661	0	5661
1526	5525	0	5525
1527	5342	0	5342
1528	5294	0	5294
1529	5278	0	5278
1530	5187	0	5187
1531	5116	0	5116
1532	5117	0	5117
1533	5025	0	5025
1534	4953	0	4953
1535	4935	0	4935
1536	4845	0	4845
1537	4849	0	4849
1538	4866	0	4866
1539	4761	0	4761
1540	4633	0	4633
1541	4586	0	4586
1542	4538	0	4538
1543	4435	0	4435
1544	4431	0	4431
1545	4415	0	4415
1546	4306	0	4306
1547	4245	0	4245
1548	4185	0	4185
1549	4147	0	4147
1550	4068	0	4068
1551	3960	0	3960
1552	3947	0	3947
1553	3934	0	3934
1554	3880	0	3880
1555	3819	0	3819
1556	3767	0	3767
1557	3747	0	3747
1558	3685	0	3685
1559	3638	0	3638
1560	3618	0	3618
1561	3605	0	3605
1562	3511	0	3511
1563	3457	0	3457
1564	3435	0	3435
1565	3365	0	3365
1566	3294	0	3294
1567	3255	0	3255
1568	3248	0	3248
1569	3195	0	3195
1570	3187	0	3187
1571	3170	0	3170
1572	3079	0	3079
1573	3038	0	3038
1574	3014	0	3014
1575	2990	0	2990
1576	2970	0	2970
1577	2890	0	2890
1578	2867	0	2867
1579	2865	0	2865
1580	2789	0	2789
1581	2754	0	2754
1582	2744	0	2744
1583	2703	0	2703
1584	2656	0	2656
1585	2649	0	2649
1586	2659	0	2659
1587	2670	0	2670
1588	2674	0	2674
1589	2614	0	2614
1590	2561	0	2561
1591	2575	0	2575
1592	2591	0	2591
1593	2555	0	2555
1594	2541	0	2541
1595	2522	0	2522
1596	2510	0	2510
1597	2470	0	2470
1598	2452	0	2452
1599	2458	0	2458
1600	2439	0	2439
1601	2396	0	2396
1602	2409	0	2409
1603	2424	0	2424
1604	2381	0	2381
1605	2378	0	2378
1606	2373	0	2373
1607	2362	0	2362
1608	2349	0	2349
1609	2332	0	2332
1610	2340	0	2340
1611	2316	0	2316
1612	2341	0	2341
1613	2353	0	2353
1614	2342	0	2342
1615	2294	0	2294
1616	2299	0	2299
1617	2318	0	2318
1618	2317	0	2317
1619	2275	0	2275
1620	2299	0	2299
1621	2334	0	2334
1622	2302	0	2302
1623	2268	0	2268
1624	2239	0	2239
1625	2201	0	2201
1626	2220	0	2220
1627	2233	0	2233
1628	2233	0	2233
1629	2262	0	2262
1630	2248	0	2248
1631	2189	0	2189
1632	2225	0	2225
1633	2245	0	2245
1634	2225	0	2225
1635	2204	0	2204
1636	2178	0	2178
1637	2154	0	2154
1638	2167	0	2167
1639	2146	0	2146
1640	2140	0	2140
1641	2101	0	2101
1642	2102	0	2102
1643	2116	0	2116
1644	2103	0	2103
1645	2059	0	2059
1646	2048	0	2048
1647	2086	0	2086
1648	2094	0	2094
1649	2076	0	2076
1650	2086	0	2086
1651	2121	0	2121
1652	2115	0	2115
1653	2083	0	2083
1654	2082	0	2082
1655	2072	0	2072
1656	2050	0	2050
1657	2070	0	2070
1658	2115	0	2115
1659	2063	0	2063
1660	2020	0	2020
1661	2104	0	2104
1662	2094	0	2094
1663	2059	0	2059
1664	2091	0	2091
1665	2062	0	2062
1666	2043	0	2043
1667	2033	0	2033
1668	2009	0	2009
1669	2000	0	2000
1670	2022	0	2022
1671	2051	0	2051
1672	2068	0	2068
1673	2036	0	2036
1674	2014	0	2014
1675	2033	0	2033
1676	1997	0	1997
1677	1984	0	1984
1678	2012	0	2012
1679	1988	0	1988
1680	2016	0	2016
1681	2019	0	2019
1682	2018	0	2018
1683	2031	0	2031
1684	2038	0	2038
1685	1996	0	1996
1686	2004	0	2004
1687	2036	0	2036
1688	2063	0	2063
1689	2025	0	2025
1690	1991	0	1991
1691	1968	0	1968
1692	2004	0	2004
1693	1989	0	1989
1694	1990	0	1990
1695	2014	0	2014
1696	2015	0	2015
1697	2009	0	2009
1698	1996	0	1996
1699	2001	0	2001
1700	2023	0	2023
1701	2057	0	2057
1702	2039	0	2039
1703	2011	0	2011
1704	2020	0	2020
1705	1991	0	1991
1706	1960	0	1960
1707	2001	0	2001
1708	2035	0	2035
1709	2029	0	2029
1710	2014	0	2014
1711	1971	0	1971
1712	2014	0	2014
1713	2017	0	2017
1714	2010	0	2010
1715	2014	0	2014
1716	2017	0	2017
1717	2025	0	2025
1718	2034	0	2034
1719	2038	0	2038
1720	2027	0	2027
1721	2056	0	2056
1722	2054	0	2054
1723	2048	0	2048
1724	2073	0	2073
1725	2051	0	2051
1726	2057	0	2057
1727	2085	0	2085
1728	2051	0	2051
1729	2063	0	2063
1730	2110	0	2110
1731	2108	0	2108
1732	2091	0	2091
1733	2082	0	2082
1734	2100	0	2100
1735	2097	0	2097
1736	2103	0	2103
1737	2103	0	2103
1738	2138	0	2138
1739	2162	0	2162
1740	2149	0	2149
1741	2106	0	2106
1742	2114	0	2114
1743	2147	0	2147
1744	2147	0	2147
1745	2095	0	2095
1746	2105	0	2105
1747	2109	0	2109
1748	2124	0	2124
1749	2136	0	2136
1750	2169	0	2169
1751	2215	0	2215
1752	2211	0	2211
1753	2206	0	2206
1754	2179	0	2179
1755	2162	0	2162
1756	2190	0	2190
1757	2185	0	2185
1758	2206	0	2206
1759	2205	0	2205
1760	2196	0	2196
1761	2185	0	2185
1762	2195	0	2195
1763	2205	0	2205
1764	2227	0	2227
1765	2226	0	2226
1766	2203	0	2203
1767	2234	0	2234
1768	2227	0	2227
1769	2222	0	2222
1770	2262	0	2262
1771	2286	0	2286
1772	2299	0	2299
1773	2292	0	2292
1774	2233	0	2233
1775	2203	0	2203
1776	2263	0	2263
1777	2252	0	2252
1778	2242	0	2242
1779	2259	0	2259
1780	2245	0	2245
1781	2258	0	2258
1782	2295	0	2295
1783	2318	0	2318
1784	2327	0	2327
1785	2330	0	2330
1786	2344	0	2344
1787	2354	0	2354
1788	2361	0	2361
1789	2352	0	2352
1790	2348	0	2348
1791	2356	0	2356
1792	2359	0	2359
1793	2332	0	2332
1794	2359	0	2359
1795	2355	0	2355
1796	2380	0	2380
1797	2369	0	2369
1798	2354	0	2354
1799	2349	0	2349
1800	2341	0	2341
1801	2323	0	2323
1802	2337	0	2337
1803	2368	0	2368
1804	2378	0	2378
1805	2385	0	2385
1806	2396	0	2396
1807	2392	0	2392
1808	2407	0	2407
1809	2349	0	2349
1810	2363	0	2363
1811	2405	0	2405
1812	2392	0	2392
1813	2364	0	2364
1814	2367	0	2367
1815	2391	0	2391
1816	2431	0	2431
1817	2414	0	2414
1818	2422	0	2422
1819	2430	0	2430
1820	2415	0	2415
1821	2432	0	2432
1822	2401	0	2401
1823	2384	0	2384
1824	2350	0	2350
1825	2389	0	2389
1826	2427	0	2427
1827	2431	0	2431
1828	2446	0	2446
1829	2371	0	2371
1830	2382	0	2382
1831	2397	0	2397
1832	2395	0	2395
1833	2397	0	2397
1834	2390	0	2390
1835	2400	0	2400
1836	2397	0	2397
1837	2376	0	2376
1838	2391	0	2391
1839	2371	0	2371
1840	2361	0	2361
1841	2355	0	2355
1842	2342	0	2342
1843	2332	0	2332
1844	2351	0	2351
1845	2342	0	2342
1846	2296	0	2296
1847	2332	0	2332
1848	2367	0	2367
1849	2327	0	2327
1850	2335	0	2335
1851	2369	0	2369
1852	2339	0	2339
1853	2349	0	2349
1854	2368	0	2368
1855	2343	0	2343
1856	2328	0	2328
1857	2319	0	2319
1858	2373	0	2373
1859	2366	0	2366
1860	2332	0	2332
1861	2299	0	2299
1862	2285	0	2285
1863	2290	0	2290
1864	2328	0	2328
1865	2324	0	2324
1866	2301	0	2301
1867	2294	0	2294
1868	2313	0	2313
1869	2307	0	2307
1870	2266	0	2266
1871	2287	0	2287
1872	2296	0	2296
1873	2285	0	2285
1874	2296	0	2296
1875	2273	0	2273
1876	2276	0	2276
1877	2263	0	2263
1878	2295	0	2295
1879	2283	0	2283
1880	2294	0	2294
1881	2303	0	2303
1882	2310	0	2310
1883	2286	0	2286
1884	2266	0	2266
1885	2247	0	2247
1886	2281	0	2281
1887	2286	0	2286
1888	2341	0	2341
1889	2312	0	2312
1890	2313	0	2313
1891	2337	0	2337
1892	2297	0	2297
1893	2252	0	2252
1894	2289	0	2289
1895	2309	0	2309
1896	2294	0	2294
1897	2267	0	2267
1898	2298	0	2298
1899	2323	0	2323
1900	2350	0	2350
1901	2316	0	2316
1902	2298	0	2298
1903	2284	0	2284
1904	2286	0	2286
1905	2248	0	2248
1906	2247	0	2247
1907	2258	0	2258
1908	2275	0	2275
1909	2312	0	2312
1910	2330	0	2330
1911	2284	0	2284
1912	2285	0	2285
1913	2278	0	2278
1914	2285	0	2285
1915	2289	0	2289
1916	2276	0	2276
1917	2255	0	2255
1918	2259	0	2259
1919	2245	0	2245
1920	2263	0	2263
1921	2313	0	2313
1922	2327	0	2327
1923	2340	0	2340
1924	2356	0	2356
1925	2275	0	2275
1926	2232	0	2232
1927	2253	0	2253
1928	2284	0	2284
1929	2316	0	2316
1930	2268	0	2268
1931	2223	0	2223
1932	2287	0	2287
1933	2310	0	2310
1934	2300	0	2300
1935	2301	0	2301
1936	2276	0	2276
1937	2299	0	2299
1938	2255	0	2255
1939	2243	0	2243
1940	2279	0	2279
1941	2340	0	2340
1942	2363	0	2363
1943	2339	0	2339
1944	2319	0	2319
1945	2295	0	2295
1946	2341	0	2341
1947	2330	0	2330
1948	2307	0	2307
1949	2309	0	2309
1950	2295	0	2295
1951	2321	0	2321
1952	2337	0	2337
1953	2348	0	2348
1954	2331	0	2331
1955	2346	0	2346
1956	2350	0	2350
1957	2316	0	2316
1958	2312	0	2312
1959	2315	0	2315
1960	2301	0	2301
1961	2335	0	2335
1962	2349	0	2349
1963	2349	0	2349
1964	2333	0	2333
1965	2323	0	2323
1966	2315	0	2315
1967	2273	0	2273
1968	2297	0	2297
1969	2312	0	2312
1970	2349	0	2349
1971	2330	0	2330
1972	2274	0	2274
1973	2306	0	2306
1974	2326	0	2326
1975	2311	0	2311
1976	2352	0	2352
1977	2357	0	2357
1978	2341	0	2341
1979	2334	0	2334
1980	2337	0	2337
1981	2332	0	2332
1982	2345	0	2345
1983	2296	0	2296
1984	2356	0	2356
1985	2474	0	2474
1986	2406	0	2406
1987	2284	0	2284
1988	2274	0	2274
1989	2361	0	2361
1990	2389	0	2389
1991	2381	0	2381
1992	2350	0	2350
1993	2401	0	2401
1994	2375	0	2375
1995	2327	0	2327
1996	2356	0	2356
1997	2345	0	2345
1998	2354	0	2354
1999	2365	0	2365
2000	2366	0	2366
2001	2390	0	2390
2002	2391	0	2391
2003	2400	0	2400
2004	2442	0	2442
2005	2389	0	2389
2006	2363	0	2363
2007	2426	0	2426
2008	2450	0	2450
2009	2429	0	2429
2010	2437	0	2437
2011	2411	0	2411
2012	2425	0	2425
2013	2451	0	2451
2014	2396	0	2396
2015	2384	0	2384
2016	2411	0	2411
2017	2420	0	2420
2018	2409	0	2409
2019	2438	0	2438
2020	2458	0	2458
2021	2445	0	2445
2022	2433	0	2433
2023	2414	0	2414
2024	2437	0	2437
2025	2448	0	2448
2026	2447	0	2447
2027	2453	0	2453
2028	2483	0	2483
2029	2481	0	2481
2030	2486	0	2486
2031	2504	0	2504
2032	2521	0	2521
2033	2490	0	2490
2034	2460	0	2460
2035	2426	0	2426
2036	2437	0	2437
2037	2478	0	2478
2038	2523	0	2523
2039	2513	0	2513
2040	2483	0	2483
2041	2489	0	2489
2042	2539	0	2539
2043	2491	0	2491
2044	2482	0	2482
2045	2550	0	2550
2046	2570	0	2570
2047	2564	0	2564
2048	2553	0	2553
2049	2535	0	2535
2050	2540	0	2540
2051	2534	0	2534
2052	2578	0	2578
2053	2601	0	2601
2054	2605	0	2605
2055	2564	0	2564
2056	2569	0	2569
2057	2553	0	2553
2058	2562	0	2562
2059	2586	0	2586
2060	2565	0	2565
2061	2599	0	2599
2062	2594	0	2594
2063	2641	0	2641
2064	2639	0	2639
2065	2603	0	2603
2066	2619	0	2619
2067	2636	0	2636
2068	2670	0	2670
2069	2686	0	2686
2070	2669	0	2669
2071	2598	0	2598
2072	2595	0	2595
2073	2672	0	2672
2074	2690	0	2690
2075	2606	0	2606
2076	2597	0	2597
2077	2650	0	2650
2078	2698	0	2698
2079	2661	0	2661
2080	2704	0	2704
2081	2707	0	2707
2082	2704	0	2704
2083	2674	0	2674
2084	2743	0	2743
2085	2705	0	2705
2086	2690	0	2690
2087	2709	0	2709
2088	2717	0	2717
2089	2714	0	2714
2090	2730	0	2730
2091	2702	0	2702
2092	2742	0	2742
2093	2743	0	2743
2094	2801	0	2801
2095	2774	0	2774
2096	2750	0	2750
2097	2783	0	2783
2098	2789	0	2789
2099	2817	0	2817
2100	2819	0	2819
2101	2801	0	2801
2102	2850	0	2850
2103	2839	0	2839
2104	2787	0	2787
2105	2827	0	2827
2106	2852	0	2852
2107	2800	0	2800
2108	2817	0	2817
2109	2783	0	2783
2110	2815	0	2815
2111	2820	0	2820
2112	2806	0	2806
2113	2828	0	2828
2114	2900	0	2900
2115	2890	0	2890
2116	2865	0	2865
2117	2880	0	2880
2118	2900	0	2900
2119	2899	0	2899
2120	2922	0	2922
2121	2878	0	2878
2122	2880	0	2880
2123	2913	0	2913
2124	2930	0	2930
2125	2903	0	2903
2126	2900	0	2900
2127	2893	0	2893
2128	2924	0	2924
2129	2938	0	2938
2130	2968	0	2968
2131	2948	0	2948
2132	2939	0	2939
2133	2959	0	2959
2134	2927	0	2927
2135	2907	0	2907
2136	2943	0	2943
2137	2964	0	2964
2138	2930	0	2930
2139	2909	0	2909
2140	2974	0	2974
2141	3028	0	3028
2142	2972	0	2972
2143	2969	0	2969
2144	3064	0	3064
2145	3089	0	3089
2146	3053	0	3053
2147	3027	0	3027
2148	3065	0	3065
2149	3081	0	3081
2150	3076	0	3076
2151	3112	0	3112
2152	3147	0	3147
2153	3158	0	3158
2154	3158	0	3158
2155	3153	0	3153
2156	3165	0	3165
2157	3199	0	3199
2158	3271	0	3271
2159	3238	0	3238
2160	3194	0	3194
2161	3329	0	3329
2162	3390	0	3390
2163	3367	0	3367
2164	3388	0	3388
2165	3481	0	3481
2166	3588	0	3588
2167	3729	0	3729
2168	3849	0	3849
2169	3871	0	3871
2170	3818	0	3818
2171	3820	0	3820
2172	3921	0	3921
2173	4093	0	4093
2174	4143	0	4143
2175	4222	0	4222
2176	4201	0	4201
2177	4184	0	4184
2178	4112	0	4112
2179	4117	0	4117
2180	4168	0	4168
2181	4145	0	4145
2182	4045	0	4045
2183	3812	0	3812
2184	3690	0	3690
2185	3656	0	3656
2186	3550	0	3550
2187	3454	0	3454
2188	3417	0	3417
2189	3332	0	3332
2190	3261	0	3261
2191	3181	0	3181
2192	3195	0	3195
2193	3187	0	3187
2194	3102	0	3102
2195	3052	0	3052
2196	3068	0	3068
2197	3090	0	3090
2198	3075	0	3075
2199	3049	0	3049
2200	3077	0	3077
2201	3008	0	3008
2202	3013	0	3013
2203	3027	0	3027
2204	3029	0	3029
2205	3035	0	3035
2206	2988	0	2988
2207	2965	0	2965
2208	3014	0	3014
2209	3021	0	3021
2210	3021	0	3021
2211	2995	0	2995
2212	3022	0	3022
2213	3024	0	3024
2214	3030	0	3030
2215	2978	0	2978
2216	2998	0	2998
2217	3020	0	3020
2218	2958	0	2958
2219	2957	0	2957
2220	2981	0	2981
2221	2945	0	2945
2222	2915	0	2915
2223	2900	0	2900
2224	2888	0	2888
2225	2841	0	2841
2226	2855	0	2855
2227	2871	0	2871
2228	2802	0	2802
2229	2826	0	2826
2230	2821	0	2821
2231	2823	0	2823
2232	2850	0	2850
2233	2809	0	2809
2234	2805	0	2805
2235	2796	0	2796
2236	2851	0	2851
2237	2852	0	2852
2238	2821	0	2821
2239	2774	0	2774
2240	2769	0	2769
2241	2784	0	2784
2242	2758	0	2758
2243	2779	0	2779
2244	2755	0	2755
2245	2764	0	2764
2246	2755	0	2755
2247	2767	0	2767
2248	2767	0	2767
2249	2716	0	2716
2250	2730	0	2730
2251	2785	0	2785
2252	2809	0	2809
2253	2748	0	2748
2254	2756	0	2756
2255	2731	0	2731
2256	2708	0	2708
2257	2736	0	2736
2258	2704	0	2704
2259	2690	0	2690
2260	2713	0	2713
2261	2671	0	2671
2262	2691	0	2691
2263	2677	0	2677
2264	2659	0	2659
2265	2659	0	2659
2266	2663	0	2663
2267	2651	0	2651
2268	2643	0	2643
2269	2580	0	2580
2270	2592	0	2592
2271	2664	0	2664
2272	2628	0	2628
2273	2594	0	2594
2274	2642	0	2642
2275	2612	0	2612
2276	2597	0	2597
2277	2577	0	2577
2278	2572	0	2572
2279	2566	0	2566
2280	2540	0	2540
2281	2553	0	2553
2282	2592	0	2592
2283	2585	0	2585
2284	2522	0	2522
2285	2559	0	2559
2286	2559	0	2559
2287	2526	0	2526
2288	2542	0	2542
2289	2571	0	2571
2290	2556	0	2556
2291	2542	0	2542
2292	2526	0	2526
2293	2508	0	2508
2294	2534	0	2534
2295	2528	0	2528
2296	2497	0	2497
2297	2573	0	2573
2298	2585	0	2585
2299	2519	0	2519
2300	2509	0	2509
2301	2502	0	2502
2302	2498	0	2498
2303	2498	0	2498
2304	2517	0	2517
2305	2570	0	2570
2306	2583	0	2583
2307	2515	0	2515
2308	2477	0	2477
2309	2529	0	2529
2310	2549	0	2549
2311	2534	0	2534
2312	2575	0	2575
2313	2628	0	2628
2314	2620	0	2620
2315	2606	0	2606
2316	2615	0	2615
2317	2603	0	2603
2318	2587	0	2587
2319	2625	0	2625
2320	2650	0	2650
2321	2624	0	2624
2322	2653	0	2653
2323	2662	0	2662
2324	2670	0	2670
2325	2687	0	2687
2326	2693	0	2693
2327	2739	0	2739
2328	2693	0	2693
2329	2649	0	2649
2330	2697	0	2697
2331	2706	0	2706
2332	2688	0	2688
2333	2646	0	2646
2334	2653	0	2653
2335	2637	0	2637
2336	2710	0	2710
2337	2662	0	2662
2338	2619	0	2619
2339	2633	0	2633
2340	2648	0	2648
2341	2631	0	2631
2342	2638	0	2638
2343	2602	0	2602
2344	2618	0	2618
2345	2635	0	2635
2346	2645	0	2645
2347	2572	0	2572
2348	2603	0	2603
2349	2608	0	2608
2350	2620	0	2620
2351	2621	0	2621
2352	2632	0	2632
2353	2609	0	2609
2354	2646	0	2646
2355	2655	0	2655
2356	2647	0	2647
2357	2667	0	2667
2358	2674	0	2674
2359	2689	0	2689
2360	2690	0	2690
2361	2674	0	2674
2362	2671	0	2671
2363	2674	0	2674
2364	2656	0	2656
2365	2644	0	2644
2366	2702	0	2702
2367	2700	0	2700
2368	2700	0	2700
2369	2755	0	2755
2370	2759	0	2759
2371	2717	0	2717
2372	2742	0	2742
2373	2749	0	2749
2374	2724	0	2724
2375	2694	0	2694
2376	2700	0	2700
2377	2735	0	2735
2378	2749	0	2749
2379	2746	0	2746
2380	2742	0	2742
2381	2760	0	2760
2382	2785	0	2785
2383	2742	0	2742
2384	2734	0	2734
2385	2740	0	2740
2386	2737	0	2737
2387	2730	0	2730
2388	2769	0	2769
2389	2760	0	2760
2390	2768	0	2768
2391	2785	0	2785
2392	2794	0	2794
2393	2815	0	2815
2394	2789	0	2789
2395	2766	0	2766
2396	2743	0	2743
2397	2770	0	2770
2398	2785	0	2785
2399	2781	0	2781
2400	2818	0	2818
2401	2857	0	2857
2402	2827	0	2827
2403	2834	0	2834
2404	2873	0	2873
2405	2836	0	2836
2406	2855	0	2855
2407	2838	0	2838
2408	2875	0	2875
2409	2878	0	2878
2410	2873	0	2873
2411	2884	0	2884
2412	2870	0	2870
2413	2885	0	2885
2414	2890	0	2890
2415	2894	0	2894
2416	2957	0	2957
2417	2964	0	2964
2418	2957	0	2957
2419	2920	0	2920
2420	2921	0	2921
2421	2883	0	2883
2422	2905	0	2905
2423	2949	0	2949
2424	2941	0	2941
2425	2931	0	2931
2426	2984	0	2984
2427	2973	0	2973
2428	2937	0	2937
2429	2935	0	2935
2430	3004	0	3004
2431	3026	0	3026
2432	2999	0	2999
2433	2980	0	2980
2434	2980	0	2980
2435	2990	0	2990
2436	3033	0	3033
2437	3041	0	3041
2438	3050	0	3050
2439	3032	0	3032
2440	3028	0	3028
2441	3085	0	3085
2442	3039	0	3039
2443	3062	0	3062
2444	3072	0	3072
2445	3082	0	3082
2446	3070	0	3070
2447	3099	0	3099
2448	3086	0	3086
2449	3099	0	3099
2450	3080	0	3080
2451	3082	0	3082
2452	3087	0	3087
2453	3049	0	3049
2454	3081	0	3081
2455	3078	0	3078
2456	3063	0	3063
2457	3054	0	3054
2458	3083	0	3083
2459	3095	0	3095
2460	3082	0	3082
2461	3083	0	3083
2462	3076	0	3076
2463	3087	0	3087
2464	3139	0	3139
2465	3055	0	3055
2466	3032	0	3032
2467	3070	0	3070
2468	3075	0	3075
2469	3058	0	3058
2470	3001	0	3001
2471	2998	0	2998
2472	3042	0	3042
2473	3021	0	3021
2474	2999	0	2999
2475	2984	0	2984
2476	2997	0	2997
2477	3024	0	3024
2478	2974	0	2974
2479	2935	0	2935
2480	2991	0	2991
2481	3001	0	3001
2482	2974	0	2974
2483	2970	0	2970
2484	2962	0	2962
2485	2942	0	2942
2486	2924	0	2924
2487	2909	0	2909
2488	2873	0	2873
2489	2922	0	2922
2490	2934	0	2934
2491	2882	0	2882
2492	2907	0	2907
2493	2886	0	2886
2494	2861	0	2861
2495	2868	0	2868
2496	2835	0	2835
2497	2861	0	2861
2498	2904	0	2904
2499	2891	0	2891
2500	2814	0	2814
2501	2789	0	2789
2502	2786	0	2786
2503	2760	0	2760
2504	2796	0	2796
2505	2797	0	2797
2506	2745	0	2745
2507	2734	0	2734
2508	2717	0	2717
2509	2686	0	2686
2510	2660	0	2660
2511	2670	0	2670
2512	2639	0	2639
2513	2650	0	2650
2514	2629	0	2629
2515	2604	0	2604
2516	2589	0	2589
2517	2603	0	2603
2518	2624	0	2624
2519	2586	0	2586
2520	2620	0	2620
2521	2608	0	2608
2522	2607	0	2607
2523	2593	0	2593
2524	2568	0	2568
2525	2545	0	2545
2526	2549	0	2549
2527	2543	0	2543
2528	2542	0	2542
2529	2522	0	2522
2530	2552	0	2552
2531	2535	0	2535
2532	2542	0	2542
2533	2514	0	2514
2534	2525	0	2525
2535	2515	0	2515
2536	2514	0	2514
2537	2509	0	2509
2538	2517	0	2517
2539	2514	0	2514
2540	2503	0	2503
2541	2473	0	2473
2542	2474	0	2474
2543	2464	0	2464
2544	2524	0	2524
2545	2500	0	2500
2546	2431	0	2431
2547	2400	0	2400
2548	2443	0	2443
2549	2455	0	2455
2550	2502	0	2502
2551	2489	0	2489
2552	2434	0	2434
2553	2439	0	2439
2554	2489	0	2489
2555	2436	0	2436
2556	2425	0	2425
2557	2448	0	2448
2558	2456	0	2456
2559	2477	0	2477
2560	2496	0	2496
2561	2476	0	2476
2562	2429	0	2429
2563	2414	0	2414
2564	2417	0	2417
2565	2410	0	2410
2566	2444	0	2444
2567	2437	0	2437
2568	2403	0	2403
2569	2393	0	2393
2570	2439	0	2439
2571	2432	0	2432
2572	2445	0	2445
2573	2463	0	2463
2574	2475	0	2475
2575	2444	0	2444
2576	2494	0	2494
2577	2511	0	2511
2578	2492	0	2492
2579	2508	0	2508
2580	2466	0	2466
2581	2508	0	2508
2582	2529	0	2529
2583	2507	0	2507
2584	2506	0	2506
2585	2501	0	2501
2586	2496	0	2496
2587	2452	0	2452
2588	2482	0	2482
2589	2457	0	2457
2590	2487	0	2487
2591	2445	0	2445
2592	2423	0	2423
2593	2465	0	2465
2594	2477	0	2477
2595	2444	0	2444
2596	2459	0	2459
2597	2438	0	2438
2598	2423	0	2423
2599	2420	0	2420
2600	2450	0	2450
2601	2455	0	2455
2602	2447	0	2447
2603	2461	0	2461
2604	2458	0	2458
2605	2450	0	2450
2606	2437	0	2437
2607	2414	0	2414
2608	2446	0	2446
2609	2452	0	2452
2610	2428	0	2428
2611	2428	0	2428
2612	2464	0	2464
2613	2476	0	2476
2614	2439	0	2439
2615	2465	0	2465
2616	2442	0	2442
2617	2431	0	2431
2618	2463	0	2463
2619	2477	0	2477
2620	2493	0	2493
2621	2530	0	2530
2622	2537	0	2537
2623	2563	0	2563
2624	2549	0	2549
2625	2526	0	2526
2626	2522	0	2522
2627	2529	0	2529
2628	2536	0	2536
2629	2551	0	2551
2630	2602	0	2602
2631	2618	0	2618
2632	2618	0	2618
2633	2579	0	2579
2634	2562	0	2562
2635	2609	0	2609
2636	2586	0	2586
2637	2634	0	2634
2638	2640	0	2640
2639	2606	0	2606
2640	2579	0	2579
2641	2634	0	2634
2642	2609	0	2609
2643	2616	0	2616
2644	2658	0	2658
2645	2677	0	2677
2646	2701	0	2701
2647	2669	0	2669
2648	2674	0	2674
2649	2654	0	2654
2650	2668	0	2668
2651	2689	0	2689
2652	2646	0	2646
2653	2646	0	2646
2654	2675	0	2675
2655	2637	0	2637
2656	2644	0	2644
2657	2663	0	2663
2658	2615	0	2615
2659	2627	0	2627
2660	2640	0	2640
2661	2601	0	2601
2662	2627	0	2627
2663	2587	0	2587
2664	2623	0	2623
2665	2662	0	2662
2666	2630	0	2630
2667	2622	0	2622
2668	2614	0	2614
2669	2567	0	2567
2670	2589	0	2589
2671	2632	0	2632
2672	2611	0	2611
2673	2576	0	2576
2674	2619	0	2619
2675	2584	0	2584
2676	2612	0	2612
2677	2639	0	2639
2678	2598	0	2598
2679	2614	0	2614
2680	2636	0	2636
2681	2649	0	2649
2682	2648	0	2648
2683	2636	0	2636
2684	2639	0	2639
2685	2649	0	2649
2686	2646	0	2646
2687	2614	0	2614
2688	2617	0	2617
2689	2602	0	2602
2690	2564	0	2564
2691	2606	0	2606
2692	2587	0	2587
2693	2540	0	2540
2694	2561	0	2561
2695	2568	0	2568
2696	2525	0	2525
2697	2543	0	2543
2698	2623	0	2623
2699	2626	0	2626
2700	2612	0	2612
2701	2611	0	2611
2702	2597	0	2597
2703	2593	0	2593
2704	2555	0	2555
2705	2603	0	2603
2706	2626	0	2626
2707	2580	0	2580
2708	2586	0	2586
2709	2572	0	2572
2710	2594	0	2594
2711	2579	0	2579
2712	2559	0	2559
2713	2537	0	2537
2714	2488	0	2488
2715	2471	0	2471
2716	2500	0	2500
2717	2490	0	2490
2718	2475	0	2475
2719	2450	0	2450
2720	2469	0	2469
2721	2439	0	2439
2722	2451	0	2451
2723	2449	0	2449
2724	2420	0	2420
2725	2444	0	2444
2726	2469	0	2469
2727	2472	0	2472
2728	2421	0	2421
2729	2376	0	2376
2730	2408	0	2408
2731	2379	0	2379
2732	2372	0	2372
2733	2383	0	2383
2734	2412	0	2412
2735	2393	0	2393
2736	2369	0	2369
2737	2374	0	2374
2738	2373	0	2373
2739	2357	0	2357
2740	2384	0	2384
2741	2391	0	2391
2742	2396	0	2396
2743	2345	0	2345
2744	2340	0	2340
2745	2343	0	2343
2746	2325	0	2325
2747	2320	0	2320
2748	2308	0	2308
2749	2343	0	2343
2750	2313	0	2313
2751	2274	0	2274
2752	2306	0	2306
2753	2272	0	2272
2754	2230	0	2230
2755	2266	0	2266
2756	2309	0	2309
2757	2308	0	2308
2758	2309	0	2309
2759	2317	0	2317
2760	2259	0	2259
2761	2279	0	2279
2762	2286	0	2286
2763	2293	0	2293
2764	2330	0	2330
2765	2274	0	2274
2766	2265	0	2265
2767	2223	0	2223
2768	2240	0	2240
2769	2226	0	2226
2770	2222	0	2222
2771	2250	0	2250
2772	2254	0	2254
2773	2216	0	2216
2774	2220	0	2220
2775	2214	0	2214
2776	2215	0	2215
2777	2215	0	2215
2778	2208	0	2208
2779	2216	0	2216
2780	2228	0	2228
2781	2187	0	2187
2782	2228	0	2228
2783	2208	0	2208
2784	2402	0	2402
2785	2338	0	2338
2786	2207	0	2207
2787	2172	0	2172
2788	2171	0	2171
2789	2193	0	2193
2790	2186	0	2186
2791	2206	0	2206
2792	2233	0	2233
2793	2225	0	2225
2794	2184	0	2184
2795	2139	0	2139
2796	2195	0	2195
2797	2213	0	2213
2798	2202	0	2202
2799	2202	0	2202
2800	2230	0	2230
2801	2260	0	2260
2802	2253	0	2253
2803	2230	0	2230
2804	2206	0	2206
2805	2208	0	2208
2806	2238	0	2238
2807	2232	0	2232
2808	2213	0	2213
2809	2199	0	2199
2810	2245	0	2245
2811	2240	0	2240
2812	2217	0	2217
2813	2271	0	2271
2814	2284	0	2284
2815	2271	0	2271
2816	2275	0	2275
2817	2273	0	2273
2818	2266	0	2266
2819	2271	0	2271
2820	2269	0	2269
2821	2252	0	2252
2822	2284	0	2284
2823	2287	0	2287
2824	2271	0	2271
2825	2271	0	2271
2826	2231	0	2231
2827	2209	0	2209
2828	2271	0	2271
2829	2318	0	2318
2830	2282	0	2282
2831	2228	0	2228
2832	2272	0	2272
2833	2298	0	2298
2834	2238	0	2238
2835	2250	0	2250
2836	2307	0	2307
2837	2288	0	2288
2838	2282	0	2282
2839	2302	0	2302
2840	2312	0	2312
2841	2336	0	2336
2842	2343	0	2343
2843	2328	0	2328
2844	2315	0	2315
2845	2341	0	2341
2846	2311	0	2311
2847	2315	0	2315
2848	2302	0	2302
2849	2309	0	2309
2850	2337	0	2337
2851	2387	0	2387
2852	2366	0	2366
2853	2314	0	2314
2854	2326	0	2326
2855	2348	0	2348
2856	2414	0	2414
2857	2413	0	2413
2858	2385	0	2385
2859	2388	0	2388
2860	2378	0	2378
2861	2357	0	2357
2862	2350	0	2350
2863	2342	0	2342
2864	2394	0	2394
2865	2389	0	2389
2866	2365	0	2365
2867	2396	0	2396
2868	2424	0	2424
2869	2398	0	2398
2870	2399	0	2399
2871	2367	0	2367
2872	2366	0	2366
2873	2376	0	2376
2874	2400	0	2400
2875	2434	0	2434
2876	2406	0	2406
2877	2368	0	2368
2878	2369	0	2369
2879	2378	0	2378
2880	2400	0	2400
2881	2440	0	2440
2882	2387	0	2387
2883	2358	0	2358
2884	2378	0	2378
2885	2386	0	2386
2886	2371	0	2371
2887	2393	0	2393
2888	2399	0	2399
2889	2408	0	2408
2890	2404	0	2404
2891	2349	0	2349
2892	2356	0	2356
2893	2373	0	2373
2894	2384	0	2384
2895	2373	0	2373
2896	2346	0	2346
2897	2326	0	2326
2898	2364	0	2364
2899	2321	0	2321
2900	2303	0	2303
2901	2325	0	2325
2902	2300	0	2300
2903	2248	0	2248
2904	2319	0	2319
2905	2317	0	2317
2906	2256	0	2256
2907	2277	0	2277
2908	2285	0	2285
2909	2260	0	2260
2910	2225	0	2225
2911	2211	0	2211
2912	2247	0	2247
2913	2250	0	2250
2914	2258	0	2258
2915	2237	0	2237
2916	2166	0	2166
2917	2223	0	2223
2918	2229	0	2229
2919	2204	0	2204
2920	2194	0	2194
2921	2211	0	2211
2922	2221	0	2221
2923	2174	0	2174
2924	2144	0	2144
2925	2166	0	2166
2926	2168	0	2168
2927	2165	0	2165
2928	2168	0	2168
2929	2118	0	2118
2930	2112	0	2112
2931	2133	0	2133
2932	2151	0	2151
2933	2152	0	2152
2934	2153	0	2153
2935	2139	0	2139
2936	2092	0	2092
2937	2105	0	2105
2938	2107	0	2107
2939	2128	0	2128
2940	2106	0	2106
2941	2079	0	2079
2942	2102	0	2102
2943	2065	0	2065
2944	2042	0	2042
2945	2048	0	2048
2946	2084	0	2084
2947	2091	0	2091
2948	2057	0	2057
2949	2041	0	2041
2950	2076	0	2076
2951	2062	0	2062
2952	2041	0	2041
2953	2020	0	2020
2954	2021	0	2021
2955	2027	0	2027
2956	2006	0	2006
2957	2009	0	2009
2958	2041	0	2041
2959	1996	0	1996
2960	1987	0	1987
2961	1989	0	1989
2962	1977	0	1977
2963	1987	0	1987
2964	1981	0	1981
2965	1985	0	1985
2966	2006	0	2006
2967	1962	0	1962
2968	1952	0	1952
2969	1969	0	1969
2970	1993	0	1993
2971	1970	0	1970
2972	1966	0	1966
2973	1949	0	1949
2974	1921	0	1921
2975	1940	0	1940
2976	1945	0	1945
2977	1950	0	1950
2978	1950	0	1950
2979	1926	0	1926
2980	1915	0	1915
2981	1914	0	1914
2982	1909	0	1909
2983	1906	0	1906
2984	1955	0	1955
2985	1935	0	1935
2986	1902	0	1902
2987	1903	0	1903
2988	1919	0	1919
2989	1919	0	1919
2990	1919	0	1919
2991	1954	0	1954
2992	1952	0	1952
2993	1917	0	1917
2994	1923	0	1923
2995	1925	0	1925
2996	1915	0	1915
2997	1917	0	1917
2998	1913	0	1913
2999	1890	0	1890
3000	1956	0	1956
3001	1959	0	1959
3002	1943	0	1943
3003	1934	0	1934
3004	1952	0	1952
3005	1933	0	1933
3006	1947	0	1947
3007	1990	0	1990
3008	1986	0	1986
3009	1995	0	1995
3010	1952	0	1952
3011	1958	0	1958
3012	1987	0	1987
3013	2007	0	2007
3014	1969	0	1969
3015	1979	0	1979
3016	1983	0	1983
3017	1964	0	1964
3018	1973	0	1973
3019	2002	0	2002
3020	1973	0	1973
3021	1965	0	1965
3022	1951	0	1951
3023	1982	0	1982
3024	2014	0	2014
3025	2004	0	2004
3026	2017	0	2017
3027	2018	0	2018
3028	2024	0	2024
3029	1991	0	1991
3030	1980	0	1980
3031	2001	0	2001
3032	2019	0	2019
3033	2030	0	2030
3034	2041	0	2041
3035	2081	0	2081
3036	2132	0	2132
3037	2077	0	2077
3038	2049	0	2049
3039	2040	0	2040
3040	2005	0	2005
3041	2056	0	2056
3042	2083	0	2083
3043	2070	0	2070
3044	2079	0	2079
3045	2093	0	2093
3046	2058	0	2058
3047	2092	0	2092
3048	2083	0	2083
3049	2034	0	2034
3050	2066	0	2066
3051	2072	0	2072
3052	2038	0	2038
3053	2050	0	2050
3054	2092	0	2092
3055	2070	0	2070
3056	2102	0	2102
3057	2119	0	2119
3058	2097	0	2097
3059	2091	0	2091
3060	2085	0	2085
3061	2061	0	2061
3062	2074	0	2074
3063	2075	0	2075
3064	2082	0	2082
3065	2062	0	2062
3066	2086	0	2086
3067	2078	0	2078
3068	2042	0	2042
3069	2073	0	2073
3070	2082	0	2082
3071	2062	0	2062
3072	2055	0	2055
3073	2057	0	2057
3074	2040	0	2040
3075	2031	0	2031
3076	2086	0	2086
3077	2066	0	2066
3078	2031	0	2031
3079	2020	0	2020
3080	2012	0	2012
3081	2032	0	2032
3082	2017	0	2017
3083	2015	0	2015
3084	2040	0	2040
3085	2009	0	2009
3086	1985	0	1985
3087	1971	0	1971
3088	1989	0	1989
3089	1978	0	1978
3090	1962	0	1962
3091	1950	0	1950
3092	1954	0	1954
3093	1933	0	1933
3094	1912	0	1912
3095	1938	0	1938
3096	1949	0	1949
3097	1929	0	1929
3098	1946	0	1946
3099	1925	0	1925
3100	1925	0	1925
3101	1958	0	1958
3102	1940	0	1940
3103	1907	0	1907
3104	1952	0	1952
3105	1949	0	1949
3106	1912	0	1912
3107	1910	0	1910
3108	1940	0	1940
3109	1906	0	1906
3110	1890	0	1890
3111	1883	0	1883
3112	1844	0	1844
3113	1879	0	1879
3114	1873	0	1873
3115	1868	0	1868
3116	1869	0	1869
3117	1916	0	1916
3118	1902	0	1902
3119	1847	0	1847
3120	1875	0	1875
3121	1847	0	1847
3122	1834	0	1834
3123	1875	0	1875
3124	1872	0	1872
3125	1859	0	1859
3126	1865	0	1865
3127	1870	0	1870
3128	1852	0	1852
3129	1836	0	1836
3130	1859	0	1859
3131	1868	0	1868
3132	1845	0	1845
3133	1833	0	1833
3134	1838	0	1838
3135	1819	0	1819
3136	1815	0	1815
3137	1814	0	1814
3138	1831	0	1831
3139	1854	0	1854
3140	1837	0	1837
3141	1827	0	1827
3142	1835	0	1835
3143	1838	0	1838
3144	1862	0	1862
3145	1848	0	1848
3146	1872	0	1872
3147	1883	0	1883
3148	1857	0	1857
3149	1836	0	1836
3150	1815	0	1815
3151	1830	0	1830
3152	1839	0	1839
3153	1852	0	1852
3154	1872	0	1872
3155	1895	0	1895
3156	1909	0	1909
3157	1893	0	1893
3158	1857	0	1857
3159	1848	0	1848
3160	1872	0	1872
3161	1872	0	1872
3162	1892	0	1892
3163	1905	0	1905
3164	1902	0	1902
3165	1899	0	1899
3166	1903	0	1903
3167	1905	0	1905
3168	1942	0	1942
3169	1950	0	1950
3170	1914	0	1914
3171	1921	0	1921
3172	1910	0	1910
3173	1930	0	1930
3174	1899	0	1899
3175	1946	0	1946
3176	1948	0	1948
3177	1905	0	1905
3178	1954	0	1954
3179	1969	0	1969
3180	1953	0	1953
3181	1948	0	1948
3182	1961	0	1961
3183	1968	0	1968
3184	1959	0	1959
3185	1960	0	1960
3186	1986	0	1986
3187	1956	0	1956
3188	1996	0	1996
3189	2011	0	2011
3190	2012	0	2012
3191	1971	0	1971
3192	1951	0	1951
3193	1967	0	1967
3194	2015	0	2015
3195	2018	0	2018
3196	2000	0	2000
3197	2021	0	2021
3198	2055	0	2055
3199	2071	0	2071
3200	2091	0	2091
3201	2069	0	2069
3202	2069	0	2069
3203	2027	0	2027
3204	2039	0	2039
3205	2062	0	2062
3206	2030	0	2030
3207	2002	0	2002
3208	2026	0	2026
3209	2024	0	2024
3210	2049	0	2049
3211	2057	0	2057
3212	2035	0	2035
3213	2044	0	2044
3214	2051	0	2051
3215	2047	0	2047
3216	2017	0	2017
3217	2005	0	2005
3218	2022	0	2022
3219	2020	0	2020
3220	2002	0	2002
3221	2007	0	2007
3222	1986	0	1986
3223	1982	0	1982
3224	2010	0	2010
3225	1998	0	1998
3226	1984	0	1984
3227	1994	0	1994
3228	2011	0	2011
3229	1986	0	1986
3230	1978	0	1978
3231	1954	0	1954
3232	1912	0	1912
3233	1963	0	1963
3234	1981	0	1981
3235	1972	0	1972
3236	1924	0	1924
3237	1924	0	1924
3238	1972	0	1972
3239	1931	0	1931
3240	1943	0	1943
3241	1946	0	1946
3242	1912	0	1912
3243	1888	0	1888
3244	1893	0	1893
3245	1895	0	1895
3246	1904	0	1904
3247	1904	0	1904
3248	1925	0	1925
3249	1935	0	1935
3250	1914	0	1914
3251	1891	0	1891
3252	1869	0	1869
3253	1871	0	1871
3254	1908	0	1908
3255	1863	0	1863
3256	1838	0	1838
3257	1860	0	1860
3258	1854	0	1854
3259	1833	0	1833
3260	1854	0	1854
3261	1816	0	1816
3262	1797	0	1797
3263	1816	0	1816
3264	1839	0	1839
3265	1829	0	1829
3266	1836	0	1836
3267	1857	0	1857
3268	1841	0	1841
3269	1813	0	1813
3270	1809	0	1809
3271	1824	0	1824
3272	1815	0	1815
3273	1815	0	1815
3274	1830	0	1830
3275	1838	0	1838
3276	1826	0	1826
3277	1823	0	1823
3278	1820	0	1820
3279	1813	0	1813
3280	1805	0	1805
3281	1804	0	1804
3282	1789	0	1789
3283	1787	0	1787
3284	1789	0	1789
3285	1777	0	1777
3286	1791	0	1791
3287	1810	0	1810
3288	1825	0	1825
3289	1817	0	1817
3290	1854	0	1854
3291	1818	0	1818
3292	1781	0	1781
3293	1797	0	1797
3294	1796	0	1796
3295	1819	0	1819
3296	1811	0	1811
3297	1811	0	1811
3298	1784	0	1784
3299	1774	0	1774
3300	1794	0	1794
3301	1787	0	1787
3302	1824	0	1824
3303	1814	0	1814
3304	1809	0	1809
3305	1793	0	1793
3306	1823	0	1823
3307	1830	0	1830
3308	1853	0	1853
3309	1825	0	1825
3310	1831	0	1831
3311	1810	0	1810
3312	1861	0	1861
3313	1861	0	1861
3314	1853	0	1853
3315	1838	0	1838
3316	1860	0	1860
3317	1864	0	1864
3318	1826	0	1826
3319	1853	0	1853
3320	1870	0	1870
3321	1869	0	1869
3322	1872	0	1872
3323	1853	0	1853
3324	1865	0	1865
3325	1857	0	1857
3326	1901	0	1901
3327	1910	0	1910
3328	1933	0	1933
3329	1942	0	1942
3330	1899	0	1899
3331	1873	0	1873
3332	1902	0	1902
3333	1918	0	1918
3334	1958	0	1958
3335	1973	0	1973
3336	1957	0	1957
3337	1941	0	1941
3338	1952	0	1952
3339	1922	0	1922
3340	1957	0	1957
3341	1926	0	1926
3342	1929	0	1929
3343	1943	0	1943
3344	1947	0	1947
3345	1941	0	1941
3346	1932	0	1932
3347	1918	0	1918
3348	1924	0	1924
3349	1938	0	1938
3350	1906	0	1906
3351	1880	0	1880
3352	1953	0	1953
3353	1919	0	1919
3354	1909	0	1909
3355	1902	0	1902
3356	1898	0	1898
3357	1861	0	1861
3358	1921	0	1921
3359	1905	0	1905
3360	1914	0	1914
3361	1930	0	1930
3362	1923	0	1923
3363	1884	0	1884
3364	1891	0	1891
3365	1923	0	1923
3366	1903	0	1903
3367	1889	0	1889
3368	1897	0	1897
3369	1876	0	1876
3370	1912	0	1912
3371	1901	0	1901
3372	1868	0	1868
3373	1865	0	1865
3374	1884	0	1884
3375	1872	0	1872
3376	1848	0	1848
3377	1809	0	1809
3378	1798	0	1798
3379	1828	0	1828
3380	1793	0	1793
3381	1771	0	1771
3382	1793	0	1793
3383	1812	0	1812
3384	1813	0	1813
3385	1795	0	1795
3386	1777	0	1777
3387	1777	0	1777
3388	1788	0	1788
3389	1780	0	1780
3390	1797	0	1797
3391	1753	0	1753
3392	1712	0	1712
3393	1754	0	1754
3394	1751	0	1751
3395	1774	0	1774
3396	1787	0	1787
3397	1807	0	1807
3398	1788	0	1788
3399	1730	0	1730
3400	1727	0	1727
3401	1739	0	1739
3402	1774	0	1774
3403	1731	0	1731
3404	1744	0	1744
3405	1744	0	1744
3406	1698	0	1698
3407	1696	0	1696
3408	1740	0	1740
3409	1769	0	1769
3410	1743	0	1743
3411	1733	0	1733
3412	1738	0	1738
3413	1670	0	1670
3414	1698	0	1698
3415	1707	0	1707
3416	1737	0	1737
3417	1737	0	1737
3418	1729	0	1729
3419	1752	0	1752
3420	1724	0	1724
3421	1729	0	1729
3422	1755	0	1755
3423	1738	0	1738
3424	1718	0	1718
3425	1728	0	1728
3426	1732	0	1732
3427	1748	0	1748
3428	1743	0	1743
3429	1737	0	1737
3430	1781	0	1781
3431	1771	0	1771
3432	1753	0	1753
3433	1759	0	1759
3434	1762	0	1762
3435	1732	0	1732
3436	1768	0	1768
3437	1772	0	1772
3438	1734	0	1734
3439	1753	0	1753
3440	1773	0	1773
3441	1747	0	1747
3442	1787	0	1787
3443	1793	0	1793
3444	1789	0	1789
3445	1778	0	1778
3446	1818	0	1818
3447	1819	0	1819
3448	1814	0	1814
3449	1777	0	1777
3450	1824	0	1824
3451	1844	0	1844
3452	1845	0	1845
3453	1816	0	1816
3454	1829	0	1829
3455	1814	0	1814
3456	1859	0	1859
3457	1832	0	1832
3458	1829	0	1829
3459	1843	0	1843
3460	1827	0	1827
3461	1827	0	1827
3462	1813	0	1813
3463	1831	0	1831
3464	1895	0	1895
3465	1865	0	1865
3466	1821	0	1821
3467	1877	0	1877
3468	1906	0	1906
3469	1875	0	1875
3470	1883	0	1883
3471	1881	0	1881
3472	1864	0	1864
3473	1869	0	1869
3474	1854	0	1854
3475	1850	0	1850
3476	1849	0	1849
3477	1828	0	1828
3478	1845	0	1845
3479	1829	0	1829
3480	1834	0	1834
3481	1814	0	1814
3482	1832	0	1832
3483	1853	0	1853
3484	1825	0	1825
3485	1850	0	1850
3486	1845	0	1845
3487	1819	0	1819
3488	1888	0	1888
3489	1876	0	1876
3490	1822	0	1822
3491	1818	0	1818
3492	1798	0	1798
3493	1774	0	1774
3494	1815	0	1815
3495	1794	0	1794
3496	1790	0	1790
3497	1786	0	1786
3498	1780	0	1780
3499	1781	0	1781
3500	1767	0	1767
3501	1773	0	1773
3502	1782	0	1782
3503	1740	0	1740
3504	1732	0	1732
3505	1727	0	1727
3506	1759	0	1759
3507	1736	0	1736
3508	1710	0	1710
3509	1692	0	1692
3510	1739	0	1739
3511	1738	0	1738
3512	1743	0	1743
3513	1724	0	1724
3514	1691	0	1691
3515	1693	0	1693
3516	1682	0	1682
3517	1681	0	1681
3518	1676	0	1676
3519	1684	0	1684
3520	1687	0	1687
3521	1688	0	1688
3522	1698	0	1698
3523	1716	0	1716
3524	1699	0	1699
3525	1668	0	1668
3526	1657	0	1657
3527	1671	0	1671
3528	1664	0	1664
3529	1651	0	1651
3530	1699	0	1699
3531	1680	0	1680
3532	1644	0	1644
3533	1669	0	1669
3534	1639	0	1639
3535	1694	0	1694
3536	1680	0	1680
3537	1652	0	1652
3538	1669	0	1669
3539	1677	0	1677
3540	1677	0	1677
3541	1709	0	1709
3542	1686	0	1686
3543	1699	0	1699
3544	1742	0	1742
3545	1723	0	1723
3546	1683	0	1683
3547	1667	0	1667
3548	1702	0	1702
3549	1678	0	1678
3550	1710	0	1710
3551	1735	0	1735
3552	1693	0	1693
3553	1699	0	1699
3554	1716	0	1716
3555	1688	0	1688
3556	1689	0	1689
3557	1716	0	1716
3558	1718	0	1718
3559	1730	0	1730
3560	1742	0	1742
3561	1725	0	1725
3562	1725	0	1725
3563	1747	0	1747
3564	1740	0	1740
3565	1731	0	1731
3566	1747	0	1747
3567	1752	0	1752
3568	1788	0	1788
3569	1774	0	1774
3570	1778	0	1778
3571	1753	0	1753
3572	1723	0	1723
3573	1762	0	1762
3574	1784	0	1784
3575	1799	0	1799
3576	1788	0	1788
3577	1753	0	1753
3578	1751	0	1751
3579	1773	0	1773
3580	1774	0	1774
3581	1766	0	1766
3582	1774	0	1774
3583	1754	0	1754
3584	1765	0	1765
3585	1759	0	1759
3586	1761	0	1761
3587	1791	0	1791
3588	1778	0	1778
3589	1772	0	1772
3590	1768	0	1768
3591	1755	0	1755
3592	1751	0	1751
3593	1788	0	1788
3594	1765	0	1765
3595	1746	0	1746
3596	1746	0	1746
3597	1718	0	1718
3598	1703	0	1703
3599	1688	0	1688
3600	1712	0	1712
3601	1694	0	1694
3602	1682	0	1682
3603	1699	0	1699
3604	1729	0	1729
3605	1694	0	1694
3606	1693	0	1693
3607	1681	0	1681
3608	1673	0	1673
3609	1629	0	1629
3610	1634	0	1634
3611	1649	0	1649
3612	1650	0	1650
3613	1660	0	1660
3614	1651	0	1651
3615	1627	0	1627
3616	1651	0	1651
3617	1618	0	1618
3618	1609	0	1609
3619	1623	0	1623
3620	1639	0	1639
3621	1631	0	1631
3622	1631	0	1631
3623	1609	0	1609
3624	1628	0	1628
3625	1623	0	1623
3626	1745	0	1745
3627	1703	0	1703
3628	1632	0	1632
3629	1609	0	1609
3630	1648	0	1648
3631	1652	0	1652
3632	1626	0	1626
3633	1610	0	1610
3634	1593	0	1593
3635	1599	0	1599
3636	1586	0	1586
3637	1601	0	1601
3638	1647	0	1647
3639	1635	0	1635
3640	1609	0	1609
3641	1590	0	1590
3642	1584	0	1584
3643	1599	0	1599
3644	1572	0	1572
3645	1586	0	1586
3646	1599	0	1599
3647	1622	0	1622
3648	1609	0	1609
