index	original	background	difference
-----------------------------------------------------
1	3857	2270	1587
2	3646	2116	1530
3	3523	2044	1479
4	3569	2105	1464
5	3546	2099	1447
6	3747	2188	1559
7	3778	2181	1597
8	3812	2211	1601
9	3740	2187	1553
10	3580	2005	1575
11	3496	1971	1525
12	3564	2099	1465
13	3703	2229	1474
14	3765	2194	1571
15	3649	2039	1610
16	3746	2140	1606
17	3755	2176	1579
18	3710	2107	1603
19	3426	1926	1500
20	3539	2002	1537
21	3829	2159	1670
22	3708	2077	1631
23	3603	2013	1590
24	3670	2131	1539
25	3710	2168	1542
26	3688	2058	1630
27	3474	1903	1571
28	3429	1972	1457
29	3571	2072	1499
30	3680	2063	1617
31	3629	1997	1632
32	3682	2089	1593
33	3627	2100	1527
34	3545	2012	1533
35	3676	2087	1589
36	3759	2155	1604
37	3775	2153	1622
38	3662	2068	1594
39	3495	1954	1541
40	3534	2025	1509
41	3713	2114	1599
42	3599	1998	1601
43	3523	1945	1578
44	3653	2051	1602
45	3788	2199	1589
46	3749	2142	1607
47	3651	2041	1610
48	3633	2047	1586
49	3748	2151	1597
50	3842	2186	1656
51	3774	2143	1631
52	3758	2127	1631
53	3909	2234	1675
54	3732	2052	1680
55	3469	1875	1594
56	3666	2058	1608
57	3961	2280	1681
58	3746	2054	1692
59	3538	1922	1616
60	3715	2063	1652
61	3875	2243	1632
62	3808	2164	1644
63	3677	2021	1656
64	3700	2109	1591
65	3795	2182	1613
66	3724	2090	1634
67	3666	1992	1674
68	3749	2051	1698
69	3687	2063	1624
70	3627	1976	1651
71	3789	2063	1726
72	4088	2306	1782
73	3953	2208	1745
74	3668	2047	1621
75	3503	1906	1597
76	3665	2013	1652
77	3810	2144	1666
78	3736	2082	1654
79	3742	2072	1670
80	3792	2128	1664
81	3867	2190	1677
82	3656	2011	1645
83	3654	2009	1645
84	3811	2097	1714
85	3895	2181	1714
86	3753	2098	1655
87	3717	2044	1673
88	3838	2110	1728
89	3915	2187	1728
90	3832	2098	1734
91	4034	2177	1857
92	4092	2279	1813
93	3863	2130	1733
94	3736	2024	1712
95	3625	1960	1665
96	3829	2140	1689
97	4006	2264	1742
98	3880	2123	1757
99	3789	2050	1739
100	3760	2087	1673
101	3846	2148	1698
102	3870	2098	1772
103	3825	2061	1764
104	4066	2265	1801
105	4119	2350	1769
106	3972	2206	1766
107	3826	2063	1763
108	3875	2158	1717
109	3980	2221	1759
110	3908	2111	1797
111	4037	2180	1857
112	4053	2219	1834
113	3919	2120	1799
114	3904	2096	1808
115	3859	2086	1773
116	3912	2138	1774
117	4087	2219	1868
118	3861	2070	1791
119	3787	1995	1792
120	3872	2083	1789
121	3859	2129	1730
122	3793	2053	1740
123	3683	1936	1747
124	3753	2038	1715
125	3846	2099	1747
126	3852	2078	1774
127	3863	2113	1750
128	4214	2384	1830
129	4124	2322	1802
130	3849	2133	1716
131	3775	2017	1758
132	4048	2189	1859
133	4064	2193	1871
134	3824	1992	1832
135	3840	2010	1830
136	4002	2176	1826
137	4040	2223	1817
138	3956	2091	1865
139	3969	2096	1873
140	3930	2061	1869
141	3918	2109	1809
142	3949	2162	1787
143	3894	2085	1809
144	3953	2154	1799
145	3944	2139	1805
146	3992	2160	1832
147	3889	2084	1805
148	3908	2075	1833
149	4088	2253	1835
150	4055	2220	1835
151	3817	2036	1781
152	4036	2212	1824
153	4153	2287	1866
154	4177	2212	1965
155	4105	2156	1949
156	4197	2290	1907
157	4047	2200	1847
158	3916	2042	1874
159	3835	2020	1815
160	4065	2178	1887
161	4137	2231	1906
162	3981	2099	1882
163	3946	2099	1847
164	4125	2268	1857
165	4058	2255	1803
166	4033	2151	1882
167	3995	2068	1927
168	4059	2150	1909
169	4078	2214	1864
170	3975	2131	1844
171	4014	2107	1907
172	4142	2198	1944
173	4168	2230	1938
174	3943	2057	1886
175	3967	2050	1917
176	3999	2112	1887
177	4024	2157	1867
178	3926	2075	1851
179	4008	2075	1933
180	4225	2265	1960
181	4206	2267	1939
182	4124	2185	1939
183	3888	1994	1894
184	3942	2102	1840
185	4070	2187	1883
186	3998	2071	1927
187	3842	1982	1860
188	3961	2081	1880
189	4122	2226	1896
190	4114	2222	1892
191	4093	2135	1958
192	4259	2245	2014
193	4209	2227	1982
194	4040	2107	1933
195	3978	2043	1935
196	4198	2188	2010
197	4222	2218	2004
198	4018	2093	1925
199	4139	2185	1954
200	4181	2236	1945
201	4184	2226	1958
202	4184	2182	2002
203	4031	2061	1970
204	4191	2264	1927
205	4189	2271	1918
206	4088	2110	1978
207	4032	2013	2019
208	4027	2062	1965
209	4259	2238	2021
210	4201	2182	2019
211	4055	2050	2005
212	4329	2293	2036
213	4209	2250	1959
214	4084	2096	1988
215	4023	2020	2003
216	4240	2237	2003
217	4367	2308	2059
218	4041	2053	1988
219	4044	2074	1970
220	4294	2330	1964
221	4285	2292	1993
222	4139	2151	1988
223	4054	2054	2000
224	4133	2148	1985
225	4379	2358	2021
226	4117	2141	1976
227	4061	2116	1945
228	4314	2261	2053
229	4390	2321	2069
230	4112	2141	1971
231	4032	2045	1987
232	4216	2205	2011
233	4552	2417	2135
234	4384	2271	2113
235	4148	2104	2044
236	4171	2137	2034
237	4259	2231	2028
238	4158	2143	2015
239	4101	2079	2022
240	4262	2193	2069
241	4473	2361	2112
242	4353	2238	2115
243	4374	2216	2158
244	4307	2226	2081
245	4205	2205	2000
246	4150	2139	2011
247	4133	2074	2059
248	4395	2233	2162
249	4500	2339	2161
250	4346	2195	2151
251	4112	2024	2088
252	4382	2227	2155
253	4355	2252	2103
254	4301	2209	2092
255	4323	2151	2172
256	4357	2214	2143
257	4360	2219	2141
258	4181	2049	2132
259	4176	2031	2145
260	4270	2137	2133
261	4311	2199	2112
262	4391	2243	2148
263	4261	2116	2145
264	4376	2250	2126
265	4311	2173	2138
266	4313	2120	2193
267	4246	2068	2178
268	4482	2285	2197
269	4513	2313	2200
270	4456	2231	2225
271	4517	2311	2206
272	4484	2253	2231
273	4384	2161	2223
274	4348	2123	2225
275	4422	2153	2269
276	4422	2200	2222
277	4315	2155	2160
278	4272	2098	2174
279	4256	2059	2197
280	4299	2124	2175
281	4331	2166	2165
282	4312	2114	2198
283	4315	2120	2195
284	4501	2281	2220
285	4557	2306	2251
286	4355	2075	2280
287	4202	1993	2209
288	4421	2218	2203
289	4689	2354	2335
290	4642	2285	2357
291	4358	2106	2252
292	4362	2144	2218
293	4547	2245	2302
294	4380	2115	2265
295	4266	2044	2222
296	4416	2161	2255
297	4405	2174	2231
298	4376	2122	2254
299	4342	2064	2278
300	4393	2160	2233
301	4405	2216	2189
302	4314	2076	2238
303	4351	2073	2278
304	4406	2175	2231
305	4407	2206	2201
306	4407	2183	2224
307	4405	2109	2296
308	4438	2141	2297
309	4667	2356	2311
310	4487	2144	2343
311	4299	1992	2307
312	4437	2106	2331
313	4594	2237	2357
314	4606	2280	2326
315	4524	2195	2329
316	4541	2240	2301
317	4449	2184	2265
318	4450	2118	2332
319	4487	2118	2369
320	4493	2189	2304
321	4557	2236	2321
322	4652	2205	2447
323	4476	2113	2363
324	4479	2157	2322
325	4602	2204	2398
326	4449	2084	2365
327	4348	2043	2305
328	4683	2243	2440
329	4746	2318	2428
330	4496	2181	2315
331	4331	2031	2300
332	4638	2238	2400
333	5263	2790	2473
334	4819	2433	2386
335	4568	2197	2371
336	4754	2356	2398
337	4725	2323	2402
338	4541	2147	2394
339	4493	2142	2351
340	4569	2240	2329
341	4671	2279	2392
342	4659	2257	2402
343	4544	2169	2375
344	4558	2154	2404
345	4739	2262	2477
346	4750	2242	2508
347	4465	2060	2405
348	4520	2138	2382
349	4606	2195	2411
350	4529	2161	2368
351	4560	2173	2387
352	4899	2417	2482
353	4743	2332	2411
354	4473	2099	2374
355	4563	2095	2468
356	4703	2210	2493
357	4683	2248	2435
358	4618	2193	2425
359	4491	2052	2439
360	4582	2136	2446
361	4675	2230	2445
362	4700	2241	2459
363	4632	2138	2494
364	4559	2126	2433
365	4600	2155	2445
366	4479	2074	2405
367	4386	1984	2402
368	4685	2229	2456
369	4865	2346	2519
370	4749	2246	2503
371	4593	2164	2429
372	4708	2261	2447
373	4757	2278	2479
374	4595	2154	2441
375	4688	2184	2504
376	4785	2259	2526
377	4765	2302	2463
378	4714	2250	2464
379	4597	2097	2500
380	4773	2273	2500
381	4737	2282	2455
382	4724	2205	2519
383	4554	2076	2478
384	4760	2244	2516
385	4854	2311	2543
386	4644	2190	2454
387	4654	2158	2496
388	4898	2340	2558
389	4891	2421	2470
390	4731	2228	2503
391	4665	2169	2496
392	4767	2281	2486
393	4709	2201	2508
394	4654	2274	2380
395	4617	2171	2446
396	4605	2155	2450
397	4674	2205	2469
398	4693	2158	2535
399	4621	2077	2544
400	4833	2225	2608
401	4800	2282	2518
402	4569	2141	2428
403	4599	2110	2489
404	4979	2337	2642
405	4865	2301	2564
406	4892	2399	2493
407	4673	2211	2462
408	4766	2285	2481
409	4714	2216	2498
410	4570	2073	2497
411	4660	2121	2539
412	4705	2209	2496
413	4735	2246	2489
414	4757	2190	2567
415	4661	2111	2550
416	4805	2255	2550
417	4771	2255	2516
418	4537	2093	2444
419	4469	2011	2458
420	4673	2126	2547
421	4675	2151	2524
422	4541	2083	2458
423	4779	2287	2492
424	4811	2313	2498
425	4805	2305	2500
426	4635	2060	2575
427	4569	1955	2614
428	4737	2199	2538
429	5092	2506	2586
430	4843	2261	2582
431	4661	2116	2545
432	4857	2306	2551
433	5017	2413	2604
434	4754	2174	2580
435	4570	2011	2559
436	4834	2298	2536
437	4866	2382	2484
438	4580	2126	2454
439	4509	2036	2473
440	4785	2277	2508
441	4786	2283	2503
442	4536	2021	2515
443	4647	2041	2606
444	4862	2240	2622
445	4916	2400	2516
446	4731	2214	2517
447	4555	2083	2472
448	4882	2331	2551
449	4956	2441	2515
450	4879	2258	2621
451	4716	2040	2676
452	4755	2208	2547
453	4823	2325	2498
454	4742	2178	2564
455	4630	2077	2553
456	4761	2235	2526
457	4924	2393	2531
458	4719	2170	2549
459	4640	2079	2561
460	4879	2340	2539
461	4916	2392	2524
462	4851	2230	2621
463	4590	1990	2600
464	4686	2155	2531
465	4835	2304	2531
466	4639	2071	2568
467	4574	1980	2594
468	4771	2246	2525
469	5025	2450	2575
470	4901	2344	2557
471	4596	2082	2514
472	4746	2211	2535
473	4905	2408	2497
474	4795	2226	2569
475	4594	1984	2610
476	4754	2156	2598
477	4903	2335	2568
478	4809	2212	2597
479	4514	2002	2512
480	4761	2247	2514
481	4958	2410	2548
482	4927	2347	2580
483	4695	2140	2555
484	4820	2247	2573
485	4885	2300	2585
486	4680	2144	2536
487	4490	1942	2548
488	4808	2208	2600
489	4932	2347	2585
490	4683	2082	2601
491	4493	1955	2538
492	4769	2259	2510
493	4940	2397	2543
494	4769	2161	2608
495	4779	2135	2644
496	4962	2339	2623
497	4969	2313	2656
498	4647	2131	2516
499	4461	1967	2494
500	4761	2202	2559
501	4911	2386	2525
502	4710	2139	2571
503	4635	2037	2598
504	4822	2264	2558
505	4894	2324	2570
506	4881	2251	2630
507	4655	2113	2542
508	4966	2380	2586
509	5149	2516	2633
510	4871	2279	2592
511	4658	2036	2622
512	4790	2281	2509
513	4957	2406	2551
514	4883	2275	2608
515	4840	2237	2603
516	4919	2312	2607
517	4866	2282	2584
518	4745	2160	2585
519	4816	2159	2657
520	5027	2387	2640
521	4931	2383	2548
522	4801	2237	2564
523	4827	2199	2628
524	4866	2307	2559
525	5007	2456	2551
526	4786	2197	2589
527	4539	1973	2566
528	4845	2235	2610
529	4951	2369	2582
530	4721	2143	2578
531	4463	1942	2521
532	4668	2162	2506
533	4904	2313	2591
534	4726	2173	2553
535	5392	2828	2564
536	5357	2717	2640
537	5027	2375	2652
538	4733	2168	2565
539	4628	2028	2600
540	4760	2178	2582
541	4970	2370	2600
542	4733	2162	2571
543	4487	1950	2537
544	4787	2234	2553
545	5035	2429	2606
546	4772	2188	2584
547	4625	2073	2552
548	4900	2312	2588
549	5244	2563	2681
550	4845	2222	2623
551	4549	2000	2549
552	5181	2520	2661
553	5188	2522	2666
554	4952	2302	2650
555	4749	2104	2645
556	4865	2268	2597
557	4874	2289	2585
558	4631	2069	2562
559	4602	2025	2577
560	4810	2214	2596
561	5209	2544	2665
562	4904	2238	2666
563	4591	1980	2611
564	4833	2236	2597
565	5026	2398	2628
566	4812	2184	2628
567	4662	2073	2589
568	4849	2285	2564
569	4916	2371	2545
570	4740	2136	2604
571	4539	1980	2559
572	4838	2241	2597
573	4981	2338	2643
574	4732	2131	2601
575	4542	1973	2569
576	4842	2202	2640
577	4924	2354	2570
578	4829	2198	2631
579	4723	2127	2596
580	4933	2321	2612
581	5078	2396	2682
582	4779	2157	2622
583	4551	1947	2604
584	4778	2172	2606
585	4877	2245	2632
586	4908	2208	2700
587	4755	2082	2673
588	4941	2260	2681
589	4968	2363	2605
590	4824	2189	2635
591	4612	2024	2588
592	4697	2151	2546
593	4796	2296	2500
594	4590	2036	2554
595	4584	1940	2644
596	4711	2161	2550
597	4877	2336	2541
598	4922	2267	2655
599	4727	2058	2669
600	4839	2229	2610
601	4949	2317	2632
602	4770	2196	2574
603	4625	2083	2542
604	4759	2193	2566
605	4832	2260	2572
606	4652	2101	2551
607	4611	1994	2617
608	5010	2273	2737
609	4976	2294	2682
610	4822	2141	2681
611	4675	2079	2596
612	4773	2242	2531
613	4949	2313	2636
614	4863	2229	2634
615	4642	2064	2578
616	4882	2240	2642
617	4984	2361	2623
618	4745	2113	2632
619	4607	2028	2579
620	5072	2443	2629
621	5027	2439	2588
622	4762	2189	2573
623	4665	2065	2600
624	4854	2217	2637
625	4981	2315	2666
626	4820	2175	2645
627	4672	2054	2618
628	4819	2311	2508
629	4976	2363	2613
630	4816	2176	2640
631	4670	2014	2656
632	4960	2250	2710
633	5106	2414	2692
634	5018	2380	2638
635	4779	2148	2631
636	5069	2372	2697
637	5061	2359	2702
638	4866	2174	2692
639	4715	2036	2679
640	4866	2214	2652
641	4925	2264	2661
642	4696	2039	2657
643	4715	2004	2711
644	4861	2186	2675
645	4990	2322	2668
646	5136	2373	2763
647	4980	2205	2775
648	5031	2321	2710
649	5024	2368	2656
650	4750	2042	2708
651	4721	1938	2783
652	5065	2300	2765
653	5134	2407	2727
654	4889	2197	2692
655	4738	2037	2701
656	4977	2181	2796
657	5027	2287	2740
658	4922	2169	2753
659	4728	1977	2751
660	4874	2136	2738
661	5098	2392	2706
662	4876	2214	2662
663	4561	1978	2583
664	4678	2122	2556
665	4862	2256	2606
666	4663	2066	2597
667	4668	2019	2649
668	4911	2229	2682
669	4965	2270	2695
670	4843	2097	2746
671	4699	1977	2722
672	4924	2234	2690
673	5099	2385	2714
674	5032	2258	2774
675	4802	2093	2709
676	4890	2204	2686
677	4976	2270	2706
678	4866	2115	2751
679	4896	2087	2809
680	5010	2237	2773
681	4944	2239	2705
682	4956	2148	2808
683	4790	1994	2796
684	5067	2302	2765
685	5199	2456	2743
686	4928	2169	2759
687	4848	2069	2779
688	4982	2219	2763
689	5134	2317	2817
690	4958	2189	2769
691	4856	2089	2767
692	4976	2251	2725
693	5096	2386	2710
694	4835	2103	2732
695	4751	2007	2744
696	4990	2159	2831
697	4990	2215	2775
698	4905	2130	2775
699	4814	2041	2773
700	5345	2502	2843
701	5290	2479	2811
702	4937	2170	2767
703	4809	2041	2768
704	5231	2369	2862
705	5300	2435	2865
706	5103	2281	2822
707	4826	2064	2762
708	4913	2237	2676
709	5129	2378	2751
710	4939	2112	2827
711	4848	1996	2852
712	5155	2353	2802
713	5260	2488	2772
714	4942	2108	2834
715	4872	2022	2850
716	5113	2301	2812
717	5240	2382	2858
718	5108	2246	2862
719	4916	2076	2840
720	5016	2193	2823
721	5119	2297	2822
722	5153	2288	2865
723	4939	2101	2838
724	5139	2248	2891
725	5320	2430	2890
726	5064	2209	2855
727	4871	2034	2837
728	5039	2197	2842
729	5222	2290	2932
730	5074	2152	2922
731	4854	2002	2852
732	5279	2428	2851
733	5387	2472	2915
734	5127	2216	2911
735	4999	2097	2902
736	5176	2303	2873
737	5200	2366	2834
738	5063	2232	2831
739	4975	2096	2879
740	5350	2402	2948
741	5411	2465	2946
742	5032	2136	2896
743	4868	2003	2865
744	5153	2263	2890
745	5202	2346	2856
746	5130	2237	2893
747	4961	2053	2908
748	5134	2230	2904
749	5299	2330	2969
750	5098	2158	2940
751	5006	2079	2927
752	5180	2301	2879
753	5193	2350	2843
754	5017	2113	2904
755	4836	1929	2907
756	5168	2268	2900
757	5444	2462	2982
758	5195	2261	2934
759	4885	2077	2808
760	5088	2230	2858
761	5297	2365	2932
762	5123	2155	2968
763	5068	2057	3011
764	5264	2251	3013
765	5235	2310	2925
766	5017	2110	2907
767	4961	2012	2949
768	5309	2357	2952
769	5414	2476	2938
770	5126	2157	2969
771	5036	2061	2975
772	5131	2235	2896
773	5268	2364	2904
774	5070	2176	2894
775	4903	2017	2886
776	5569	2673	2896
777	5606	2648	2958
778	5125	2183	2942
779	5001	2088	2913
780	5255	2334	2921
781	5434	2479	2955
782	5214	2263	2951
783	5017	2054	2963
784	5160	2209	2951
785	5156	2264	2892
786	5156	2237	2919
787	5004	2095	2909
788	5188	2268	2920
789	5228	2311	2917
790	4996	2060	2936
791	4845	1961	2884
792	5204	2306	2898
793	5538	2531	3007
794	5188	2215	2973
795	4862	1987	2875
796	5088	2278	2810
797	5223	2364	2859
798	4954	2086	2868
799	5046	2136	2910
800	5268	2349	2919
801	5276	2380	2896
802	5067	2158	2909
803	4920	2017	2903
804	5195	2271	2924
805	5299	2389	2910
806	4992	2143	2849
807	4907	2025	2882
808	5339	2376	2963
809	5404	2443	2961
810	5150	2247	2903
811	5193	2228	2965
812	5332	2383	2949
813	5381	2444	2937
814	5251	2350	2901
815	5014	2158	2856
816	5255	2439	2816
817	5199	2442	2757
818	4996	2182	2814
819	4996	2140	2856
820	5132	2294	2838
821	5151	2343	2808
822	5160	2424	2736
823	5062	2264	2798
824	5115	2291	2824
825	5131	2317	2814
826	4967	2179	2788
827	4963	2162	2801
828	5137	2371	2766
829	5242	2492	2750
830	4947	2187	2760
831	4836	2055	2781
832	5043	2231	2812
833	5107	2336	2771
834	4958	2182	2776
835	4795	2062	2733
836	5166	2396	2770
837	5218	2479	2739
838	4917	2170	2747
839	4746	2047	2699
840	4999	2303	2696
841	5038	2346	2692
842	4822	2140	2682
843	4703	1993	2710
844	5042	2269	2773
845	5304	2529	2775
846	5027	2288	2739
847	4888	2114	2774
848	5045	2279	2766
849	5072	2333	2739
850	4957	2247	2710
851	4918	2189	2729
852	5006	2294	2712
853	5135	2402	2733
854	4946	2237	2709
855	4743	2063	2680
856	4928	2313	2615
857	5054	2366	2688
858	4914	2193	2721
859	4652	2015	2637
860	4846	2241	2605
861	4999	2361	2638
862	4777	2174	2603
863	4610	2015	2595
864	4748	2192	2556
865	4904	2400	2504
866	4772	2254	2518
867	4593	2048	2545
868	4914	2213	2701
869	5146	2423	2723
870	4896	2277	2619
871	4585	2055	2530
872	4731	2203	2528
873	4860	2304	2556
874	4696	2158	2538
875	4664	2098	2566
876	4753	2276	2477
877	4928	2378	2550
878	4761	2197	2564
879	4515	2065	2450
880	4730	2272	2458
881	4900	2375	2525
882	4782	2259	2523
883	4557	2057	2500
884	4717	2274	2443
885	4826	2417	2409
886	4693	2185	2508
887	4546	2050	2496
888	4613	2152	2461
889	4654	2246	2408
890	4787	2316	2471
891	4614	2163	2451
892	4724	2285	2439
893	4849	2383	2466
894	4695	2217	2478
895	4558	2105	2453
896	4765	2267	2498
897	4805	2295	2510
898	4808	2244	2564
899	4532	2086	2446
900	4674	2261	2413
901	4830	2308	2522
902	4609	2185	2424
903	4497	2126	2371
904	4839	2394	2445
905	4795	2359	2436
906	4541	2196	2345
907	4339	2045	2294
908	4664	2319	2345
909	4812	2477	2335
910	4505	2189	2316
911	4325	1983	2342
912	4497	2174	2323
913	4627	2309	2318
914	4492	2166	2326
915	4338	2006	2332
916	4562	2232	2330
917	4732	2399	2333
918	4496	2176	2320
919	4368	2078	2290
920	4500	2253	2247
921	4590	2339	2251
922	4411	2146	2265
923	4250	1959	2291
924	4328	2106	2222
925	4543	2306	2237
926	4404	2138	2266
927	4309	2014	2295
928	4512	2251	2261
929	4692	2423	2269
930	4469	2203	2266
931	4266	2053	2213
932	4459	2252	2207
933	4727	2448	2279
934	4470	2220	2250
935	4225	1982	2243
936	4447	2177	2270
937	4500	2313	2187
938	4332	2104	2228
939	4718	2395	2323
940	4782	2479	2303
941	4889	2596	2293
942	4438	2206	2232
943	4153	1908	2245
944	4446	2213	2233
945	4635	2408	2227
946	4349	2194	2155
947	4334	2101	2233
948	4432	2264	2168
949	4544	2379	2165
950	4568	2338	2230
951	4397	2207	2190
952	4470	2303	2167
953	4437	2359	2078
954	4332	2210	2122
955	4321	2140	2181
956	4497	2335	2162
957	4853	2619	2234
958	4400	2238	2162
959	4214	2082	2132
960	4553	2326	2227
961	4617	2406	2211
962	4466	2281	2185
963	4514	2307	2207
964	4894	2615	2279
965	4637	2444	2193
966	4215	2087	2128
967	4136	2036	2100
968	4581	2373	2208
969	4602	2373	2229
970	4348	2167	2181
971	4267	2085	2182
972	4340	2162	2178
973	4477	2327	2150
974	4410	2229	2181
975	4226	2064	2162
976	4418	2278	2140
977	4485	2298	2187
978	4325	2115	2210
979	4293	2122	2171
980	4480	2330	2150
981	4579	2385	2194
982	4295	2166	2129
983	4292	2082	2210
984	4515	2324	2191
985	4514	2351	2163
986	4475	2240	2235
987	4309	2102	2207
988	4416	2282	2134
989	4502	2368	2134
990	4252	2125	2127
991	4158	2029	2129
992	4440	2332	2108
993	4612	2435	2177
994	4415	2174	2241
995	4231	2026	2205
996	4417	2292	2125
997	4545	2364	2181
998	4279	2148	2131
999	4202	2148	2054
1000	4393	2266	2127
1001	4480	2289	2191
1002	4378	2129	2249
1003	4173	2008	2165
1004	4506	2309	2197
1005	4617	2390	2227
1006	4284	2123	2161
1007	4152	2027	2125
1008	4422	2274	2148
1009	4539	2405	2134
1010	4668	2462	2206
1011	4448	2244	2204
1012	4352	2226	2126
1013	4755	2543	2212
1014	4478	2250	2228
1015	4255	2041	2214
1016	4443	2255	2188
1017	4562	2340	2222
1018	4490	2206	2284
1019	4274	2031	2243
1020	4483	2273	2210
1021	4664	2397	2267
1022	4600	2303	2297
1023	4582	2200	2382
1024	4630	2305	2325
1025	4577	2331	2246
1026	4330	2126	2204
1027	4284	2052	2232
1028	4675	2383	2292
1029	4676	2395	2281
1030	4551	2251	2300
1031	4445	2148	2297
1032	4589	2265	2324
1033	4668	2331	2337
1034	4558	2236	2322
1035	4452	2107	2345
1036	4559	2216	2343
1037	4815	2421	2394
1038	4743	2357	2386
1039	4655	2218	2437
1040	4712	2339	2373
1041	4832	2440	2392
1042	4683	2241	2442
1043	4427	2065	2362
1044	4443	2094	2349
1045	4823	2420	2403
1046	4712	2280	2432
1047	4486	2060	2426
1048	4743	2320	2423
1049	4948	2457	2491
1050	4715	2253	2462
1051	4546	2133	2413
1052	4872	2474	2398
1053	4913	2467	2446
1054	5238	2739	2499
1055	4818	2347	2471
1056	4680	2236	2444
1057	4869	2416	2453
1058	4720	2248	2472
1059	4506	2045	2461
1060	4722	2287	2435
1061	4893	2397	2496
1062	4670	2158	2512
1063	4628	2132	2496
1064	4723	2267	2456
1065	4817	2370	2447
1066	4679	2211	2468
1067	4507	2044	2463
1068	4903	2345	2558
1069	4904	2386	2518
1070	4835	2248	2587
1071	4723	2140	2583
1072	4798	2192	2606
1073	4989	2384	2605
1074	4967	2263	2704
1075	4670	2022	2648
1076	4997	2334	2663
1077	5012	2415	2597
1078	4841	2186	2655
1079	4841	2158	2683
1080	5085	2417	2668
1081	5041	2383	2658
1082	4927	2225	2702
1083	4739	2064	2675
1084	4908	2238	2670
1085	4934	2251	2683
1086	4911	2166	2745
1087	4766	2074	2692
1088	4973	2271	2702
1089	5064	2372	2692
1090	4954	2176	2778
1091	5020	2166	2854
1092	5215	2376	2839
1093	5212	2412	2800
1094	5021	2178	2843
1095	4843	2024	2819
1096	4981	2213	2768
1097	5194	2393	2801
1098	5045	2238	2807
1099	4864	2034	2830
1100	4931	2121	2810
1101	5253	2381	2872
1102	5144	2219	2925
1103	4960	2093	2867
1104	5099	2275	2824
1105	5146	2306	2840
1106	4994	2126	2868
1107	4915	2045	2870
1108	5062	2218	2844
1109	5205	2274	2931
1110	5071	2117	2954
1111	5184	2210	2974
1112	5291	2375	2916
1113	5418	2419	2999
1114	5203	2188	3015
1115	4924	2008	2916
1116	5032	2148	2884
1117	5252	2279	2973
1118	5277	2255	3022
1119	5133	2114	3019
1120	5261	2211	3050
1121	5354	2272	3082
1122	5328	2241	3087
1123	5382	2161	3221
1124	5604	2421	3183
1125	5559	2422	3137
1126	5214	2134	3080
1127	5130	2017	3113
1128	5394	2213	3181
1129	5512	2265	3247
1130	5288	2083	3205
1131	5244	2030	3214
1132	5495	2202	3293
1133	5598	2350	3248
1134	5387	2147	3240
1135	5255	2014	3241
1136	5584	2348	3236
1137	5681	2436	3245
1138	5530	2194	3336
1139	5452	2072	3380
1140	5665	2286	3379
1141	5684	2313	3371
1142	5562	2208	3354
1143	5653	2236	3417
1144	5759	2341	3418
1145	5761	2322	3439
1146	5629	2219	3410
1147	5469	2066	3403
1148	5583	2198	3385
1149	5666	2295	3371
1150	5528	2112	3416
1151	5769	2229	3540
1152	5825	2258	3567
1153	5911	2297	3614
1154	5791	2198	3593
1155	5692	2114	3578
1156	5823	2273	3550
1157	6149	2557	3592
1158	5879	2252	3627
1159	5628	2035	3593
1160	5971	2354	3617
1161	6049	2420	3629
1162	5883	2175	3708
1163	5780	2094	3686
1164	5906	2237	3669
1165	6041	2392	3649
1166	5868	2229	3639
1167	5850	2091	3759
1168	6183	2368	3815
1169	6213	2397	3816
1170	5916	2122	3794
1171	6127	2291	3836
1172	6368	2526	3842
1173	6279	2493	3786
1174	6020	2218	3802
1175	5894	2044	3850
1176	6069	2264	3805
1177	6165	2330	3835
1178	6034	2166	3868
1179	5843	1969	3874
1180	6051	2129	3922
1181	6249	2350	3899
1182	6114	2175	3939
1183	6008	2031	3977
1184	6202	2261	3941
1185	6274	2301	3973
1186	6115	2165	3950
1187	5927	2025	3902
1188	6135	2117	4018
1189	6386	2300	4086
1190	6305	2216	4089
1191	6137	2052	4085
1192	6407	2265	4142
1193	6444	2345	4099
1194	6157	2102	4055
1195	6104	1992	4112
1196	6324	2174	4150
1197	6510	2347	4163
1198	6376	2164	4212
1199	6413	2134	4279
1200	6691	2452	4239
1201	6823	2518	4305
1202	6390	2153	4237
1203	6279	2086	4193
1204	6569	2336	4233
1205	6797	2526	4271
1206	6557	2241	4316
1207	6327	2053	4274
1208	6466	2160	4306
1209	6613	2290	4323
1210	6535	2208	4327
1211	6486	2122	4364
1212	6577	2253	4324
1213	6725	2360	4365
1214	6494	2188	4306
1215	6362	2069	4293
1216	6563	2219	4344
1217	6748	2355	4393
1218	6610	2218	4392
1219	6569	2091	4478
1220	6758	2283	4475
1221	6840	2369	4471
1222	6609	2212	4397
1223	6438	2069	4369
1224	6741	2226	4515
1225	6869	2297	4572
1226	6646	2102	4544
1227	6482	1948	4534
1228	6967	2346	4621
1229	7044	2439	4605
1230	6760	2197	4563
1231	6641	2083	4558
1232	6869	2292	4577
1233	6882	2317	4565
1234	6776	2155	4621
1235	6694	2086	4608
1236	6940	2326	4614
1237	7030	2387	4643
1238	6887	2157	4730
1239	6707	1943	4764
1240	7009	2227	4782
1241	7172	2458	4714
1242	6883	2173	4710
1243	6808	2019	4789
1244	7058	2252	4806
1245	7226	2406	4820
1246	7024	2162	4862
1247	6930	2099	4831
1248	7129	2310	4819
1249	7207	2346	4861
1250	7018	2137	4881
1251	6959	2105	4854
1252	7106	2246	4860
1253	7190	2259	4931
1254	7121	2157	4964
1255	7040	2107	4933
1256	7245	2345	4900
1257	7298	2346	4952
1258	7227	2107	5120
1259	7051	2002	5049
1260	7217	2209	5008
1261	7312	2279	5033
1262	7403	2356	5047
1263	7115	2140	4975
1264	7261	2270	4991
1265	7392	2306	5086
1266	7281	2172	5109
1267	7148	2077	5071
1268	7255	2265	4990
1269	7357	2360	4997
1270	7182	2090	5092
1271	7180	2018	5162
1272	7991	2800	5191
1273	7840	2613	5227
1274	7462	2199	5263
1275	7344	2020	5324
1276	7421	2170	5251
1277	7597	2318	5279
1278	7447	2147	5300
1279	7338	2074	5264
1280	7664	2336	5328
1281	7721	2322	5399
1282	7697	2231	5466
1283	7476	2074	5402
1284	7625	2231	5394
1285	7702	2338	5364
1286	7521	2148	5373
1287	7481	2081	5400
1288	7741	2294	5447
1289	7788	2413	5375
1290	7639	2223	5416
1291	7533	2090	5443
1292	7944	2336	5608
1293	8005	2376	5629
1294	7613	2080	5533
1295	7520	1955	5565
1296	8233	2609	5624
1297	8373	2672	5701
1298	7907	2230	5677
1299	7790	2150	5640
1300	7914	2297	5617
1301	8059	2380	5679
1302	7960	2168	5792
1303	7776	2037	5739
1304	8154	2322	5832
1305	8345	2461	5884
1306	8100	2209	5891
1307	8051	2127	5924
1308	8234	2318	5916
1309	8365	2473	5892
1310	8128	2231	5897
1311	8023	2073	5950
1312	8286	2328	5958
1313	8290	2314	5976
1314	8237	2227	6010
1315	8198	2166	6032
1316	8438	2337	6101
1317	8468	2354	6114
1318	8261	2142	6119
1319	8081	2012	6069
1320	8336	2251	6085
1321	8732	2486	6246
1322	8450	2199	6251
1323	8163	1991	6172
1324	8366	2188	6178
1325	8407	2234	6173
1326	8330	2101	6229
1327	8210	1996	6214
1328	8477	2259	6218
1329	8774	2421	6353
1330	8569	2224	6345
1331	8350	2001	6349
1332	8540	2165	6375
1333	8748	2371	6377
1334	8602	2163	6439
1335	8443	2014	6429
1336	8711	2263	6448
1337	8766	2353	6413
1338	8618	2162	6456
1339	8598	2013	6585
1340	8875	2250	6625
1341	8983	2383	6600
1342	8736	2153	6583
1343	8640	2021	6619
1344	8733	2208	6525
1345	8909	2338	6571
1346	9005	2301	6704
1347	8809	2147	6662
1348	8857	2204	6653
1349	8953	2270	6683
1350	8868	2116	6752
1351	8743	1973	6770
1352	9155	2397	6758
1353	9182	2408	6774
1354	8913	2075	6838
1355	8980	2037	6943
1356	9142	2233	6909
1357	9166	2295	6871
1358	9230	2268	6962
1359	9214	2216	6998
1360	9277	2270	7007
1361	9369	2333	7036
1362	9201	2169	7032
1363	9052	2027	7025
1364	9397	2304	7093
1365	9568	2417	7151
1366	9420	2244	7176
1367	9276	2075	7201
1368	9430	2308	7122
1369	9548	2392	7156
1370	9408	2208	7200
1371	9212	2066	7146
1372	9464	2287	7177
1373	9718	2466	7252
1374	9537	2257	7280
1375	9375	2075	7300
1376	9453	2257	7196
1377	9552	2282	7270
1378	9577	2197	7380
1379	9458	2113	7345
1380	9523	2228	7295
1381	9712	2299	7413
1382	9588	2154	7434
1383	9407	2024	7383
1384	9582	2215	7367
1385	9786	2341	7445
1386	9576	2127	7449
1387	9401	2015	7386
1388	9954	2460	7494
1389	10092	2541	7551
1390	9775	2249	7526
1391	9655	2153	7502
1392	9815	2308	7507
1393	9931	2376	7555
1394	9658	2120	7538
1395	9382	1952	7430
1396	9711	2215	7496
1397	10000	2396	7604
1398	9802	2165	7637
1399	9904	2139	7765
1400	10111	2307	7804
1401	10082	2360	7722
1402	9811	2148	7663
1403	9922	2110	7812
1404	10102	2250	7852
1405	10207	2318	7889
1406	9899	2107	7792
1407	9810	2024	7786
1408	9966	2128	7838
1409	10258	2305	7953
1410	10148	2198	7950
1411	9969	2039	7930
1412	10162	2176	7986
1413	10327	2341	7986
1414	10214	2225	7989
1415	10129	2150	7979
1416	10402	2295	8107
1417	10522	2349	8173
1418	10579	2293	8286
1419	10413	2164	8249
1420	10480	2233	8247
1421	10630	2367	8263
1422	10426	2148	8278
1423	10400	2065	8335
1424	10690	2403	8287
1425	10812	2454	8358
1426	10470	2129	8341
1427	10341	1983	8358
1428	10666	2319	8347
1429	10761	2344	8417
1430	10518	2108	8410
1431	10379	2034	8345
1432	10588	2249	8339
1433	10830	2392	8438
1434	10723	2180	8543
1435	10631	2084	8547
1436	10930	2443	8487
1437	11064	2512	8552
1438	10782	2223	8559
1439	10667	2140	8527
1440	11001	2446	8555
1441	11004	2397	8607
1442	10657	2109	8548
1443	10428	2021	8407
1444	10834	2329	8505
1445	11072	2358	8714
1446	10694	2080	8614
1447	10553	1978	8575
1448	10828	2217	8611
1449	10847	2286	8561
1450	10808	2206	8602
1451	10661	2063	8598
1452	10850	2201	8649
1453	10912	2214	8698
1454	10650	2004	8646
1455	10652	1985	8667
1456	10879	2296	8583
1457	10796	2331	8465
1458	10565	2121	8444
1459	10407	1959	8448
1460	10831	2261	8570
1461	10968	2397	8571
1462	10609	2118	8491
1463	10656	2110	8546
1464	10780	2232	8548
1465	10818	2280	8538
1466	10971	2298	8673
1467	10722	2135	8587
1468	10802	2327	8475
1469	11023	2436	8587
1470	10894	2195	8699
1471	10720	2025	8695
1472	11029	2253	8776
1473	11136	2302	8834
1474	10893	2161	8732
1475	10672	2042	8630
1476	10903	2298	8605
1477	11109	2417	8692
1478	10850	2154	8696
1479	10720	2062	8658
1480	10880	2214	8666
1481	10991	2285	8706
1482	10935	2200	8735
1483	10878	2154	8724
1484	11097	2336	8761
1485	11262	2445	8817
1486	11163	2338	8825
1487	11049	2159	8890
1488	11076	2245	8831
1489	11084	2284	8800
1490	10906	2101	8805
1491	11099	2242	8857
1492	11262	2353	8909
1493	11174	2291	8883
1494	10898	2064	8834
1495	10850	2018	8832
1496	11219	2318	8901
1497	11218	2305	8913
1498	10985	2103	8882
1499	10857	1994	8863
1500	11189	2222	8967
1501	11333	2355	8978
1502	11097	2151	8946
1503	10968	2062	8906
1504	11153	2304	8849
1505	11305	2456	8849
1506	10999	2200	8799
1507	10857	2012	8845
1508	10993	2105	8888
1509	11339	2439	8900
1510	11025	2179	8846
1511	10786	1972	8814
1512	11084	2251	8833
1513	11256	2405	8851
1514	11182	2301	8881
1515	10916	2114	8802
1516	11065	2322	8743
1517	11169	2394	8775
1518	11034	2252	8782
1519	10835	2053	8782
1520	11098	2274	8824
1521	11460	2465	8995
1522	11324	2315	9009
1523	10933	2068	8865
1524	10955	2134	8821
1525	11239	2270	8969
1526	11092	2206	8886
1527	10869	2044	8825
1528	10959	2166	8793
1529	11014	2247	8767
1530	10868	2107	8761
1531	10918	2136	8782
1532	11097	2296	8801
1533	11049	2306	8743
1534	11010	2175	8835
1535	10956	2154	8802
1536	11053	2210	8843
1537	11180	2299	8881
1538	11195	2300	8895
1539	11050	2184	8866
1540	11289	2368	8921
1541	11220	2379	8841
1542	11109	2361	8748
1543	11094	2322	8772
1544	11112	2292	8820
1545	11022	2247	8775
1546	10774	2061	8713
1547	10691	2033	8658
1548	10967	2243	8724
1549	11010	2313	8697
1550	10841	2150	8691
1551	10699	1977	8722
1552	11029	2319	8710
1553	11099	2463	8636
1554	10715	2154	8561
1555	10649	2036	8613
1556	10922	2200	8722
1557	11018	2400	8618
1558	10714	2116	8598
1559	10656	2015	8641
1560	10709	2189	8520
1561	10972	2367	8605
1562	10860	2203	8657
1563	10738	2081	8657
1564	10852	2246	8606
1565	10936	2315	8621
1566	10768	2139	8629
1567	10611	2042	8569
1568	11159	2508	8651
1569	11178	2518	8660
1570	10654	2146	8508
1571	10611	2057	8554
1572	11762	3058	8704
1573	11344	2799	8545
1574	10592	2133	8459
1575	10510	2062	8448
1576	11014	2509	8505
1577	10894	2439	8455
1578	10605	2207	8398
1579	10580	2216	8364
1580	10533	2302	8231
1581	10666	2346	8320
1582	10528	2127	8401
1583	10366	2033	8333
1584	10479	2122	8357
1585	10536	2239	8297
1586	10411	2171	8240
1587	10300	2067	8233
1588	10453	2220	8233
1589	10665	2381	8284
1590	10387	2170	8217
1591	10178	1989	8189
1592	10475	2234	8241
1593	10420	2261	8159
1594	10228	2120	8108
1595	10397	2194	8203
1596	10922	2696	8226
1597	10748	2516	8232
1598	10320	2152	8168
1599	10208	2026	8182
1600	10387	2244	8143
1601	10348	2249	8099
1602	10297	2207	8090
1603	10225	2145	8080
1604	10408	2260	8148
1605	10463	2272	8191
1606	10288	2125	8163
1607	10367	2095	8272
1608	10549	2274	8275
1609	10532	2256	8276
1610	10323	2083	8240
1611	10335	2013	8322
1612	10609	2271	8338
1613	10486	2307	8179
1614	10342	2220	8122
1615	10172	2033	8139
1616	10457	2270	8187
1617	10624	2351	8273
1618	10598	2306	8292
1619	10464	2183	8281
1620	10646	2339	8307
1621	10636	2390	8246
1622	10258	2134	8124
1623	10152	2042	8110
1624	10585	2442	8143
1625	10565	2469	8096
1626	10399	2191	8208
1627	10183	2054	8129
1628	10630	2492	8138
1629	10730	2581	8149
1630	10334	2218	8116
1631	10218	1995	8223
1632	10455	2306	8149
1633	10414	2322	8092
1634	10306	2166	8140
1635	10171	2055	8116
1636	10412	2212	8200
1637	10398	2242	8156
1638	10227	2081	8146
1639	10218	2059	8159
1640	10699	2437	8262
1641	10635	2474	8161
1642	10285	2254	8031
1643	10076	2024	8052
1644	10189	2165	8024
1645	10222	2255	7967
1646	10229	2163	8066
1647	10087	2027	8060
1648	10267	2276	7991
1649	10331	2355	7976
1650	10141	2121	8020
1651	10050	2017	8033
1652	10336	2259	8077
1653	10388	2327	8061
1654	10124	2061	8063
1655	10055	2007	8048
1656	10231	2175	8056
1657	10171	2188	7983
1658	10143	2117	8026
1659	10078	2056	8022
1660	10238	2347	7891
1661	10519	2551	7968
1662	10159	2251	7908
1663	9938	2063	7875
1664	10239	2282	7957
1665	10356	2343	8013
1666	10217	2205	8012
1667	10140	2147	7993
1668	10188	2264	7924
1669	10254	2311	7943
1670	10214	2189	8025
1671	10250	2143	8107
1672	10322	2273	8049
1673	10252	2308	7944
1674	10097	2139	7958
1675	9947	1986	7961
1676	10303	2191	8112
1677	10388	2302	8086
1678	10259	2173	8086
1679	10133	2052	8081
1680	10441	2358	8083
1681	10511	2458	8053
1682	10236	2202	8034
1683	10041	2014	8027
1684	10329	2324	8005
1685	10432	2361	8071
1686	10150	2076	8074
1687	10179	2102	8077
1688	10248	2248	8000
1689	10302	2261	8041
1690	10316	2155	8161
1691	10192	2074	8118
1692	10407	2336	8071
1693	10381	2333	8048
1694	10087	2066	8021
1695	10114	2042	8072
1696	10324	2237	8087
1697	10362	2314	8048
1698	10164	2162	8002
1699	10159	2089	8070
1700	10570	2376	8194
1701	10628	2466	8162
1702	10179	2141	8038
1703	10111	2063	8048
1704	10280	2210	8070
1705	10399	2312	8087
1706	10267	2129	8138
1707	10205	2072	8133
1708	10435	2344	8091
1709	10573	2505	8068
1710	10432	2361	8071
1711	10195	2130	8065
1712	10394	2292	8102
1713	10553	2412	8141
1714	10369	2185	8184
1715	10087	1974	8113
1716	10341	2193	8148
1717	10559	2306	8253
1718	10356	2158	8198
1719	10227	2093	8134
1720	10472	2338	8134
1721	10446	2343	8103
1722	10360	2160	8200
1723	10309	2043	8266
1724	10508	2302	8206
1725	10555	2405	8150
1726	10339	2173	8166
1727	10305	2048	8257
1728	10357	2082	8275
1729	10540	2320	8220
1730	10407	2142	8265
1731	10264	2064	8200
1732	10437	2251	8186
1733	10453	2257	8196
1734	10309	2084	8225
1735	10193	1949	8244
1736	10419	2124	8295
1737	10692	2349	8343
1738	10689	2275	8414
1739	10464	2099	8365
1740	10598	2237	8361
1741	10698	2307	8391
1742	10579	2191	8388
1743	10561	2101	8460
1744	10636	2223	8413
1745	10666	2265	8401
1746	10521	2116	8405
1747	10580	2092	8488
1748	10631	2240	8391
1749	10758	2309	8449
1750	10564	2116	8448
1751	10389	1960	8429
1752	10591	2179	8412
1753	10749	2349	8400
1754	10612	2187	8425
1755	10466	2007	8459
1756	10678	2250	8428
1757	10863	2339	8524
1758	10726	2144	8582
1759	10517	1993	8524
1760	10744	2183	8561
1761	10764	2227	8537
1762	10580	2138	8442
1763	10544	2017	8527
1764	10839	2287	8552
1765	10844	2379	8465
1766	10584	2114	8470
1767	10523	2032	8491
1768	10726	2155	8571
1769	10755	2246	8509
1770	10696	2155	8541
1771	10827	2132	8695
1772	11039	2307	8732
1773	11183	2430	8753
1774	10986	2337	8649
1775	10730	2098	8632
1776	10902	2229	8673
1777	11015	2289	8726
1778	10771	2060	8711
1779	10592	1953	8639
1780	10802	2130	8672
1781	10955	2246	8709
1782	11013	2244	8769
1783	10799	2097	8702
1784	10851	2126	8725
1785	11137	2362	8775
1786	11020	2249	8771
1787	10779	1998	8781
1788	11061	2225	8836
1789	11139	2359	8780
1790	11085	2239	8846
1791	10909	2057	8852
1792	11039	2142	8897
1793	11336	2371	8965
1794	11051	2126	8925
1795	10776	1983	8793
1796	11091	2252	8839
1797	11260	2338	8922
1798	11179	2241	8938
1799	11126	2159	8967
1800	11211	2333	8878
1801	11190	2324	8866
1802	10885	2066	8819
1803	10940	2004	8936
1804	11203	2185	9018
1805	11538	2514	9024
1806	11287	2213	9074
1807	10990	1967	9023
1808	11332	2214	9118
1809	11317	2188	9129
1810	11113	2083	9030
1811	11075	2017	9058
1812	11268	2118	9150
1813	11607	2394	9213
1814	11480	2299	9181
1815	11268	2067	9201
1816	11607	2351	9256
1817	11661	2450	9211
1818	11404	2248	9156
1819	11129	2030	9099
1820	11363	2136	9227
1821	11481	2241	9240
1822	11410	2161	9249
1823	11201	1999	9202
1824	11385	2215	9170
1825	11602	2336	9266
1826	11366	2106	9260
1827	11288	2105	9183
1828	11798	2520	9278
1829	11661	2415	9246
1830	11417	2194	9223
1831	11148	2031	9117
1832	11439	2285	9154
1833	11512	2342	9170
1834	11275	2104	9171
1835	11105	1971	9134
1836	11309	2166	9143
1837	11453	2306	9147
1838	11485	2292	9193
1839	11332	2106	9226
1840	11444	2180	9264
1841	11431	2233	9198
1842	11236	2075	9161
1843	11159	1997	9162
1844	11342	2168	9174
1845	11525	2315	9210
1846	11283	2072	9211
1847	11181	1994	9187
1848	11280	2159	9121
1849	11327	2239	9088
1850	11356	2124	9232
1851	11291	2017	9274
1852	11279	2133	9146
1853	11367	2247	9120
1854	11263	2161	9102
1855	11047	2009	9038
1856	11321	2234	9087
1857	11599	2360	9239
1858	11237	2160	9077
1859	11067	2014	9053
1860	11198	2169	9029
1861	11347	2300	9047
1862	11152	2119	9033
1863	10877	1957	8920
1864	11086	2235	8851
1865	11504	2521	8983
1866	11054	2160	8894
1867	10884	1921	8963
1868	11102	2210	8892
1869	11215	2370	8845
1870	10957	2051	8906
1871	10862	1934	8928
1872	11179	2306	8873
1873	11115	2293	8822
1874	10707	1940	8767
1875	10543	1820	8723
1876	11096	2341	8755
1877	11059	2409	8650
1878	10748	2036	8712
1879	10508	1889	8619
1880	11064	2314	8750
1881	11144	2423	8721
1882	10551	2063	8488
1883	10452	1917	8535
1884	10769	2234	8535
1885	10838	2308	8530
1886	10521	1990	8531
1887	10375	1856	8519
1888	10732	2292	8440
1889	10841	2438	8403
1890	10636	2153	8483
1891	10467	1949	8518
1892	10756	2254	8502
1893	10707	2284	8423
1894	10370	2041	8329
1895	10140	1898	8242
1896	10559	2217	8342
1897	10835	2354	8481
1898	10382	2105	8277
1899	10237	1922	8315
1900	10554	2168	8386
1901	10615	2272	8343
1902	10396	2062	8334
1903	10178	1883	8295
1904	10345	2078	8267
1905	10434	2216	8218
1906	10206	2002	8204
1907	10023	1924	8099
1908	10311	2209	8102
1909	10481	2355	8126
1910	10221	2070	8151
1911	10127	1910	8217
1912	10338	2144	8194
1913	10504	2329	8175
1914	10353	2219	8134
1915	10298	2177	8121
1916	10433	2364	8069
1917	10418	2383	8035
1918	10129	2140	7989
1919	9856	1946	7910
1920	10172	2230	7942
1921	10319	2346	7973
1922	9951	2022	7929
1923	9891	1962	7929
1924	10172	2286	7886
1925	10157	2267	7890
1926	9806	1998	7808
1927	9908	1989	7919
1928	10276	2267	8009
1929	10187	2443	7744
1930	9721	2060	7661
1931	9589	1881	7708
1932	9870	2208	7662
1933	9884	2278	7606
1934	9514	2023	7491
1935	9389	1941	7448
1936	9570	2163	7407
1937	10000	2470	7530
1938	9757	2185	7572
1939	9301	1865	7436
1940	9566	2144	7422
1941	9751	2326	7425
1942	9517	2121	7396
1943	9240	1897	7343
1944	9486	2131	7355
1945	9699	2303	7396
1946	9380	2059	7321
1947	9124	1905	7219
1948	9434	2223	7211
1949	9615	2332	7283
1950	9357	2076	7281
1951	9070	1941	7129
1952	9409	2238	7171
1953	9535	2319	7216
1954	9256	2132	7124
1955	8897	1926	6971
1956	9199	2125	7074
1957	9339	2281	7058
1958	9045	2030	7015
1959	9063	2026	7037
1960	9260	2272	6988
1961	9259	2278	6981
1962	9082	2014	7068
1963	8938	1875	7063
1964	9121	2089	7032
1965	9213	2305	6908
1966	8903	2100	6803
1967	8813	1978	6835
1968	9112	2269	6843
1969	9134	2363	6771
1970	8865	2064	6801
1971	8628	1856	6772
1972	8709	2005	6704
1973	9027	2309	6718
1974	8668	2056	6612
1975	8496	1861	6635
1976	8765	2069	6696
1977	9019	2330	6689
1978	8961	2213	6748
1979	8799	2045	6754
1980	9023	2303	6720
1981	9120	2376	6744
1982	8852	2127	6725
1983	8597	1952	6645
1984	8691	2213	6478
1985	9056	2500	6556
1986	8781	2212	6569
1987	8389	1866	6523
1988	8669	2095	6574
1989	8908	2406	6502
1990	8551	2098	6453
1991	8471	1955	6516
1992	8786	2269	6517
1993	8889	2412	6477
1994	8499	2043	6456
1995	8348	1881	6467
1996	8563	2150	6413
1997	8607	2279	6328
1998	8316	1977	6339
1999	8388	1911	6477
2000	8646	2193	6453
2001	8590	2283	6307
2002	8193	1962	6231
2003	8225	1961	6264
2004	8672	2300	6372
2005	8745	2404	6341
2006	8291	2103	6188
2007	8082	1933	6149
2008	8574	2336	6238
2009	8625	2403	6222
2010	8599	2368	6231
2011	8391	2161	6230
2012	8448	2238	6210
2013	8635	2391	6244
2014	8333	2108	6225
2015	8106	1880	6226
2016	8389	2193	6196
2017	8513	2320	6193
2018	8149	2032	6117
2019	7954	1874	6080
2020	8289	2167	6122
2021	8524	2362	6162
2022	8145	2027	6118
2023	8036	1923	6113
2024	8395	2276	6119
2025	8375	2321	6054
2026	8169	2122	6047
2027	8158	2044	6114
2028	8263	2211	6052
2029	8281	2242	6039
2030	8036	2010	6026
2031	7922	1919	6003
2032	8274	2244	6030
2033	8371	2336	6035
2034	8379	2292	6087
2035	8156	2033	6123
2036	8200	2184	6016
2037	8469	2442	6027
2038	8147	2103	6044
2039	7938	1936	6002
2040	8099	2190	5909
2041	8201	2283	5918
2042	8095	2079	6016
2043	7862	1904	5958
2044	8172	2227	5945
2045	8536	2491	6045
2046	8107	2148	5959
2047	7783	1878	5905
2048	8080	2172	5908
2049	8344	2325	6019
2050	7965	2010	5955
2051	7854	1887	5967
2052	8296	2273	6023
2053	8419	2439	5980
2054	7983	2099	5884
2055	7913	1948	5965
2056	8252	2271	5981
2057	8180	2255	5925
2058	7886	1942	5944
2059	7798	1876	5922
2060	8061	2168	5893
2061	8248	2345	5903
2062	8008	2074	5934
2063	8135	2072	6063
2064	8315	2349	5966
2065	8169	2313	5856
2066	7900	1982	5918
2067	7784	1870	5914
2068	8217	2300	5917
2069	8378	2453	5925
2070	8026	2076	5950
2071	7828	1924	5904
2072	8180	2185	5995
2073	8529	2486	6043
2074	8231	2196	6035
2075	7784	1857	5927
2076	8004	2133	5871
2077	8152	2317	5835
2078	8224	2285	5939
2079	7915	2023	5892
2080	7997	2121	5876
2081	8144	2182	5962
2082	7992	2007	5985
2083	7799	1883	5916
2084	8320	2307	6013
2085	8265	2324	5941
2086	7889	1988	5901
2087	7751	1803	5948
2088	7966	2074	5892
2089	8174	2210	5964
2090	7979	1967	6012
2091	7778	1863	5915
2092	8062	2158	5904
2093	8230	2281	5949
2094	8085	2062	6023
2095	7808	1860	5948
2096	8089	2125	5964
2097	8235	2263	5972
2098	8132	2111	6021
2099	8282	2154	6128
2100	8430	2297	6133
2101	8456	2316	6140
2102	8193	2016	6177
2103	7952	1831	6121
2104	8063	2057	6006
2105	8280	2229	6051
2106	8103	1973	6130
2107	7985	1858	6127
2108	8455	2262	6193
2109	8493	2344	6149
2110	8315	2120	6195
2111	8123	1914	6209
2112	8316	2151	6165
2113	8646	2404	6242
2114	8343	2152	6191
2115	8097	1922	6175
2116	8423	2135	6288
2117	8607	2320	6287
2118	8282	2067	6215
2119	8248	1984	6264
2120	8411	2191	6220
2121	8603	2333	6270
2122	8555	2131	6424
2123	8311	1937	6374
2124	8461	2165	6296
2125	8722	2401	6321
2126	8409	2083	6326
2127	8127	1840	6287
2128	8384	2177	6207
2129	8607	2336	6271
2130	8443	2061	6382
2131	8217	1871	6346
2132	8458	2125	6333
2133	8656	2301	6355
2134	8302	2011	6291
2135	8181	1827	6354
2136	8439	2095	6344
2137	8717	2375	6342
2138	8374	2100	6274
2139	8209	1865	6344
2140	8557	2213	6344
2141	8685	2307	6378
2142	8404	2046	6358
2143	8374	1954	6420
2144	8548	2122	6426
2145	8670	2302	6368
2146	8483	2121	6362
2147	8239	1903	6336
2148	8506	2157	6349
2149	8570	2275	6295
2150	8435	2101	6334
2151	8220	1889	6331
2152	8569	2262	6307
2153	8925	2582	6343
2154	8478	2172	6306
2155	8280	1934	6346
2156	8691	2277	6414
2157	8739	2315	6424
2158	8305	1961	6344
2159	8224	1896	6328
2160	8491	2135	6356
2161	8744	2388	6356
2162	8717	2278	6439
2163	8302	1983	6319
2164	8393	2129	6264
2165	8633	2324	6309
2166	8390	2082	6308
2167	8139	1877	6262
2168	8280	2095	6185
2169	8475	2255	6220
2170	8450	2172	6278
2171	8117	1900	6217
2172	8332	2094	6238
2173	8545	2288	6257
2174	8332	2034	6298
2175	8194	1988	6206
2176	8415	2218	6197
2177	8427	2255	6172
2178	8357	2194	6163
2179	8300	2096	6204
2180	8447	2243	6204
2181	8473	2322	6151
2182	8228	2066	6162
2183	8026	1872	6154
2184	8278	2199	6079
2185	8604	2479	6125
2186	8229	2172	6057
2187	8060	2019	6041
2188	8191	2180	6011
2189	8275	2259	6016
2190	8098	2017	6081
2191	8086	1973	6113
2192	8350	2247	6103
2193	8354	2363	5991
2194	8027	2049	5978
2195	7812	1853	5959
2196	8068	2105	5963
2197	8291	2366	5925
2198	7875	2103	5772
2199	7781	1910	5871
2200	8317	2352	5965
2201	8293	2363	5930
2202	7955	2119	5836
2203	7740	1937	5803
2204	7799	2047	5752
2205	7962	2231	5731
2206	7788	2028	5760
2207	7740	1952	5788
2208	7873	2173	5700
2209	7866	2279	5587
2210	7681	2047	5634
2211	7721	1988	5733
2212	7798	2158	5640
2213	7886	2297	5589
2214	7661	2087	5574
2215	7361	1854	5507
2216	7646	2106	5540
2217	7810	2286	5524
2218	7429	2021	5408
2219	7236	1845	5391
2220	7534	2073	5461
2221	7737	2265	5472
2222	7470	2041	5429
2223	7196	1815	5381
2224	7553	2129	5424
2225	7637	2227	5410
2226	7563	2137	5426
2227	7424	1987	5437
2228	7479	2181	5298
2229	7556	2288	5268
2230	7216	1993	5223
2231	6929	1843	5086
2232	7513	2290	5223
2233	7817	2489	5328
2234	7382	2146	5236
2235	7152	1974	5178
2236	7279	2140	5139
2237	7395	2331	5064
2238	7283	2164	5119
2239	7128	2033	5095
2240	7167	2177	4990
2241	7217	2214	5003
2242	7126	2104	5022
2243	6885	1913	4972
2244	7122	2131	4991
2245	7115	2298	4817
2246	6873	2049	4824
2247	6755	1869	4886
2248	7269	2328	4941
2249	7232	2352	4880
2250	7001	2183	4818
2251	6898	2014	4884
2252	7180	2273	4907
2253	7129	2322	4807
2254	6723	2003	4720
2255	6753	1957	4796
2256	6945	2203	4742
2257	7022	2326	4696
2258	6737	2056	4681
2259	6563	1939	4624
2260	6834	2217	4617
2261	6919	2282	4637
2262	6755	2112	4643
2263	6634	1956	4678
2264	6750	2122	4628
2265	6810	2239	4571
2266	6627	2025	4602
2267	6525	1907	4618
2268	6686	2130	4556
2269	6667	2163	4504
2270	6430	2008	4422
2271	6555	2088	4467
2272	6782	2289	4493
2273	6770	2324	4446
2274	6475	2052	4423
2275	6281	1863	4418
2276	6624	2196	4428
2277	6766	2344	4422
2278	6492	2141	4351
2279	6284	1945	4339
2280	6449	2133	4316
2281	6729	2350	4379
2282	6516	2148	4368
2283	6327	1967	4360
2284	6749	2361	4388
2285	6691	2399	4292
2286	6174	2009	4165
2287	5973	1865	4108
2288	6378	2182	4196
2289	7004	2705	4299
2290	6745	2385	4360
2291	6150	1926	4224
2292	6536	2311	4225
2293	6690	2474	4216
2294	6315	2092	4223
2295	6056	1877	4179
2296	6335	2222	4113
2297	6579	2462	4117
2298	6248	2113	4135
2299	6094	1972	4122
2300	6137	2097	4040
2301	6296	2240	4056
2302	6031	2019	4012
2303	5921	1851	4070
2304	6194	2164	4030
2305	6240	2288	3952
2306	5914	1971	3943
2307	5800	1854	3946
2308	6039	2103	3936
2309	6269	2301	3968
2310	5987	2049	3938
2311	5918	1941	3977
2312	6115	2138	3977
2313	6235	2274	3961
2314	5983	2023	3960
2315	5739	1892	3847
2316	5974	2160	3814
2317	6125	2285	3840
2318	6002	2070	3932
2319	5834	1893	3941
2320	5994	2087	3907
2321	6126	2206	3920
2322	5989	2093	3896
2323	5814	1949	3865
2324	6009	2176	3833
2325	6053	2232	3821
2326	5992	2077	3915
2327	5993	2057	3936
2328	6298	2328	3970
2329	6235	2370	3865
2330	5937	2113	3824
2331	5771	1909	3862
2332	6126	2228	3898
2333	6200	2350	3850
2334	5902	2116	3786
2335	5848	2037	3811
2336	6154	2279	3875
2337	6246	2342	3904
2338	5911	2024	3887
2339	5742	1920	3822
2340	5956	2185	3771
2341	6019	2292	3727
2342	5807	2042	3765
2343	5652	1861	3791
2344	5870	2093	3777
2345	5987	2174	3813
2346	6074	2141	3933
2347	5786	1919	3867
2348	5978	2106	3872
2349	6192	2356	3836
2350	5890	2088	3802
2351	5596	1863	3733
2352	6066	2316	3750
2353	6160	2447	3713
2354	5892	2112	3780
2355	5736	1959	3777
2356	6087	2303	3784
2357	6198	2386	3812
2358	5828	2064	3764
2359	5720	1941	3779
2360	6077	2149	3928
2361	6088	2222	3866
2362	5817	2066	3751
2363	5743	1937	3806
2364	5931	2118	3813
2365	6100	2222	3878
2366	5757	1957	3800
2367	5601	1811	3790
2368	5919	2102	3817
2369	6339	2401	3938
2370	6070	2170	3900
2371	5685	1898	3787
2372	5904	2107	3797
2373	6017	2251	3766
2374	5798	2023	3775
2375	5652	1880	3772
2376	6024	2169	3855
2377	6057	2215	3842
2378	5810	2032	3778
2379	5781	1956	3825
2380	6032	2186	3846
2381	6012	2277	3735
2382	5750	2018	3732
2383	5599	1867	3732
2384	5887	2111	3776
2385	6332	2417	3915
2386	6049	2177	3872
2387	5708	1897	3811
2388	5973	2186	3787
2389	6123	2284	3839
2390	5988	2072	3916
2391	5977	2027	3950
2392	6235	2250	3985
2393	6246	2395	3851
2394	5922	2099	3823
2395	5638	1860	3778
2396	5978	2117	3861
2397	6179	2320	3859
2398	6027	2113	3914
2399	5958	2022	3936
2400	6212	2253	3959
2401	6365	2395	3970
2402	6037	2081	3956
2403	5869	1954	3915
2404	6138	2253	3885
2405	6153	2294	3859
2406	6143	2189	3954
2407	5985	2042	3943
2408	6290	2345	3945
2409	6265	2350	3915
2410	5982	2076	3906
2411	5784	1915	3869
2412	6007	2139	3868
2413	6399	2403	3996
2414	6140	2193	3947
2415	5942	2025	3917
2416	6492	2457	4035
2417	6417	2457	3960
2418	5927	2081	3846
2419	5818	1896	3922
2420	6078	2149	3929
2421	6156	2257	3899
2422	5977	2021	3956
2423	5880	1916	3964
2424	6091	2127	3964
2425	6200	2255	3945
2426	5857	1956	3901
2427	5780	1873	3907
2428	6137	2121	4016
2429	6184	2172	4012
2430	6050	2052	3998
2431	6045	2031	4014
2432	6262	2234	4028
2433	6426	2331	4095
2434	6119	2089	4030
2435	5843	1908	3935
2436	6329	2281	4048
2437	6416	2379	4037
2438	6015	2119	3896
2439	6011	2063	3948
2440	6081	2161	3920
2441	6308	2363	3945
2442	6165	2136	4029
2443	6015	1962	4053
2444	6125	2229	3896
2445	6263	2376	3887
2446	6097	2113	3984
2447	6113	2062	4051
2448	6218	2227	3991
2449	6240	2301	3939
2450	5988	2064	3924
2451	6020	2008	4012
2452	6174	2210	3964
2453	6317	2331	3986
2454	6049	2078	3971
2455	5888	1932	3956
2456	6043	2098	3945
2457	6140	2220	3920
2458	6042	2165	3877
2459	5921	2000	3921
2460	6082	2133	3949
2461	6163	2256	3907
2462	5938	2040	3898
2463	5805	1885	3920
2464	6064	2167	3897
2465	6285	2421	3864
2466	6114	2193	3921
2467	5895	1967	3928
2468	6055	2193	3862
2469	6113	2239	3874
2470	5919	2072	3847
2471	5685	1896	3789
2472	6010	2161	3849
2473	6045	2294	3751
2474	5826	2003	3823
2475	5969	2133	3836
2476	6048	2296	3752
2477	6066	2279	3787
2478	5786	2086	3700
2479	5624	1931	3693
2480	5915	2143	3772
2481	5919	2220	3699
2482	5775	2025	3750
2483	5552	1841	3711
2484	5705	2045	3660
2485	6097	2342	3755
2486	5800	2093	3707
2487	5623	1982	3641
2488	5834	2177	3657
2489	5904	2260	3644
2490	5773	2126	3647
2491	5536	1933	3603
2492	5638	2123	3515
2493	5665	2115	3550
2494	5529	1953	3576
2495	5463	1946	3517
2496	5624	2086	3538
2497	5785	2258	3527
2498	5780	2211	3569
2499	5536	1979	3557
2500	5573	2104	3469
2501	5748	2269	3479
2502	5583	2055	3528
2503	5462	1921	3541
2504	5555	2132	3423
2505	5587	2235	3352
2506	5420	2031	3389
2507	5379	1961	3418
2508	5737	2298	3439
2509	5729	2368	3361
2510	5480	2098	3382
2511	5498	2027	3471
2512	5601	2233	3368
2513	5746	2331	3415
2514	5412	2015	3397
2515	5139	1833	3306
2516	5510	2171	3339
2517	5731	2375	3356
2518	5630	2214	3416
2519	5485	2054	3431
2520	5636	2311	3325
2521	5706	2421	3285
2522	5435	2144	3291
2523	5213	1916	3297
2524	5340	2061	3279
2525	5529	2267	3262
2526	5266	2060	3206
2527	5071	1825	3246
2528	5622	2311	3311
2529	5617	2368	3249
2530	5287	2079	3208
2531	5019	1912	3107
2532	5402	2241	3161
2533	5609	2352	3257
2534	5167	1987	3180
2535	4979	1932	3047
2536	5526	2467	3059
2537	5487	2436	3051
2538	5087	2018	3069
2539	5107	1984	3123
2540	5244	2178	3066
2541	5345	2301	3044
2542	5085	2041	3044
2543	4983	1946	3037
2544	5441	2332	3109
2545	5441	2377	3064
2546	5170	2103	3067
2547	4986	1923	3063
2548	5239	2207	3032
2549	5281	2268	3013
2550	5258	2225	3033
2551	5068	2029	3039
2552	5057	2070	2987
2553	5217	2223	2994
2554	5031	2007	3024
2555	4820	1861	2959
2556	5066	2138	2928
2557	5302	2286	3016
2558	5232	2136	3096
2559	5075	2002	3073
2560	5100	2148	2952
2561	5462	2441	3021
2562	5254	2203	3051
2563	4991	1986	3005
2564	5120	2143	2977
2565	5179	2210	2969
2566	4910	2011	2899
2567	4727	1854	2873
2568	4958	2052	2906
2569	5060	2165	2895
2570	4907	2007	2900
2571	4823	1954	2869
2572	5040	2224	2816
2573	5156	2329	2827
2574	5120	2218	2902
2575	4980	2032	2948
2576	5139	2240	2899
2577	5267	2377	2890
2578	5125	2245	2880
2579	4856	2053	2803
2580	4905	2157	2748
2581	5246	2387	2859
2582	4988	2141	2847
2583	4717	1925	2792
2584	4893	2125	2768
2585	5016	2285	2731
2586	4833	2128	2705
2587	4658	1948	2710
2588	4927	2196	2731
2589	5141	2334	2807
2590	5074	2217	2857
2591	4812	1992	2820
2592	4973	2100	2873
2593	5155	2335	2820
2594	4846	2095	2751
2595	4775	1968	2807
2596	5131	2273	2858
2597	5179	2368	2811
2598	4846	2032	2814
2599	4703	1868	2835
2600	5089	2230	2859
2601	5197	2356	2841
2602	4969	2143	2826
2603	4829	2050	2779
2604	5009	2217	2792
2605	5104	2301	2803
2606	4979	2157	2822
2607	4730	1972	2758
2608	4953	2234	2719
2609	5113	2310	2803
2610	4882	2084	2798
2611	4660	1914	2746
2612	4831	2122	2709
2613	5070	2278	2792
2614	4817	2025	2792
2615	4829	2045	2784
2616	5136	2303	2833
2617	5218	2392	2826
2618	4926	2109	2817
2619	4665	1920	2745
2620	5048	2160	2888
2621	5319	2371	2948
2622	5096	2197	2899
2623	4793	2012	2781
2624	5079	2284	2795
2625	5131	2342	2789
2626	4761	2045	2716
2627	4623	1943	2680
2628	4825	2135	2690
2629	5049	2309	2740
2630	4900	2097	2803
2631	4762	1956	2806
2632	4995	2212	2783
2633	5065	2280	2785
2634	4847	2034	2813
2635	4736	1929	2807
2636	5004	2194	2810
2637	5123	2323	2800
2638	4897	2068	2829
2639	4717	1885	2832
2640	4971	2160	2811
2641	5094	2259	2835
2642	4725	1962	2763
2643	4554	1772	2782
2644	4911	2057	2854
2645	5155	2305	2850
2646	5040	2183	2857
2647	4743	1977	2766
2648	4990	2226	2764
2649	5107	2346	2761
2650	4865	2079	2786
2651	4704	1912	2792
2652	4983	2209	2774
2653	5110	2341	2769
2654	4914	2133	2781
2655	4735	1943	2792
2656	4991	2171	2820
2657	5063	2267	2796
2658	4871	2027	2844
2659	4666	1864	2802
2660	5037	2206	2831
2661	5057	2283	2774
2662	4818	1994	2824
2663	4758	1888	2870
2664	4913	2113	2800
2665	5298	2453	2845
2666	5011	2155	2856
2667	4737	1942	2795
2668	5074	2265	2809
2669	5086	2305	2781
2670	4958	2075	2883
2671	4721	1948	2773
2672	5027	2235	2792
2673	5090	2293	2797
2674	4850	2065	2785
2675	4653	1869	2784
2676	5031	2223	2808
2677	5185	2378	2807
2678	4796	2011	2785
2679	4716	1934	2782
2680	4952	2198	2754
2681	5304	2505	2799
2682	4987	2172	2815
2683	4699	1938	2761
2684	5060	2227	2833
2685	5162	2343	2819
2686	4866	2063	2803
2687	4798	1974	2824
2688	4939	2162	2777
2689	5000	2218	2782
2690	4778	1931	2847
2691	4738	1975	2763
2692	4985	2234	2751
2693	5033	2243	2790
2694	4784	2056	2728
2695	4626	1896	2730
2696	4893	2125	2768
2697	4971	2256	2715
2698	4896	2157	2739
2699	4720	1937	2783
2700	4964	2225	2739
2701	5064	2328	2736
2702	4691	2014	2677
2703	4637	1952	2685
2704	4891	2160	2731
2705	5052	2373	2679
2706	4903	2193	2710
2707	4913	2145	2768
2708	4985	2288	2697
2709	5077	2344	2733
2710	4866	2093	2773
2711	4643	1961	2682
2712	4916	2262	2654
2713	4981	2385	2596
2714	4625	2055	2570
2715	4461	1872	2589
2716	4933	2266	2667
2717	5023	2397	2626
2718	4734	2077	2657
2719	4445	1849	2596
2720	4801	2180	2621
2721	5085	2358	2727
2722	4650	2046	2604
2723	4587	1961	2626
2724	4868	2207	2661
2725	4844	2267	2577
2726	4708	2117	2591
2727	4498	1914	2584
2728	4644	2124	2520
2729	4863	2275	2588
2730	4534	2006	2528
2731	4354	1925	2429
2732	4798	2332	2466
2733	4950	2427	2523
2734	4642	2101	2541
2735	4519	1995	2524
2736	4746	2250	2496
2737	4867	2401	2466
2738	4600	2085	2515
2739	4308	1842	2466
2740	4673	2182	2491
2741	4954	2438	2516
2742	4596	2125	2471
2743	4325	1875	2450
2744	4706	2210	2496
2745	4947	2380	2567
2746	4422	2012	2410
2747	4231	1858	2373
2748	4613	2198	2415
2749	4705	2284	2421
2750	4367	1971	2396
2751	4179	1832	2347
2752	4428	2120	2308
2753	4597	2261	2336
2754	4430	2092	2338
2755	4209	1898	2311
2756	4477	2150	2327
2757	4553	2268	2285
2758	4258	2037	2221
2759	4252	1936	2316
2760	4439	2115	2324
2761	4557	2291	2266
2762	4305	2007	2298
2763	4127	1843	2284
2764	4614	2292	2322
2765	4700	2343	2357
2766	4361	2061	2300
2767	4145	1936	2209
2768	4392	2206	2186
2769	4484	2262	2222
2770	4249	2044	2205
2771	4087	1866	2221
2772	4375	2133	2242
2773	4457	2270	2187
2774	4234	2012	2222
2775	4304	2041	2263
2776	4491	2284	2207
2777	4639	2407	2232
2778	4366	2122	2244
2779	4039	1911	2128
2780	4386	2195	2191
2781	4475	2222	2253
2782	4551	2286	2265
2783	4231	1997	2234
2784	7453	5297	2156
2785	6241	4072	2169
2786	4149	2029	2120
2787	3982	1860	2122
2788	4319	2147	2172
2789	4506	2287	2219
2790	4264	2086	2178
2791	4150	1978	2172
2792	4271	2142	2129
2793	4476	2356	2120
2794	4222	2071	2151
2795	3965	1859	2106
2796	4357	2204	2153
2797	4540	2362	2178
2798	4294	2081	2213
2799	4056	1917	2139
2800	4414	2237	2177
2801	4500	2314	2186
2802	4150	2030	2120
2803	4140	2006	2134
2804	4540	2356	2184
2805	4465	2351	2114
2806	4015	1989	2026
2807	3936	1932	2004
2808	4226	2162	2064
2809	4361	2254	2107
2810	4262	2143	2119
2811	3943	1891	2052
2812	4045	2091	1954
2813	4185	2186	1999
2814	4024	1973	2051
2815	4006	1902	2104
2816	4282	2193	2089
2817	4457	2369	2088
2818	4194	2106	2088
2819	4116	2030	2086
2820	4241	2209	2032
2821	4324	2312	2012
2822	4236	2141	2095
2823	3978	1966	2012
2824	4176	2178	1998
2825	4286	2234	2052
2826	4030	1951	2079
2827	3889	1839	2050
2828	4247	2190	2057
2829	4389	2319	2070
2830	4099	2018	2081
2831	4060	1961	2099
2832	4300	2208	2092
2833	4460	2333	2127
2834	4105	1996	2109
2835	4027	1939	2088
2836	4332	2231	2101
2837	4375	2277	2098
2838	4006	1967	2039
2839	3983	1903	2080
2840	4198	2146	2052
2841	4384	2359	2025
2842	4291	2203	2088
2843	4098	2005	2093
2844	4271	2257	2014
2845	4427	2416	2011
2846	4214	2184	2030
2847	3879	1923	1956
2848	4095	2132	1963
2849	4370	2375	1995
2850	4093	2087	2006
2851	3937	1949	1988
2852	4167	2183	1984
2853	4315	2297	2018
2854	4089	2082	2007
2855	4055	2009	2046
2856	4342	2321	2021
2857	4362	2394	1968
2858	4204	2150	2054
2859	4051	1983	2068
2860	4157	2120	2037
2861	4395	2320	2075
2862	4043	2025	2018
2863	3865	1878	1987
2864	4423	2338	2085
2865	4438	2360	2078
2866	4075	2030	2045
2867	4182	2092	2090
2868	4773	2590	2183
2869	4526	2417	2109
2870	4049	2052	1997
2871	3984	1982	2002
2872	4246	2227	2019
2873	4270	2300	1970
2874	4037	2001	2036
2875	4108	2007	2101
2876	4204	2194	2010
2877	4232	2240	1992
2878	3986	1959	2027
2879	3801	1824	1977
2880	4141	2139	2002
2881	4373	2330	2043
2882	4035	2034	2001
2883	3992	1961	2031
2884	4319	2273	2046
2885	4420	2357	2063
2886	4062	2042	2020
2887	3955	1916	2039
2888	4291	2166	2125
2889	4373	2280	2093
2890	4065	2034	2031
2891	3906	1885	2021
2892	4316	2233	2083
2893	4444	2395	2049
2894	4103	2056	2047
2895	3956	1951	2005
2896	4166	2188	1978
2897	4317	2305	2012
2898	4113	2095	2018
2899	3860	1891	1969
2900	4123	2119	2004
2901	4404	2364	2040
2902	4138	2071	2067
2903	3871	1836	2035
2904	4175	2150	2025
2905	4269	2273	1996
2906	3971	2027	1944
2907	3885	1919	1966
2908	4163	2224	1939
2909	4267	2290	1977
2910	3951	1955	1996
2911	3756	1803	1953
2912	4081	2123	1958
2913	4305	2313	1992
2914	3978	2093	1885
2915	3853	1884	1969
2916	4067	2119	1948
2917	4271	2333	1938
2918	4068	2066	2002
2919	3897	1897	2000
2920	4042	2141	1901
2921	4142	2245	1897
2922	4081	2107	1974
2923	3897	1897	2000
2924	4115	2127	1988
2925	4250	2346	1904
2926	4081	2140	1941
2927	3818	1923	1895
2928	4105	2189	1916
2929	4162	2257	1905
2930	3945	1990	1955
2931	3925	1900	2025
2932	4313	2305	2008
2933	4250	2346	1904
2934	3944	2052	1892
2935	3656	1846	1810
2936	3911	2056	1855
2937	4322	2432	1890
2938	4047	2123	1924
2939	3799	1919	1880
2940	4069	2157	1912
2941	4155	2257	1898
2942	3984	2100	1884
2943	3715	1901	1814
2944	4158	2299	1859
2945	4207	2375	1832
2946	3799	2010	1789
2947	3687	1845	1842
2948	4126	2237	1889
2949	4137	2301	1836
2950	3851	1995	1856
2951	3743	1914	1829
2952	3952	2117	1835
2953	4109	2290	1819
2954	3768	1951	1817
2955	3703	1872	1831
2956	4015	2225	1790
2957	4002	2301	1701
2958	3794	2078	1716
2959	3589	1873	1716
2960	3903	2178	1725
2961	4091	2332	1759
2962	3940	2115	1825
2963	3851	1997	1854
2964	4030	2227	1803
2965	4030	2235	1795
2966	3897	2089	1808
2967	3603	1908	1695
2968	3724	2101	1623
2969	4015	2334	1681
2970	3724	2012	1712
2971	3638	1860	1778
2972	3953	2157	1796
2973	3962	2243	1719
2974	3687	1979	1708
2975	3603	1899	1704
2976	4037	2280	1757
2977	4050	2304	1746
2978	3716	2031	1685
2979	3575	1898	1677
2980	3841	2217	1624
2981	3927	2266	1661
2982	3902	2180	1722
2983	3727	2056	1671
2984	3854	2184	1670
2985	4072	2386	1686
2986	3710	2089	1621
2987	3568	1887	1681
2988	3882	2179	1703
2989	3950	2343	1607
2990	3580	2019	1561
2991	3424	1831	1593
2992	3817	2114	1703
2993	3945	2278	1667
2994	3586	1978	1608
2995	3469	1904	1565
2996	3929	2249	1680
2997	4080	2379	1701
2998	3659	2011	1648
2999	3435	1827	1608
3000	3806	2178	1628
3001	4146	2446	1700
3002	3797	2068	1729
3003	3497	1871	1626
3004	3827	2225	1602
3005	3927	2323	1604
3006	3716	2077	1639
3007	3508	1863	1645
3008	3902	2248	1654
3009	4100	2441	1659
3010	3932	2240	1692
3011	3753	2023	1730
3012	3777	2121	1656
3013	3833	2222	1611
3014	3608	1974	1634
3015	3470	1852	1618
3016	3796	2141	1655
3017	3947	2274	1673
3018	3637	2036	1601
3019	3468	1864	1604
3020	3815	2163	1652
3021	3950	2301	1649
3022	3717	2054	1663
3023	3512	1906	1606
3024	3801	2214	1587
3025	3921	2310	1611
3026	3624	2050	1574
3027	3441	1808	1633
3028	3761	2133	1628
3029	3930	2320	1610
3030	3725	2086	1639
3031	3514	1902	1612
3032	3722	2117	1605
3033	3915	2310	1605
3034	3797	2116	1681
3035	3565	1896	1669
3036	3878	2227	1651
3037	4028	2374	1654
3038	3673	2055	1618
3039	3505	1872	1633
3040	3737	2073	1664
3041	4009	2340	1669
3042	3716	2105	1611
3043	3415	1818	1597
3044	3655	2062	1593
3045	3923	2300	1623
3046	3759	2086	1673
3047	3512	1886	1626
3048	3651	2029	1622
3049	3780	2163	1617
3050	3698	2040	1658
3051	3563	1913	1650
3052	3704	2117	1587
3053	3734	2187	1547
3054	3719	2049	1670
3055	3559	1905	1654
3056	3686	2104	1582
3057	3843	2223	1620
3058	3596	1983	1613
3059	3389	1851	1538
3060	3853	2202	1651
3061	3979	2283	1696
3062	3701	2002	1699
3063	3411	1821	1590
3064	3615	2057	1558
3065	3829	2254	1575
3066	3604	2035	1569
3067	3467	1878	1589
3068	3789	2162	1627
3069	3888	2285	1603
3070	3718	2042	1676
3071	3750	2022	1728
3072	3842	2135	1707
3073	3879	2220	1659
3074	3733	2055	1678
3075	3520	1888	1632
3076	3799	2190	1609
3077	3931	2327	1604
3078	3524	2013	1511
3079	3500	1916	1584
3080	3785	2232	1553
3081	4091	2480	1611
3082	3767	2124	1643
3083	3434	1846	1588
3084	3757	2188	1569
3085	3918	2337	1581
3086	3576	1975	1601
3087	3394	1825	1569
3088	3731	2180	1551
3089	3918	2344	1574
3090	3878	2178	1700
3091	3590	1948	1642
3092	3641	2097	1544
3093	3893	2272	1621
3094	3739	2113	1626
3095	3620	1998	1622
3096	3704	2179	1525
3097	3922	2347	1575
3098	3715	2075	1640
3099	3461	1872	1589
3100	3660	2136	1524
3101	3884	2309	1575
3102	3628	2084	1544
3103	3426	1909	1517
3104	3742	2200	1542
3105	3816	2272	1544
3106	3557	2021	1536
3107	3423	1892	1531
3108	3759	2145	1614
3109	3835	2210	1625
3110	3611	2015	1596
3111	3506	1935	1571
3112	3661	2080	1581
3113	3753	2200	1553
3114	3707	2193	1514
3115	3471	1975	1496
3116	3711	2228	1483
3117	3869	2338	1531
3118	3549	1987	1562
3119	3335	1821	1514
3120	3663	2099	1564
3121	3897	2321	1576
3122	3683	2101	1582
3123	3443	1922	1521
3124	3705	2173	1532
3125	3870	2325	1545
3126	3689	2133	1556
3127	3489	1960	1529
3128	3675	2211	1464
3129	3798	2309	1489
3130	3658	2108	1550
3131	3499	1948	1551
3132	3677	2177	1500
3133	3762	2304	1458
3134	3680	2125	1555
3135	3503	1940	1563
3136	3728	2199	1529
3137	3739	2259	1480
3138	3582	2050	1532
3139	3386	1874	1512
3140	3569	2102	1467
3141	3595	2156	1439
3142	3457	1942	1515
3143	3441	1904	1537
3144	3534	2113	1421
3145	3669	2373	1296
3146	3681	2236	1445
3147	3650	2045	1605
3148	3617	2094	1523
3149	3667	2235	1432
3150	3461	1992	1469
3151	3356	1893	1463
3152	3633	2157	1476
3153	3927	2379	1548
3154	3622	2109	1513
3155	3449	1948	1501
3156	3900	2372	1528
3157	3969	2474	1495
3158	3534	2035	1499
3159	3294	1859	1435
3160	3793	2246	1547
3161	3930	2376	1554
3162	3524	2061	1463
3163	3402	1916	1486
3164	3588	2123	1465
3165	3598	2240	1358
3166	3438	1982	1456
3167	3369	1869	1500
3168	3741	2219	1522
3169	3719	2318	1401
3170	3472	2023	1449
3171	3358	1848	1510
3172	3650	2136	1514
3173	3776	2291	1485
3174	3550	2025	1525
3175	3337	1859	1478
3176	3491	2065	1426
3177	3676	2225	1451
3178	3560	2068	1492
3179	3439	1913	1526
3180	3611	2151	1460
3181	4031	2518	1513
3182	3724	2183	1541
3183	3367	1888	1479
3184	3508	2103	1405
3185	3630	2241	1389
3186	3524	2050	1474
3187	3348	1857	1491
3188	3595	2100	1495
3189	3698	2226	1472
3190	3439	1995	1444
3191	3322	1857	1465
3192	3740	2255	1485
3193	3824	2293	1531
3194	3745	2170	1575
3195	3404	1956	1448
3196	3504	2084	1420
3197	3870	2346	1524
3198	3567	2048	1519
3199	3314	1853	1461
3200	3598	2180	1418
3201	3777	2347	1430
3202	3708	2184	1524
3203	3376	1886	1490
3204	3636	2122	1514
3205	3885	2313	1572
3206	3640	2146	1494
3207	3368	1932	1436
3208	3907	2329	1578
3209	3903	2387	1516
3210	3397	1935	1462
3211	3355	1842	1513
3212	3598	2130	1468
3213	3701	2271	1430
3214	3562	2039	1523
3215	3320	1826	1494
3216	3541	2030	1511
3217	3698	2206	1492
3218	3601	2081	1520
3219	3461	1964	1497
3220	3597	2141	1456
3221	3709	2244	1465
3222	3483	2025	1458
3223	3292	1849	1443
3224	3735	2247	1488
3225	3901	2361	1540
3226	3514	2008	1506
3227	3290	1827	1463
3228	3565	2116	1449
3229	3718	2276	1442
3230	3624	2119	1505
3231	3448	1915	1533
3232	3504	2052	1452
3233	3712	2260	1452
3234	3848	2236	1612
3235	3613	2035	1578
3236	3594	2074	1520
3237	3726	2276	1450
3238	3625	2170	1455
3239	3332	1915	1417
3240	3534	2124	1410
3241	3601	2214	1387
3242	3440	2001	1439
3243	3447	1956	1491
3244	3686	2181	1505
3245	3748	2306	1442
3246	3467	2041	1426
3247	3341	1928	1413
3248	3604	2206	1398
3249	4017	2490	1527
3250	3568	2094	1474
3251	3280	1857	1423
3252	3558	2129	1429
3253	3687	2257	1430
3254	3502	2051	1451
3255	3336	1857	1479
3256	3593	2133	1460
3257	3740	2304	1436
3258	3539	2119	1420
3259	3230	1895	1335
3260	3485	2174	1311
3261	3668	2267	1401
3262	3393	1963	1430
3263	3326	1868	1458
3264	3664	2204	1460
3265	3760	2268	1492
3266	3416	1949	1467
3267	3188	1813	1375
3268	3586	2177	1409
3269	3850	2375	1475
3270	3590	2113	1477
3271	3410	1987	1423
3272	3663	2222	1441
3273	3713	2292	1421
3274	3421	2045	1376
3275	3280	1919	1361
3276	3847	2391	1456
3277	3877	2390	1487
3278	3444	2016	1428
3279	3246	1905	1341
3280	3579	2208	1371
3281	3701	2312	1389
3282	3496	2039	1457
3283	3340	1913	1427
3284	3521	2095	1426
3285	3683	2242	1441
3286	3494	2034	1460
3287	3383	1897	1486
3288	3692	2230	1462
3289	3653	2274	1379
3290	4341	2771	1570
3291	3934	2407	1527
3292	3404	2048	1356
3293	3527	2203	1324
3294	3333	1998	1335
3295	3216	1885	1331
3296	3443	2107	1336
3297	3550	2185	1365
3298	3306	1984	1322
3299	3257	1889	1368
3300	3407	2063	1344
3301	3536	2222	1314
3302	3397	2035	1362
3303	3202	1817	1385
3304	3419	2030	1389
3305	3472	2085	1387
3306	3375	1974	1401
3307	3231	1853	1378
3308	3451	2011	1440
3309	3428	2074	1354
3310	3340	1978	1362
3311	3221	1842	1379
3312	3424	2034	1390
3313	3457	2087	1370
3314	3292	1946	1346
3315	3275	1888	1387
3316	3490	2098	1392
3317	3503	2153	1350
3318	3326	1934	1392
3319	3347	1954	1393
3320	3450	2103	1347
3321	3410	2074	1336
3322	3323	1954	1369
3323	3214	1875	1339
3324	3285	1952	1333
3325	3441	2132	1309
3326	3399	2034	1365
3327	3298	1901	1397
3328	3603	2147	1456
3329	3787	2360	1427
3330	3476	2050	1426
3331	3383	1952	1431
3332	3538	2154	1384
3333	3454	2137	1317
3334	3309	1954	1355
3335	3213	1867	1346
3336	3431	2102	1329
3337	3532	2208	1324
3338	3590	2164	1426
3339	3371	1940	1431
3340	3769	2330	1439
3341	3671	2315	1356
3342	3361	2028	1333
3343	3292	1927	1365
3344	3340	2035	1305
3345	3640	2244	1396
3346	3581	2154	1427
3347	3441	2007	1434
3348	3465	2105	1360
3349	3518	2145	1373
3350	3316	2008	1308
3351	3152	1858	1294
3352	3466	2109	1357
3353	3678	2291	1387
3354	3428	2060	1368
3355	3274	1919	1355
3356	3457	2052	1405
3357	3423	2077	1346
3358	3375	2034	1341
3359	3223	1882	1341
3360	3473	2084	1389
3361	3695	2240	1455
3362	3505	2085	1420
3363	3252	1919	1333
3364	3488	2118	1370
3365	3554	2220	1334
3366	3407	2062	1345
3367	3414	2017	1397
3368	3555	2173	1382
3369	3613	2293	1320
3370	3508	2057	1451
3371	3359	1915	1444
3372	3520	2136	1384
3373	3661	2228	1433
3374	3426	2004	1422
3375	3297	1929	1368
3376	3467	2123	1344
3377	3390	2096	1294
3378	3271	1941	1330
3379	3813	2329	1484
3380	3688	2229	1459
3381	3406	2095	1311
3382	3343	2002	1341
3383	3271	1896	1375
3384	3586	2180	1406
3385	3691	2297	1394
3386	3344	1979	1365
3387	3098	1807	1291
3388	3332	2030	1302
3389	3465	2136	1329
3390	3447	2106	1341
3391	3191	1909	1282
3392	3279	1977	1302
3393	3613	2171	1442
3394	3429	2037	1392
3395	3440	2043	1397
3396	3597	2148	1449
3397	3536	2145	1391
3398	3326	1951	1375
3399	3176	1858	1318
3400	3263	2018	1245
3401	3396	2145	1251
3402	3328	1993	1335
3403	3256	1892	1364
3404	3504	2167	1337
3405	3580	2193	1387
3406	3278	1941	1337
3407	3303	1925	1378
3408	3599	2174	1425
3409	3622	2277	1345
3410	3537	2151	1386
3411	3292	1861	1431
3412	3534	2157	1377
3413	3472	2151	1321
3414	3324	1983	1341
3415	3249	1917	1332
3416	3339	2061	1278
3417	3376	2089	1287
3418	3261	1931	1330
3419	3155	1847	1308
3420	3378	2033	1345
3421	3577	2190	1387
3422	3357	1957	1400
3423	3054	1787	1267
3424	3206	1922	1284
3425	3506	2170	1336
3426	3450	2073	1377
3427	3332	1934	1398
3428	3545	2088	1457
3429	3581	2196	1385
3430	3407	2047	1360
3431	3169	1862	1307
3432	3333	2017	1316
3433	3433	2096	1337
3434	3440	2094	1346
3435	3304	1953	1351
3436	3317	2023	1294
3437	3437	2133	1304
3438	3302	2010	1292
3439	3283	1932	1351
3440	3523	2161	1362
3441	3451	2116	1335
3442	3448	2077	1371
3443	3326	1960	1366
3444	3411	2055	1356
3445	3405	2050	1355
3446	3172	1843	1329
3447	3199	1835	1364
3448	3324	1972	1352
3449	3488	2121	1367
3450	3563	2092	1471
3451	3359	1950	1409
3452	3401	2098	1303
3453	3425	2126	1299
3454	3428	2097	1331
3455	3225	1942	1283
3456	3547	2176	1371
3457	3645	2254	1391
3458	3332	2008	1324
3459	3141	1870	1271
3460	3416	2089	1327
3461	3611	2233	1378
3462	3372	2025	1347
3463	3141	1785	1356
3464	3366	2033	1333
3465	3426	2171	1255
3466	3219	1958	1261
3467	3107	1814	1293
3468	3366	2053	1313
3469	3449	2192	1257
3470	3280	2010	1270
3471	3250	1912	1338
3472	3480	2165	1315
3473	3537	2263	1274
3474	3258	1973	1285
3475	3109	1806	1303
3476	3279	1984	1295
3477	3391	2109	1282
3478	3256	1932	1324
3479	3099	1804	1295
3480	3343	2007	1336
3481	3441	2127	1314
3482	3231	1961	1270
3483	3125	1824	1301
3484	3325	2021	1304
3485	3513	2169	1344
3486	3298	1957	1341
3487	3240	1877	1363
3488	3401	2025	1376
3489	3480	2144	1336
3490	3249	1919	1330
3491	3145	1812	1333
3492	3393	2047	1346
3493	3532	2175	1357
3494	3961	2528	1433
3495	3621	2196	1425
3496	3472	2099	1373
3497	3531	2198	1333
3498	3379	2068	1311
3499	3321	1983	1338
3500	3441	2087	1354
3501	3519	2216	1303
3502	3312	2043	1269
3503	3190	1868	1322
3504	3347	2044	1303
3505	3526	2156	1370
3506	3376	2016	1360
3507	3388	1982	1406
3508	3552	2134	1418
3509	3437	2123	1314
3510	3321	2000	1321
3511	3233	1876	1357
3512	3423	2077	1346
3513	3507	2162	1345
3514	3334	2005	1329
3515	3145	1879	1266
3516	3232	2034	1198
3517	3374	2113	1261
3518	3380	2036	1344
3519	3362	1997	1365
3520	3325	1995	1330
3521	3372	2063	1309
3522	3472	2062	1410
3523	3563	2121	1442
3524	3525	2140	1385
3525	3540	2165	1375
3526	3475	2071	1404
3527	3208	1947	1261
3528	3416	2129	1287
3529	3553	2216	1337
3530	3320	2029	1291
3531	3196	1924	1272
3532	3231	2007	1224
3533	3375	2140	1235
3534	3233	1977	1256
3535	3249	1945	1304
3536	3481	2145	1336
3537	3508	2173	1335
3538	3294	1947	1347
3539	3208	1841	1367
3540	3392	2051	1341
3541	3554	2248	1306
3542	3356	2047	1309
3543	3216	1952	1264
3544	3413	2142	1271
3545	3513	2194	1319
3546	3398	2062	1336
3547	3221	1897	1324
3548	3744	2287	1457
3549	3694	2276	1418
3550	3275	1973	1302
3551	3139	1889	1250
3552	3462	2099	1363
3553	3550	2161	1389
3554	3367	2024	1343
3555	3247	1924	1323
3556	3387	2093	1294
3557	3443	2163	1280
3558	3242	1995	1247
3559	3112	1886	1226
3560	3483	2128	1355
3561	3698	2288	1410
3562	3315	2016	1299
3563	3127	1891	1236
3564	3428	2133	1295
3565	3487	2194	1293
3566	3304	2024	1280
3567	3237	1953	1284
3568	3638	2301	1337
3569	3570	2263	1307
3570	3427	2123	1304
3571	3215	1928	1287
3572	3429	2117	1312
3573	3674	2339	1335
3574	3336	2003	1333
3575	3210	1896	1314
3576	3292	1981	1311
3577	3424	2148	1276
3578	3228	1982	1246
3579	3241	1896	1345
3580	3371	2072	1299
3581	3380	2119	1261
3582	3421	2035	1386
3583	3279	1930	1349
3584	3463	2137	1326
3585	3629	2259	1370
3586	3356	2066	1290
3587	3150	1871	1279
3588	3505	2175	1330
3589	3623	2282	1341
3590	3383	2040	1343
3591	3192	1864	1328
3592	3562	2112	1450
3593	3610	2246	1364
3594	3437	2107	1330
3595	3349	1990	1359
3596	3579	2158	1421
3597	3759	2303	1456
3598	3493	2114	1379
3599	3217	1951	1266
3600	3473	2168	1305
3601	3639	2297	1342
3602	3398	2070	1328
3603	3127	1908	1219
3604	3356	2113	1243
3605	3462	2152	1310
3606	3445	2085	1360
3607	3313	1995	1318
3608	3397	2121	1276
3609	3428	2126	1302
3610	3382	2063	1319
3611	3311	2022	1289
3612	3618	2261	1357
3613	3827	2397	1430
3614	3457	2083	1374
3615	3219	1945	1274
3616	3347	2066	1281
3617	3378	2130	1248
3618	3301	2007	1294
3619	3388	1995	1393
3620	3495	2119	1376
3621	3755	2323	1432
3622	3689	2274	1415
3623	3436	2044	1392
3624	3440	2115	1325
3625	3495	2183	1312
3626	3597	2239	1358
3627	3327	2023	1304
3628	3375	2100	1275
3629	3483	2195	1288
3630	3403	2095	1308
3631	3284	1936	1348
3632	3441	2180	1261
3633	3573	2328	1245
3634	3474	2120	1354
3635	3296	1881	1415
3636	3391	2059	1332
3637	3519	2212	1307
3638	3600	2238	1362
3639	3432	2100	1332
3640	3475	2153	1322
3641	3556	2240	1316
3642	3317	2054	1263
3643	3142	1870	1272
3644	3353	2044	1309
3645	3560	2229	1331
3646	3447	2122	1325
3647	3322	2022	1300
3648	3570	2246	1324
