index	original	background	difference
-----------------------------------------------------
1	4565	2270	2295
2	4319	2116	2203
3	4191	2044	2147
4	4237	2105	2132
5	4195	2099	2096
6	4355	2188	2167
7	4407	2181	2226
8	4415	2211	2204
9	4284	2187	2097
10	4141	2005	2136
11	4136	1971	2165
12	4226	2099	2127
13	4370	2229	2141
14	4423	2194	2229
15	4277	2039	2238
16	4382	2140	2242
17	4425	2176	2249
18	4344	2107	2237
19	4121	1926	2195
20	4193	2002	2191
21	4390	2159	2231
22	4277	2077	2200
23	4241	2013	2228
24	4340	2131	2209
25	4374	2168	2206
26	4270	2058	2212
27	4105	1903	2202
28	4219	1972	2247
29	4323	2072	2251
30	4316	2063	2253
31	4247	1997	2250
32	4345	2089	2256
33	4356	2100	2256
34	4230	2012	2218
35	4376	2087	2289
36	4467	2155	2312
37	4410	2153	2257
38	4279	2068	2211
39	4142	1954	2188
40	4228	2025	2203
41	4336	2114	2222
42	4252	1998	2254
43	4216	1945	2271
44	4358	2051	2307
45	4471	2199	2272
46	4406	2142	2264
47	4300	2041	2259
48	4318	2047	2271
49	4455	2151	2304
50	4447	2186	2261
51	4384	2143	2241
52	4405	2127	2278
53	4571	2234	2337
54	4364	2052	2312
55	4130	1875	2255
56	4394	2058	2336
57	4640	2280	2360
58	4365	2054	2311
59	4244	1922	2322
60	4494	2063	2431
61	4604	2243	2361
62	4500	2164	2336
63	4346	2021	2325
64	4410	2109	2301
65	4500	2182	2318
66	4407	2090	2317
67	4363	1992	2371
68	4399	2051	2348
69	4331	2063	2268
70	4330	1976	2354
71	4439	2063	2376
72	4785	2306	2479
73	4627	2208	2419
74	4342	2047	2295
75	4224	1906	2318
76	4384	2013	2371
77	4571	2144	2427
78	4506	2082	2424
79	4457	2072	2385
80	4544	2128	2416
81	4646	2190	2456
82	4412	2011	2401
83	4445	2009	2436
84	4548	2097	2451
85	4530	2181	2349
86	4461	2098	2363
87	4411	2044	2367
88	4511	2110	2401
89	4603	2187	2416
90	4471	2098	2373
91	4670	2177	2493
92	4772	2279	2493
93	4595	2130	2465
94	4425	2024	2401
95	4364	1960	2404
96	4571	2140	2431
97	4681	2264	2417
98	4534	2123	2411
99	4440	2050	2390
100	4458	2087	2371
101	4581	2148	2433
102	4596	2098	2498
103	4541	2061	2480
104	4727	2265	2462
105	4828	2350	2478
106	4691	2206	2485
107	4513	2063	2450
108	4638	2158	2480
109	4725	2221	2504
110	4553	2111	2442
111	4674	2180	2494
112	4731	2219	2512
113	4604	2120	2484
114	4648	2096	2552
115	4579	2086	2493
116	4656	2138	2518
117	4762	2219	2543
118	4514	2070	2444
119	4445	1995	2450
120	4536	2083	2453
121	4560	2129	2431
122	4559	2053	2506
123	4483	1936	2547
124	4484	2038	2446
125	4581	2099	2482
126	4608	2078	2530
127	4627	2113	2514
128	4916	2384	2532
129	4868	2322	2546
130	4665	2133	2532
131	4547	2017	2530
132	4777	2189	2588
133	4746	2193	2553
134	4562	1992	2570
135	4565	2010	2555
136	4732	2176	2556
137	4868	2223	2645
138	4719	2091	2628
139	4682	2096	2586
140	4587	2061	2526
141	4640	2109	2531
142	4712	2162	2550
143	4691	2085	2606
144	4838	2154	2684
145	4776	2139	2637
146	4725	2160	2565
147	4571	2084	2487
148	4605	2075	2530
149	4811	2253	2558
150	4825	2220	2605
151	4591	2036	2555
152	4763	2212	2551
153	4871	2287	2584
154	4939	2212	2727
155	4851	2156	2695
156	4870	2290	2580
157	4726	2200	2526
158	4569	2042	2527
159	4587	2020	2567
160	4846	2178	2668
161	4875	2231	2644
162	4691	2099	2592
163	4624	2099	2525
164	4917	2268	2649
165	4935	2255	2680
166	4842	2151	2691
167	4717	2068	2649
168	4809	2150	2659
169	4812	2214	2598
170	4738	2131	2607
171	4816	2107	2709
172	4893	2198	2695
173	4920	2230	2690
174	4672	2057	2615
175	4688	2050	2638
176	4713	2112	2601
177	4777	2157	2620
178	4705	2075	2630
179	4724	2075	2649
180	4955	2265	2690
181	4973	2267	2706
182	4911	2185	2726
183	4601	1994	2607
184	4664	2102	2562
185	4807	2187	2620
186	4695	2071	2624
187	4599	1982	2617
188	4737	2081	2656
189	4857	2226	2631
190	4864	2222	2642
191	4874	2135	2739
192	5037	2245	2792
193	4968	2227	2741
194	4706	2107	2599
195	4669	2043	2626
196	4850	2188	2662
197	4964	2218	2746
198	4814	2093	2721
199	4943	2185	2758
200	5011	2236	2775
201	4892	2226	2666
202	4875	2182	2693
203	4730	2061	2669
204	4984	2264	2720
205	5016	2271	2745
206	4874	2110	2764
207	4743	2013	2730
208	4753	2062	2691
209	4966	2238	2728
210	4933	2182	2751
211	4809	2050	2759
212	5090	2293	2797
213	5048	2250	2798
214	4889	2096	2793
215	4691	2020	2671
216	4945	2237	2708
217	5112	2308	2804
218	4864	2053	2811
219	4931	2074	2857
220	5116	2330	2786
221	5056	2292	2764
222	4914	2151	2763
223	4865	2054	2811
224	4882	2148	2734
225	5142	2358	2784
226	4938	2141	2797
227	4923	2116	2807
228	5132	2261	2871
229	5145	2321	2824
230	4909	2141	2768
231	4823	2045	2778
232	5006	2205	2801
233	5307	2417	2890
234	5106	2271	2835
235	4936	2104	2832
236	4966	2137	2829
237	5030	2231	2799
238	4896	2143	2753
239	4857	2079	2778
240	4964	2193	2771
241	5276	2361	2915
242	5219	2238	2981
243	5200	2216	2984
244	5077	2226	2851
245	5069	2205	2864
246	4993	2139	2854
247	4972	2074	2898
248	5180	2233	2947
249	5277	2339	2938
250	5123	2195	2928
251	4918	2024	2894
252	5169	2227	2942
253	5138	2252	2886
254	5138	2209	2929
255	5142	2151	2991
256	5159	2214	2945
257	5179	2219	2960
258	5022	2049	2973
259	4922	2031	2891
260	5046	2137	2909
261	5164	2199	2965
262	5292	2243	3049
263	5134	2116	3018
264	5251	2250	3001
265	5169	2173	2996
266	5052	2120	2932
267	4989	2068	2921
268	5259	2285	2974
269	5327	2313	3014
270	5298	2231	3067
271	5301	2311	2990
272	5208	2253	2955
273	5075	2161	2914
274	5104	2123	2981
275	5232	2153	3079
276	5261	2200	3061
277	5151	2155	2996
278	5006	2098	2908
279	4992	2059	2933
280	5077	2124	2953
281	5151	2166	2985
282	5094	2114	2980
283	5131	2120	3011
284	5280	2281	2999
285	5347	2306	3041
286	5094	2075	3019
287	5026	1993	3033
288	5280	2218	3062
289	5452	2354	3098
290	5432	2285	3147
291	5141	2106	3035
292	5161	2144	3017
293	5347	2245	3102
294	5188	2115	3073
295	5136	2044	3092
296	5199	2161	3038
297	5195	2174	3021
298	5200	2122	3078
299	5210	2064	3146
300	5195	2160	3035
301	5225	2216	3009
302	5191	2076	3115
303	5184	2073	3111
304	5274	2175	3099
305	5278	2206	3072
306	5266	2183	3083
307	5172	2109	3063
308	5306	2141	3165
309	5531	2356	3175
310	5242	2144	3098
311	5077	1992	3085
312	5234	2106	3128
313	5412	2237	3175
314	5482	2280	3202
315	5360	2195	3165
316	5381	2240	3141
317	5322	2184	3138
318	5287	2118	3169
319	5322	2118	3204
320	5340	2189	3151
321	5343	2236	3107
322	5425	2205	3220
323	5302	2113	3189
324	5268	2157	3111
325	5417	2204	3213
326	5376	2084	3292
327	5236	2043	3193
328	5403	2243	3160
329	5534	2318	3216
330	5413	2181	3232
331	5203	2031	3172
332	5506	2238	3268
333	6136	2790	3346
334	5630	2433	3197
335	5366	2197	3169
336	5605	2356	3249
337	5557	2323	3234
338	5359	2147	3212
339	5348	2142	3206
340	5401	2240	3161
341	5484	2279	3205
342	5523	2257	3266
343	5433	2169	3264
344	5426	2154	3272
345	5536	2262	3274
346	5496	2242	3254
347	5247	2060	3187
348	5331	2138	3193
349	5426	2195	3231
350	5454	2161	3293
351	5413	2173	3240
352	5661	2417	3244
353	5568	2332	3236
354	5261	2099	3162
355	5327	2095	3232
356	5503	2210	3293
357	5547	2248	3299
358	5531	2193	3338
359	5315	2052	3263
360	5392	2136	3256
361	5505	2230	3275
362	5466	2241	3225
363	5405	2138	3267
364	5400	2126	3274
365	5395	2155	3240
366	5329	2074	3255
367	5272	1984	3288
368	5559	2229	3330
369	5665	2346	3319
370	5529	2246	3283
371	5360	2164	3196
372	5566	2261	3305
373	5646	2278	3368
374	5474	2154	3320
375	5518	2184	3334
376	5562	2259	3303
377	5631	2302	3329
378	5584	2250	3334
379	5413	2097	3316
380	5600	2273	3327
381	5605	2282	3323
382	5577	2205	3372
383	5386	2076	3310
384	5593	2244	3349
385	5744	2311	3433
386	5590	2190	3400
387	5551	2158	3393
388	5715	2340	3375
389	5788	2421	3367
390	5618	2228	3390
391	5511	2169	3342
392	5687	2281	3406
393	5595	2201	3394
394	5571	2274	3297
395	5527	2171	3356
396	5474	2155	3319
397	5529	2205	3324
398	5488	2158	3330
399	5381	2077	3304
400	5624	2225	3399
401	5636	2282	3354
402	5428	2141	3287
403	5487	2110	3377
404	5837	2337	3500
405	5772	2301	3471
406	5858	2399	3459
407	5598	2211	3387
408	5616	2285	3331
409	5512	2216	3296
410	5422	2073	3349
411	5476	2121	3355
412	5597	2209	3388
413	5666	2246	3420
414	5666	2190	3476
415	5527	2111	3416
416	5647	2255	3392
417	5545	2255	3290
418	5407	2093	3314
419	5365	2011	3354
420	5540	2126	3414
421	5522	2151	3371
422	5380	2083	3297
423	5684	2287	3397
424	5722	2313	3409
425	5695	2305	3390
426	5508	2060	3448
427	5429	1955	3474
428	5658	2199	3459
429	6012	2506	3506
430	5653	2261	3392
431	5500	2116	3384
432	5688	2306	3382
433	5884	2413	3471
434	5632	2174	3458
435	5461	2011	3450
436	5810	2298	3512
437	5766	2382	3384
438	5489	2126	3363
439	5388	2036	3352
440	5687	2277	3410
441	5695	2283	3412
442	5398	2021	3377
443	5534	2041	3493
444	5659	2240	3419
445	5775	2400	3375
446	5590	2214	3376
447	5435	2083	3352
448	5777	2331	3446
449	5932	2441	3491
450	5801	2258	3543
451	5528	2040	3488
452	5661	2208	3453
453	5738	2325	3413
454	5636	2178	3458
455	5492	2077	3415
456	5599	2235	3364
457	5826	2393	3433
458	5582	2170	3412
459	5572	2079	3493
460	5814	2340	3474
461	5806	2392	3414
462	5667	2230	3437
463	5417	1990	3427
464	5573	2155	3418
465	5749	2304	3445
466	5489	2071	3418
467	5466	1980	3486
468	5720	2246	3474
469	5930	2450	3480
470	5828	2344	3484
471	5520	2082	3438
472	5629	2211	3418
473	5877	2408	3469
474	5714	2226	3488
475	5417	1984	3433
476	5589	2156	3433
477	5749	2335	3414
478	5734	2212	3522
479	5451	2002	3449
480	5727	2247	3480
481	5877	2410	3467
482	5795	2347	3448
483	5615	2140	3475
484	5741	2247	3494
485	5720	2300	3420
486	5604	2144	3460
487	5381	1942	3439
488	5587	2208	3379
489	5738	2347	3391
490	5521	2082	3439
491	5421	1955	3466
492	5703	2259	3444
493	5865	2397	3468
494	5641	2161	3480
495	5672	2135	3537
496	5851	2339	3512
497	5826	2313	3513
498	5614	2131	3483
499	5434	1967	3467
500	5632	2202	3430
501	5774	2386	3388
502	5524	2139	3385
503	5472	2037	3435
504	5716	2264	3452
505	5826	2324	3502
506	5766	2251	3515
507	5551	2113	3438
508	5843	2380	3463
509	6083	2516	3567
510	5741	2279	3462
511	5576	2036	3540
512	5782	2281	3501
513	5842	2406	3436
514	5760	2275	3485
515	5835	2237	3598
516	5854	2312	3542
517	5749	2282	3467
518	5650	2160	3490
519	5726	2159	3567
520	5890	2387	3503
521	5834	2383	3451
522	5666	2237	3429
523	5715	2199	3516
524	5755	2307	3448
525	5920	2456	3464
526	5673	2197	3476
527	5405	1973	3432
528	5810	2235	3575
529	5899	2369	3530
530	5600	2143	3457
531	5456	1942	3514
532	5659	2162	3497
533	5787	2313	3474
534	5638	2173	3465
535	6338	2828	3510
536	6215	2717	3498
537	5924	2375	3549
538	5686	2168	3518
539	5506	2028	3478
540	5573	2178	3395
541	5783	2370	3413
542	5630	2162	3468
543	5383	1950	3433
544	5732	2234	3498
545	5876	2429	3447
546	5653	2188	3465
547	5528	2073	3455
548	5823	2312	3511
549	6107	2563	3544
550	5753	2222	3531
551	5466	2000	3466
552	6010	2520	3490
553	6054	2522	3532
554	5815	2302	3513
555	5605	2104	3501
556	5692	2268	3424
557	5779	2289	3490
558	5595	2069	3526
559	5475	2025	3450
560	5621	2214	3407
561	5992	2544	3448
562	5708	2238	3470
563	5485	1980	3505
564	5746	2236	3510
565	5938	2398	3540
566	5729	2184	3545
567	5569	2073	3496
568	5751	2285	3466
569	5805	2371	3434
570	5575	2136	3439
571	5442	1980	3462
572	5711	2241	3470
573	5868	2338	3530
574	5615	2131	3484
575	5416	1973	3443
576	5764	2202	3562
577	5840	2354	3486
578	5711	2198	3513
579	5610	2127	3483
580	5844	2321	3523
581	5935	2396	3539
582	5641	2157	3484
583	5437	1947	3490
584	5644	2172	3472
585	5739	2245	3494
586	5668	2208	3460
587	5578	2082	3496
588	5709	2260	3449
589	5806	2363	3443
590	5662	2189	3473
591	5448	2024	3424
592	5609	2151	3458
593	5725	2296	3429
594	5508	2036	3472
595	5468	1940	3528
596	5630	2161	3469
597	5787	2336	3451
598	5791	2267	3524
599	5580	2058	3522
600	5752	2229	3523
601	5868	2317	3551
602	5666	2196	3470
603	5501	2083	3418
604	5642	2193	3449
605	5696	2260	3436
606	5537	2101	3436
607	5497	1994	3503
608	5862	2273	3589
609	5815	2294	3521
610	5695	2141	3554
611	5622	2079	3543
612	5686	2242	3444
613	5863	2313	3550
614	5798	2229	3569
615	5496	2064	3432
616	5695	2240	3455
617	5856	2361	3495
618	5638	2113	3525
619	5500	2028	3472
620	5898	2443	3455
621	5865	2439	3426
622	5602	2189	3413
623	5520	2065	3455
624	5666	2217	3449
625	5812	2315	3497
626	5675	2175	3500
627	5543	2054	3489
628	5748	2311	3437
629	5886	2363	3523
630	5668	2176	3492
631	5521	2014	3507
632	5780	2250	3530
633	5985	2414	3571
634	5983	2380	3603
635	5682	2148	3534
636	5930	2372	3558
637	5939	2359	3580
638	5699	2174	3525
639	5452	2036	3416
640	5676	2214	3462
641	5781	2264	3517
642	5581	2039	3542
643	5614	2004	3610
644	5708	2186	3522
645	5841	2322	3519
646	5912	2373	3539
647	5779	2205	3574
648	5958	2321	3637
649	5963	2368	3595
650	5608	2042	3566
651	5541	1938	3603
652	5845	2300	3545
653	5989	2407	3582
654	5777	2197	3580
655	5650	2037	3613
656	5717	2181	3536
657	5821	2287	3534
658	5785	2169	3616
659	5591	1977	3614
660	5694	2136	3558
661	5920	2392	3528
662	5661	2214	3447
663	5288	1978	3310
664	5472	2122	3350
665	5575	2256	3319
666	5389	2066	3323
667	5437	2019	3418
668	5638	2229	3409
669	5771	2270	3501
670	5695	2097	3598
671	5529	1977	3552
672	5771	2234	3537
673	5953	2385	3568
674	5885	2258	3627
675	5638	2093	3545
676	5802	2204	3598
677	5861	2270	3591
678	5646	2115	3531
679	5654	2087	3567
680	5788	2237	3551
681	5808	2239	3569
682	5796	2148	3648
683	5606	1994	3612
684	5926	2302	3624
685	6047	2456	3591
686	5809	2169	3640
687	5637	2069	3568
688	5673	2219	3454
689	5866	2317	3549
690	5802	2189	3613
691	5633	2089	3544
692	5787	2251	3536
693	5894	2386	3508
694	5668	2103	3565
695	5646	2007	3639
696	5797	2159	3638
697	5762	2215	3547
698	5696	2130	3566
699	5577	2041	3536
700	6161	2502	3659
701	6120	2479	3641
702	5766	2170	3596
703	5619	2041	3578
704	5986	2369	3617
705	6033	2435	3598
706	5866	2281	3585
707	5636	2064	3572
708	5799	2237	3562
709	5856	2378	3478
710	5616	2112	3504
711	5556	1996	3560
712	5906	2353	3553
713	6072	2488	3584
714	5744	2108	3636
715	5562	2022	3540
716	5907	2301	3606
717	5984	2382	3602
718	5816	2246	3570
719	5698	2076	3622
720	5733	2193	3540
721	5818	2297	3521
722	5904	2288	3616
723	5675	2101	3574
724	5812	2248	3564
725	5994	2430	3564
726	5781	2209	3572
727	5616	2034	3582
728	5734	2197	3537
729	5851	2290	3561
730	5637	2152	3485
731	5559	2002	3557
732	6014	2428	3586
733	6073	2472	3601
734	5842	2216	3626
735	5717	2097	3620
736	5913	2303	3610
737	5962	2366	3596
738	5852	2232	3620
739	5662	2096	3566
740	5989	2402	3587
741	6053	2465	3588
742	5681	2136	3545
743	5586	2003	3583
744	5773	2263	3510
745	5821	2346	3475
746	5746	2237	3509
747	5654	2053	3601
748	5789	2230	3559
749	5857	2330	3527
750	5649	2158	3491
751	5531	2079	3452
752	5701	2301	3400
753	5812	2350	3462
754	5642	2113	3529
755	5426	1929	3497
756	5749	2268	3481
757	6046	2462	3584
758	5786	2261	3525
759	5527	2077	3450
760	5769	2230	3539
761	5880	2365	3515
762	5642	2155	3487
763	5554	2057	3497
764	5712	2251	3461
765	5764	2310	3454
766	5554	2110	3444
767	5566	2012	3554
768	5903	2357	3546
769	5942	2476	3466
770	5572	2157	3415
771	5528	2061	3467
772	5647	2235	3412
773	5819	2364	3455
774	5637	2176	3461
775	5455	2017	3438
776	6069	2673	3396
777	6095	2648	3447
778	5659	2183	3476
779	5533	2088	3445
780	5787	2334	3453
781	5928	2479	3449
782	5719	2263	3456
783	5479	2054	3425
784	5567	2209	3358
785	5626	2264	3362
786	5703	2237	3466
787	5528	2095	3433
788	5700	2268	3432
789	5806	2311	3495
790	5512	2060	3452
791	5437	1961	3476
792	5717	2306	3411
793	5976	2531	3445
794	5594	2215	3379
795	5365	1987	3378
796	5637	2278	3359
797	5666	2364	3302
798	5439	2086	3353
799	5464	2136	3328
800	5716	2349	3367
801	5700	2380	3320
802	5436	2158	3278
803	5265	2017	3248
804	5580	2271	3309
805	5635	2389	3246
806	5356	2143	3213
807	5268	2025	3243
808	5685	2376	3309
809	5764	2443	3321
810	5531	2247	3284
811	5548	2228	3320
812	5660	2383	3277
813	5703	2444	3259
814	5544	2350	3194
815	5368	2158	3210
816	5645	2439	3206
817	5616	2442	3174
818	5417	2182	3235
819	5402	2140	3262
820	5492	2294	3198
821	5499	2343	3156
822	5619	2424	3195
823	5491	2264	3227
824	5467	2291	3176
825	5487	2317	3170
826	5239	2179	3060
827	5158	2162	2996
828	5430	2371	3059
829	5624	2492	3132
830	5178	2187	2991
831	5100	2055	3045
832	5397	2231	3166
833	5399	2336	3063
834	5187	2182	3005
835	5123	2062	3061
836	5477	2396	3081
837	5517	2479	3038
838	5217	2170	3047
839	5088	2047	3041
840	5351	2303	3048
841	5378	2346	3032
842	5109	2140	2969
843	4953	1993	2960
844	5251	2269	2982
845	5574	2529	3045
846	5291	2288	3003
847	5144	2114	3030
848	5369	2279	3090
849	5294	2333	2961
850	5278	2247	3031
851	5244	2189	3055
852	5259	2294	2965
853	5333	2402	2931
854	5152	2237	2915
855	4975	2063	2912
856	5207	2313	2894
857	5249	2366	2883
858	5100	2193	2907
859	4905	2015	2890
860	5073	2241	2832
861	5246	2361	2885
862	4992	2174	2818
863	4816	2015	2801
864	5024	2192	2832
865	5230	2400	2830
866	5060	2254	2806
867	4870	2048	2822
868	5065	2213	2852
869	5351	2423	2928
870	5073	2277	2796
871	4771	2055	2716
872	4952	2203	2749
873	5105	2304	2801
874	4953	2158	2795
875	4896	2098	2798
876	5037	2276	2761
877	5171	2378	2793
878	4990	2197	2793
879	4845	2065	2780
880	4957	2272	2685
881	5071	2375	2696
882	4996	2259	2737
883	4769	2057	2712
884	4923	2274	2649
885	5049	2417	2632
886	4793	2185	2608
887	4700	2050	2650
888	4825	2152	2673
889	4941	2246	2695
890	5066	2316	2750
891	4781	2163	2618
892	4863	2285	2578
893	5057	2383	2674
894	4865	2217	2648
895	4723	2105	2618
896	4901	2267	2634
897	4965	2295	2670
898	4910	2244	2666
899	4678	2086	2592
900	4848	2261	2587
901	4898	2308	2590
902	4744	2185	2559
903	4745	2126	2619
904	4991	2394	2597
905	4950	2359	2591
906	4736	2196	2540
907	4603	2045	2558
908	4976	2319	2657
909	5074	2477	2597
910	4714	2189	2525
911	4542	1983	2559
912	4718	2174	2544
913	4838	2309	2529
914	4653	2166	2487
915	4531	2006	2525
916	4756	2232	2524
917	4956	2399	2557
918	4691	2176	2515
919	4549	2078	2471
920	4733	2253	2480
921	4832	2339	2493
922	4589	2146	2443
923	4434	1959	2475
924	4549	2106	2443
925	4790	2306	2484
926	4686	2138	2548
927	4569	2014	2555
928	4702	2251	2451
929	4851	2423	2428
930	4654	2203	2451
931	4488	2053	2435
932	4678	2252	2426
933	5024	2448	2576
934	4678	2220	2458
935	4401	1982	2419
936	4545	2177	2368
937	4743	2313	2430
938	4496	2104	2392
939	4895	2395	2500
940	4989	2479	2510
941	5157	2596	2561
942	4700	2206	2494
943	4299	1908	2391
944	4624	2213	2411
945	4832	2408	2424
946	4559	2194	2365
947	4552	2101	2451
948	4635	2264	2371
949	4800	2379	2421
950	4819	2338	2481
951	4649	2207	2442
952	4719	2303	2416
953	4686	2359	2327
954	4630	2210	2420
955	4600	2140	2460
956	4704	2335	2369
957	5076	2619	2457
958	4639	2238	2401
959	4470	2082	2388
960	4733	2326	2407
961	4790	2406	2384
962	4714	2281	2433
963	4786	2307	2479
964	5123	2615	2508
965	4910	2444	2466
966	4462	2087	2375
967	4404	2036	2368
968	4849	2373	2476
969	4816	2373	2443
970	4498	2167	2331
971	4412	2085	2327
972	4489	2162	2327
973	4687	2327	2360
974	4658	2229	2429
975	4392	2064	2328
976	4604	2278	2326
977	4669	2298	2371
978	4423	2115	2308
979	4486	2122	2364
980	4681	2330	2351
981	4741	2385	2356
982	4485	2166	2319
983	4510	2082	2428
984	4724	2324	2400
985	4714	2351	2363
986	4660	2240	2420
987	4516	2102	2414
988	4740	2282	2458
989	4718	2368	2350
990	4480	2125	2355
991	4348	2029	2319
992	4623	2332	2291
993	4754	2435	2319
994	4549	2174	2375
995	4399	2026	2373
996	4562	2292	2270
997	4746	2364	2382
998	4478	2148	2330
999	4459	2148	2311
1000	4624	2266	2358
1001	4677	2289	2388
1002	4494	2129	2365
1003	4325	2008	2317
1004	4625	2309	2316
1005	4768	2390	2378
1006	4433	2123	2310
1007	4317	2027	2290
1008	4555	2274	2281
1009	4736	2405	2331
1010	4884	2462	2422
1011	4643	2244	2399
1012	4534	2226	2308
1013	4956	2543	2413
1014	4671	2250	2421
1015	4468	2041	2427
1016	4587	2255	2332
1017	4725	2340	2385
1018	4672	2206	2466
1019	4369	2031	2338
1020	4685	2273	2412
1021	4816	2397	2419
1022	4741	2303	2438
1023	4685	2200	2485
1024	4708	2305	2403
1025	4705	2331	2374
1026	4548	2126	2422
1027	4383	2052	2331
1028	4732	2383	2349
1029	4777	2395	2382
1030	4719	2251	2468
1031	4626	2148	2478
1032	4743	2265	2478
1033	4753	2331	2422
1034	4653	2236	2417
1035	4593	2107	2486
1036	4730	2216	2514
1037	4991	2421	2570
1038	4880	2357	2523
1039	4813	2218	2595
1040	4831	2339	2492
1041	4930	2440	2490
1042	4798	2241	2557
1043	4543	2065	2478
1044	4566	2094	2472
1045	4957	2420	2537
1046	4802	2280	2522
1047	4591	2060	2531
1048	4843	2320	2523
1049	5006	2457	2549
1050	4777	2253	2524
1051	4575	2133	2442
1052	4952	2474	2478
1053	4981	2467	2514
1054	5307	2739	2568
1055	4888	2347	2541
1056	4784	2236	2548
1057	4949	2416	2533
1058	4787	2248	2539
1059	4582	2045	2537
1060	4860	2287	2573
1061	4953	2397	2556
1062	4752	2158	2594
1063	4749	2132	2617
1064	4818	2267	2551
1065	4904	2370	2534
1066	4749	2211	2538
1067	4636	2044	2592
1068	5012	2345	2667
1069	4996	2386	2610
1070	4952	2248	2704
1071	4822	2140	2682
1072	4856	2192	2664
1073	5092	2384	2708
1074	5005	2263	2742
1075	4691	2022	2669
1076	5014	2334	2680
1077	5093	2415	2678
1078	4908	2186	2722
1079	4887	2158	2729
1080	5069	2417	2652
1081	5084	2383	2701
1082	5028	2225	2803
1083	4884	2064	2820
1084	5050	2238	2812
1085	5036	2251	2785
1086	4915	2166	2749
1087	4813	2074	2739
1088	4973	2271	2702
1089	5137	2372	2765
1090	4987	2176	2811
1091	4943	2166	2777
1092	5236	2376	2860
1093	5267	2412	2855
1094	5031	2178	2853
1095	4853	2024	2829
1096	5049	2213	2836
1097	5234	2393	2841
1098	5042	2238	2804
1099	4853	2034	2819
1100	4978	2121	2857
1101	5231	2381	2850
1102	5114	2219	2895
1103	4939	2093	2846
1104	5145	2275	2870
1105	5202	2306	2896
1106	5027	2126	2901
1107	4963	2045	2918
1108	5087	2218	2869
1109	5169	2274	2895
1110	5018	2117	2901
1111	5199	2210	2989
1112	5349	2375	2974
1113	5477	2419	3058
1114	5209	2188	3021
1115	4967	2008	2959
1116	5087	2148	2939
1117	5234	2279	2955
1118	5230	2255	2975
1119	5174	2114	3060
1120	5319	2211	3108
1121	5372	2272	3100
1122	5326	2241	3085
1123	5383	2161	3222
1124	5661	2421	3240
1125	5665	2422	3243
1126	5307	2134	3173
1127	5220	2017	3203
1128	5365	2213	3152
1129	5369	2265	3104
1130	5234	2083	3151
1131	5242	2030	3212
1132	5457	2202	3255
1133	5602	2350	3252
1134	5353	2147	3206
1135	5267	2014	3253
1136	5649	2348	3301
1137	5693	2436	3257
1138	5479	2194	3285
1139	5363	2072	3291
1140	5567	2286	3281
1141	5662	2313	3349
1142	5589	2208	3381
1143	5619	2236	3383
1144	5669	2341	3328
1145	5665	2322	3343
1146	5562	2219	3343
1147	5432	2066	3366
1148	5576	2198	3378
1149	5672	2295	3377
1150	5477	2112	3365
1151	5714	2229	3485
1152	5733	2258	3475
1153	5788	2297	3491
1154	5661	2198	3463
1155	5589	2114	3475
1156	5863	2273	3590
1157	6152	2557	3595
1158	5803	2252	3551
1159	5599	2035	3564
1160	5916	2354	3562
1161	5997	2420	3577
1162	5798	2175	3623
1163	5721	2094	3627
1164	5814	2237	3577
1165	5926	2392	3534
1166	5851	2229	3622
1167	5771	2091	3680
1168	6083	2368	3715
1169	6154	2397	3757
1170	5794	2122	3672
1171	6018	2291	3727
1172	6297	2526	3771
1173	6229	2493	3736
1174	5965	2218	3747
1175	5778	2044	3734
1176	5976	2264	3712
1177	6131	2330	3801
1178	5883	2166	3717
1179	5736	1969	3767
1180	5980	2129	3851
1181	6144	2350	3794
1182	6044	2175	3869
1183	5915	2031	3884
1184	6112	2261	3851
1185	6169	2301	3868
1186	6053	2165	3888
1187	5862	2025	3837
1188	6065	2117	3948
1189	6242	2300	3942
1190	6118	2216	3902
1191	5977	2052	3925
1192	6267	2265	4002
1193	6350	2345	4005
1194	6097	2102	3995
1195	6021	1992	4029
1196	6156	2174	3982
1197	6357	2347	4010
1198	6210	2164	4046
1199	6248	2134	4114
1200	6599	2452	4147
1201	6691	2518	4173
1202	6319	2153	4166
1203	6270	2086	4184
1204	6543	2336	4207
1205	6756	2526	4230
1206	6513	2241	4272
1207	6251	2053	4198
1208	6326	2160	4166
1209	6504	2290	4214
1210	6448	2208	4240
1211	6425	2122	4303
1212	6529	2253	4276
1213	6644	2360	4284
1214	6427	2188	4239
1215	6304	2069	4235
1216	6341	2219	4122
1217	6521	2355	4166
1218	6437	2218	4219
1219	6342	2091	4251
1220	6616	2283	4333
1221	6786	2369	4417
1222	6544	2212	4332
1223	6384	2069	4315
1224	6673	2226	4447
1225	6728	2297	4431
1226	6479	2102	4377
1227	6390	1948	4442
1228	6824	2346	4478
1229	6884	2439	4445
1230	6628	2197	4431
1231	6507	2083	4424
1232	6805	2292	4513
1233	6815	2317	4498
1234	6692	2155	4537
1235	6554	2086	4468
1236	6830	2326	4504
1237	6940	2387	4553
1238	6720	2157	4563
1239	6533	1943	4590
1240	6902	2227	4675
1241	7085	2458	4627
1242	6764	2173	4591
1243	6591	2019	4572
1244	6858	2252	4606
1245	7112	2406	4706
1246	6837	2162	4675
1247	6778	2099	4679
1248	7062	2310	4752
1249	7042	2346	4696
1250	6919	2137	4782
1251	6919	2105	4814
1252	6996	2246	4750
1253	6995	2259	4736
1254	6925	2157	4768
1255	6896	2107	4789
1256	7075	2345	4730
1257	7053	2346	4707
1258	6902	2107	4795
1259	6878	2002	4876
1260	7013	2209	4804
1261	7130	2279	4851
1262	7225	2356	4869
1263	6981	2140	4841
1264	7157	2270	4887
1265	7247	2306	4941
1266	7099	2172	4927
1267	7035	2077	4958
1268	7172	2265	4907
1269	7283	2360	4923
1270	7055	2090	4965
1271	6981	2018	4963
1272	7875	2800	5075
1273	7710	2613	5097
1274	7289	2199	5090
1275	7107	2020	5087
1276	7260	2170	5090
1277	7415	2318	5097
1278	7195	2147	5048
1279	7196	2074	5122
1280	7508	2336	5172
1281	7474	2322	5152
1282	7423	2231	5192
1283	7269	2074	5195
1284	7405	2231	5174
1285	7458	2338	5120
1286	7275	2148	5127
1287	7257	2081	5176
1288	7545	2294	5251
1289	7663	2413	5250
1290	7482	2223	5259
1291	7387	2090	5297
1292	7724	2336	5388
1293	7688	2376	5312
1294	7420	2080	5340
1295	7319	1955	5364
1296	8031	2609	5422
1297	8082	2672	5410
1298	7535	2230	5305
1299	7576	2150	5426
1300	7771	2297	5474
1301	7913	2380	5533
1302	7761	2168	5593
1303	7587	2037	5550
1304	7902	2322	5580
1305	8002	2461	5541
1306	7729	2209	5520
1307	7811	2127	5684
1308	7964	2318	5646
1309	8012	2473	5539
1310	7803	2231	5572
1311	7763	2073	5690
1312	8070	2328	5742
1313	8118	2314	5804
1314	8075	2227	5848
1315	7989	2166	5823
1316	8178	2337	5841
1317	8133	2354	5779
1318	7933	2142	5791
1319	7862	2012	5850
1320	8159	2251	5908
1321	8491	2486	6005
1322	8158	2199	5959
1323	7847	1991	5856
1324	8124	2188	5936
1325	8233	2234	5999
1326	8179	2101	6078
1327	8087	1996	6091
1328	8292	2259	6033
1329	8504	2421	6083
1330	8265	2224	6041
1331	8021	2001	6020
1332	8215	2165	6050
1333	8495	2371	6124
1334	8336	2163	6173
1335	8171	2014	6157
1336	8471	2263	6208
1337	8547	2353	6194
1338	8335	2162	6173
1339	8188	2013	6175
1340	8516	2250	6266
1341	8652	2383	6269
1342	8418	2153	6265
1343	8390	2021	6369
1344	8490	2208	6282
1345	8707	2338	6369
1346	8818	2301	6517
1347	8597	2147	6450
1348	8722	2204	6518
1349	8771	2270	6501
1350	8501	2116	6385
1351	8466	1973	6493
1352	9020	2397	6623
1353	8996	2408	6588
1354	8674	2075	6599
1355	8687	2037	6650
1356	8878	2233	6645
1357	8945	2295	6650
1358	8988	2268	6720
1359	8987	2216	6771
1360	8970	2270	6700
1361	8944	2333	6611
1362	8894	2169	6725
1363	8820	2027	6793
1364	9179	2304	6875
1365	9261	2417	6844
1366	9138	2244	6894
1367	9057	2075	6982
1368	9266	2308	6958
1369	9362	2392	6970
1370	9220	2208	7012
1371	9000	2066	6934
1372	9227	2287	6940
1373	9564	2466	7098
1374	9367	2257	7110
1375	9231	2075	7156
1376	9381	2257	7124
1377	9353	2282	7071
1378	9324	2197	7127
1379	9286	2113	7173
1380	9425	2228	7197
1381	9437	2299	7138
1382	9332	2154	7178
1383	9140	2024	7116
1384	9333	2215	7118
1385	9498	2341	7157
1386	9339	2127	7212
1387	9274	2015	7259
1388	9818	2460	7358
1389	9865	2541	7324
1390	9508	2249	7259
1391	9543	2153	7390
1392	9718	2308	7410
1393	9768	2376	7392
1394	9478	2120	7358
1395	9333	1952	7381
1396	9577	2215	7362
1397	9786	2396	7390
1398	9651	2165	7486
1399	9758	2139	7619
1400	9924	2307	7617
1401	10048	2360	7688
1402	9777	2148	7629
1403	9821	2110	7711
1404	9934	2250	7684
1405	10052	2318	7734
1406	9883	2107	7776
1407	9828	2024	7804
1408	9984	2128	7856
1409	10165	2305	7860
1410	10132	2198	7934
1411	10007	2039	7968
1412	10107	2176	7931
1413	10193	2341	7852
1414	10243	2225	8018
1415	10225	2150	8075
1416	10438	2295	8143
1417	10543	2349	8194
1418	10520	2293	8227
1419	10459	2164	8295
1420	10402	2233	8169
1421	10608	2367	8241
1422	10438	2148	8290
1423	10391	2065	8326
1424	10761	2403	8358
1425	10881	2454	8427
1426	10552	2129	8423
1427	10377	1983	8394
1428	10846	2319	8527
1429	10859	2344	8515
1430	10541	2108	8433
1431	10459	2034	8425
1432	10692	2249	8443
1433	10823	2392	8431
1434	10671	2180	8491
1435	10715	2084	8631
1436	11127	2443	8684
1437	11163	2512	8651
1438	10858	2223	8635
1439	10880	2140	8740
1440	11196	2446	8750
1441	11108	2397	8711
1442	10829	2109	8720
1443	10667	2021	8646
1444	11113	2329	8784
1445	11155	2358	8797
1446	10806	2080	8726
1447	10806	1978	8828
1448	11051	2217	8834
1449	11096	2286	8810
1450	11015	2206	8809
1451	10827	2063	8764
1452	10988	2201	8787
1453	11036	2214	8822
1454	10859	2004	8855
1455	10801	1985	8816
1456	11060	2296	8764
1457	11162	2331	8831
1458	10903	2121	8782
1459	10755	1959	8796
1460	11158	2261	8897
1461	11260	2397	8863
1462	10893	2118	8775
1463	10923	2110	8813
1464	11102	2232	8870
1465	11140	2280	8860
1466	11193	2298	8895
1467	10998	2135	8863
1468	11237	2327	8910
1469	11428	2436	8992
1470	11173	2195	8978
1471	10929	2025	8904
1472	11298	2253	9045
1473	11323	2302	9021
1474	11171	2161	9010
1475	11083	2042	9041
1476	11431	2298	9133
1477	11558	2417	9141
1478	11233	2154	9079
1479	11070	2062	9008
1480	11270	2214	9056
1481	11344	2285	9059
1482	11218	2200	9018
1483	11318	2154	9164
1484	11591	2336	9255
1485	11686	2445	9241
1486	11584	2338	9246
1487	11396	2159	9237
1488	11527	2245	9282
1489	11532	2284	9248
1490	11320	2101	9219
1491	11552	2242	9310
1492	11679	2353	9326
1493	11722	2291	9431
1494	11642	2064	9578
1495	11411	2018	9393
1496	11699	2318	9381
1497	11780	2305	9475
1498	11543	2103	9440
1499	11392	1994	9398
1500	11694	2222	9472
1501	11842	2355	9487
1502	11627	2151	9476
1503	11537	2062	9475
1504	11779	2304	9475
1505	11925	2456	9469
1506	11702	2200	9502
1507	11566	2012	9554
1508	11602	2105	9497
1509	11982	2439	9543
1510	11651	2179	9472
1511	11515	1972	9543
1512	11757	2251	9506
1513	11875	2405	9470
1514	11800	2301	9499
1515	11590	2114	9476
1516	11843	2322	9521
1517	11947	2394	9553
1518	11823	2252	9571
1519	11568	2053	9515
1520	11766	2274	9492
1521	12037	2465	9572
1522	11773	2315	9458
1523	11536	2068	9468
1524	11655	2134	9521
1525	11876	2270	9606
1526	11832	2206	9626
1527	11678	2044	9634
1528	11741	2166	9575
1529	11890	2247	9643
1530	11737	2107	9630
1531	11614	2136	9478
1532	11772	2296	9476
1533	11778	2306	9472
1534	11764	2175	9589
1535	11823	2154	9669
1536	11866	2210	9656
1537	11975	2299	9676
1538	12000	2300	9700
1539	11788	2184	9604
1540	11838	2368	9470
1541	11922	2379	9543
1542	11921	2361	9560
1543	11911	2322	9589
1544	11935	2292	9643
1545	11849	2247	9602
1546	11584	2061	9523
1547	11657	2033	9624
1548	11832	2243	9589
1549	11927	2313	9614
1550	11739	2150	9589
1551	11473	1977	9496
1552	11818	2319	9499
1553	11934	2463	9471
1554	11622	2154	9468
1555	11550	2036	9514
1556	11774	2200	9574
1557	12013	2400	9613
1558	11611	2116	9495
1559	11564	2015	9549
1560	11744	2189	9555
1561	12002	2367	9635
1562	11799	2203	9596
1563	11713	2081	9632
1564	11841	2246	9595
1565	11865	2315	9550
1566	11713	2139	9574
1567	11518	2042	9476
1568	12003	2508	9495
1569	12080	2518	9562
1570	11514	2146	9368
1571	11304	2057	9247
1572	12390	3058	9332
1573	12175	2799	9376
1574	11474	2133	9341
1575	11460	2062	9398
1576	11925	2509	9416
1577	11786	2439	9347
1578	11633	2207	9426
1579	11673	2216	9457
1580	11622	2302	9320
1581	11601	2346	9255
1582	11404	2127	9277
1583	11351	2033	9318
1584	11507	2122	9385
1585	11495	2239	9256
1586	11383	2171	9212
1587	11287	2067	9220
1588	11439	2220	9219
1589	11577	2381	9196
1590	11205	2170	9035
1591	11033	1989	9044
1592	11335	2234	9101
1593	11435	2261	9174
1594	11321	2120	9201
1595	11426	2194	9232
1596	11992	2696	9296
1597	11655	2516	9139
1598	11226	2152	9074
1599	11130	2026	9104
1600	11333	2244	9089
1601	11406	2249	9157
1602	11304	2207	9097
1603	11316	2145	9171
1604	11496	2260	9236
1605	11429	2272	9157
1606	11323	2125	9198
1607	11415	2095	9320
1608	11531	2274	9257
1609	11468	2256	9212
1610	11290	2083	9207
1611	11199	2013	9186
1612	11531	2271	9260
1613	11550	2307	9243
1614	11503	2220	9283
1615	11338	2033	9305
1616	11578	2270	9308
1617	11564	2351	9213
1618	11462	2306	9156
1619	11422	2183	9239
1620	11613	2339	9274
1621	11670	2390	9280
1622	11342	2134	9208
1623	11284	2042	9242
1624	11819	2442	9377
1625	11709	2469	9240
1626	11447	2191	9256
1627	11221	2054	9167
1628	11702	2492	9210
1629	11822	2581	9241
1630	11458	2218	9240
1631	11192	1995	9197
1632	11547	2306	9241
1633	11554	2322	9232
1634	11396	2166	9230
1635	11251	2055	9196
1636	11498	2212	9286
1637	11422	2242	9180
1638	11225	2081	9144
1639	11305	2059	9246
1640	11725	2437	9288
1641	11724	2474	9250
1642	11428	2254	9174
1643	11179	2024	9155
1644	11282	2165	9117
1645	11392	2255	9137
1646	11395	2163	9232
1647	11220	2027	9193
1648	11355	2276	9079
1649	11441	2355	9086
1650	11297	2121	9176
1651	11220	2017	9203
1652	11435	2259	9176
1653	11528	2327	9201
1654	11304	2061	9243
1655	11150	2007	9143
1656	11199	2175	9024
1657	11222	2188	9034
1658	11235	2117	9118
1659	11155	2056	9099
1660	11435	2347	9088
1661	11698	2551	9147
1662	11320	2251	9069
1663	11106	2063	9043
1664	11409	2282	9127
1665	11529	2343	9186
1666	11249	2205	9044
1667	11164	2147	9017
1668	11362	2264	9098
1669	11374	2311	9063
1670	11293	2189	9104
1671	11282	2143	9139
1672	11406	2273	9133
1673	11381	2308	9073
1674	11248	2139	9109
1675	11155	1986	9169
1676	11433	2191	9242
1677	11613	2302	9311
1678	11381	2173	9208
1679	11142	2052	9090
1680	11524	2358	9166
1681	11610	2458	9152
1682	11354	2202	9152
1683	11156	2014	9142
1684	11472	2324	9148
1685	11613	2361	9252
1686	11225	2076	9149
1687	11268	2102	9166
1688	11499	2248	9251
1689	11458	2261	9197
1690	11407	2155	9252
1691	11306	2074	9232
1692	11535	2336	9199
1693	11535	2333	9202
1694	11273	2066	9207
1695	11214	2042	9172
1696	11487	2237	9250
1697	11582	2314	9268
1698	11332	2162	9170
1699	11276	2089	9187
1700	11678	2376	9302
1701	11847	2466	9381
1702	11388	2141	9247
1703	11181	2063	9118
1704	11344	2210	9134
1705	11553	2312	9241
1706	11332	2129	9203
1707	11223	2072	9151
1708	11591	2344	9247
1709	11774	2505	9269
1710	11679	2361	9318
1711	11479	2130	9349
1712	11638	2292	9346
1713	11742	2412	9330
1714	11548	2185	9363
1715	11277	1974	9303
1716	11405	2193	9212
1717	11633	2306	9327
1718	11531	2158	9373
1719	11469	2093	9376
1720	11684	2338	9346
1721	11608	2343	9265
1722	11505	2160	9345
1723	11385	2043	9342
1724	11716	2302	9414
1725	11862	2405	9457
1726	11577	2173	9404
1727	11480	2048	9432
1728	11598	2082	9516
1729	11786	2320	9466
1730	11584	2142	9442
1731	11597	2064	9533
1732	11754	2251	9503
1733	11712	2257	9455
1734	11557	2084	9473
1735	11471	1949	9522
1736	11668	2124	9544
1737	11998	2349	9649
1738	11889	2275	9614
1739	11633	2099	9534
1740	11840	2237	9603
1741	11872	2307	9565
1742	11856	2191	9665
1743	11742	2101	9641
1744	11657	2223	9434
1745	11788	2265	9523
1746	11679	2116	9563
1747	11892	2092	9800
1748	11988	2240	9748
1749	12053	2309	9744
1750	11861	2116	9745
1751	11573	1960	9613
1752	11894	2179	9715
1753	12139	2349	9790
1754	11840	2187	9653
1755	11608	2007	9601
1756	11864	2250	9614
1757	12052	2339	9713
1758	11819	2144	9675
1759	11621	1993	9628
1760	11878	2183	9695
1761	11977	2227	9750
1762	11866	2138	9728
1763	11734	2017	9717
1764	12024	2287	9737
1765	12194	2379	9815
1766	11890	2114	9776
1767	11764	2032	9732
1768	11936	2155	9781
1769	12016	2246	9770
1770	11860	2155	9705
1771	11904	2132	9772
1772	12173	2307	9866
1773	12447	2430	10017
1774	12285	2337	9948
1775	11990	2098	9892
1776	12144	2229	9915
1777	12239	2289	9950
1778	11993	2060	9933
1779	11917	1953	9964
1780	12130	2130	10000
1781	12182	2246	9936
1782	12243	2244	9999
1783	12076	2097	9979
1784	12160	2126	10034
1785	12517	2362	10155
1786	12371	2249	10122
1787	12087	1998	10089
1788	12295	2225	10070
1789	12356	2359	9997
1790	12378	2239	10139
1791	12209	2057	10152
1792	12182	2142	10040
1793	12449	2371	10078
1794	12234	2126	10108
1795	12007	1983	10024
1796	12311	2252	10059
1797	12484	2338	10146
1798	12276	2241	10035
1799	12266	2159	10107
1800	12545	2333	10212
1801	12568	2324	10244
1802	12222	2066	10156
1803	12225	2004	10221
1804	12413	2185	10228
1805	12849	2514	10335
1806	12554	2213	10341
1807	12309	1967	10342
1808	12562	2214	10348
1809	12550	2188	10362
1810	12526	2083	10443
1811	12397	2017	10380
1812	12535	2118	10417
1813	12917	2394	10523
1814	12757	2299	10458
1815	12489	2067	10422
1816	12774	2351	10423
1817	12822	2450	10372
1818	12656	2248	10408
1819	12415	2030	10385
1820	12558	2136	10422
1821	12700	2241	10459
1822	12626	2161	10465
1823	12297	1999	10298
1824	12552	2215	10337
1825	12807	2336	10471
1826	12688	2106	10582
1827	12660	2105	10555
1828	13071	2520	10551
1829	12920	2415	10505
1830	12687	2194	10493
1831	12513	2031	10482
1832	12706	2285	10421
1833	12746	2342	10404
1834	12605	2104	10501
1835	12449	1971	10478
1836	12606	2166	10440
1837	12828	2306	10522
1838	12974	2292	10682
1839	12658	2106	10552
1840	12686	2180	10506
1841	12756	2233	10523
1842	12484	2075	10409
1843	12492	1997	10495
1844	12713	2168	10545
1845	12841	2315	10526
1846	12544	2072	10472
1847	12447	1994	10453
1848	12635	2159	10476
1849	12690	2239	10451
1850	12543	2124	10419
1851	12448	2017	10431
1852	12523	2133	10390
1853	12591	2247	10344
1854	12610	2161	10449
1855	12447	2009	10438
1856	12617	2234	10383
1857	12753	2360	10393
1858	12506	2160	10346
1859	12377	2014	10363
1860	12479	2169	10310
1861	12607	2300	10307
1862	12433	2119	10314
1863	12232	1957	10275
1864	12489	2235	10254
1865	12764	2521	10243
1866	12416	2160	10256
1867	12146	1921	10225
1868	12397	2210	10187
1869	12615	2370	10245
1870	12253	2051	10202
1871	12083	1934	10149
1872	12459	2306	10153
1873	12407	2293	10114
1874	12044	1940	10104
1875	11932	1820	10112
1876	12433	2341	10092
1877	12398	2409	9989
1878	12022	2036	9986
1879	11815	1889	9926
1880	12332	2314	10018
1881	12497	2423	10074
1882	11985	2063	9922
1883	11822	1917	9905
1884	12129	2234	9895
1885	12167	2308	9859
1886	11736	1990	9746
1887	11583	1856	9727
1888	12015	2292	9723
1889	12164	2438	9726
1890	11978	2153	9825
1891	11648	1949	9699
1892	11953	2254	9699
1893	11929	2284	9645
1894	11578	2041	9537
1895	11520	1898	9622
1896	11950	2217	9733
1897	12053	2354	9699
1898	11779	2105	9674
1899	11566	1922	9644
1900	11736	2168	9568
1901	11868	2272	9596
1902	11700	2062	9638
1903	11422	1883	9539
1904	11658	2078	9580
1905	11659	2216	9443
1906	11497	2002	9495
1907	11424	1924	9500
1908	11669	2209	9460
1909	11808	2355	9453
1910	11612	2070	9542
1911	11467	1910	9557
1912	11621	2144	9477
1913	11686	2329	9357
1914	11623	2219	9404
1915	11555	2177	9378
1916	11772	2364	9408
1917	11714	2383	9331
1918	11396	2140	9256
1919	11149	1946	9203
1920	11354	2230	9124
1921	11529	2346	9183
1922	11160	2022	9138
1923	11117	1962	9155
1924	11407	2286	9121
1925	11342	2267	9075
1926	10997	1998	8999
1927	11154	1989	9165
1928	11437	2267	9170
1929	11518	2443	9075
1930	11110	2060	9050
1931	10809	1881	8928
1932	11099	2208	8891
1933	11252	2278	8974
1934	10816	2023	8793
1935	10746	1941	8805
1936	10896	2163	8733
1937	11243	2470	8773
1938	11016	2185	8831
1939	10616	1865	8751
1940	10852	2144	8708
1941	10925	2326	8599
1942	10685	2121	8564
1943	10384	1897	8487
1944	10613	2131	8482
1945	10757	2303	8454
1946	10448	2059	8389
1947	10334	1905	8429
1948	10638	2223	8415
1949	10739	2332	8407
1950	10451	2076	8375
1951	10280	1941	8339
1952	10577	2238	8339
1953	10671	2319	8352
1954	10444	2132	8312
1955	10195	1926	8269
1956	10452	2125	8327
1957	10634	2281	8353
1958	10351	2030	8321
1959	10304	2026	8278
1960	10484	2272	8212
1961	10449	2278	8171
1962	10171	2014	8157
1963	9969	1875	8094
1964	10162	2089	8073
1965	10391	2305	8086
1966	10101	2100	8001
1967	10044	1978	8066
1968	10337	2269	8068
1969	10381	2363	8018
1970	10101	2064	8037
1971	9805	1856	7949
1972	9867	2005	7862
1973	10237	2309	7928
1974	9963	2056	7907
1975	9673	1861	7812
1976	9851	2069	7782
1977	10246	2330	7916
1978	10183	2213	7970
1979	9905	2045	7860
1980	10202	2303	7899
1981	10294	2376	7918
1982	9954	2127	7827
1983	9692	1952	7740
1984	9971	2213	7758
1985	10327	2500	7827
1986	10012	2212	7800
1987	9522	1866	7656
1988	9757	2095	7662
1989	10014	2406	7608
1990	9634	2098	7536
1991	9501	1955	7546
1992	9846	2269	7577
1993	9973	2412	7561
1994	9587	2043	7544
1995	9483	1881	7602
1996	9763	2150	7613
1997	9788	2279	7509
1998	9461	1977	7484
1999	9416	1911	7505
2000	9663	2193	7470
2001	9650	2283	7367
2002	9228	1962	7266
2003	9375	1961	7414
2004	9793	2300	7493
2005	9823	2404	7419
2006	9344	2103	7241
2007	9184	1933	7251
2008	9749	2336	7413
2009	9820	2403	7417
2010	9729	2368	7361
2011	9498	2161	7337
2012	9524	2238	7286
2013	9704	2391	7313
2014	9392	2108	7284
2015	9122	1880	7242
2016	9474	2193	7281
2017	9564	2320	7244
2018	9248	2032	7216
2019	9094	1874	7220
2020	9438	2167	7271
2021	9653	2362	7291
2022	9195	2027	7168
2023	9146	1923	7223
2024	9423	2276	7147
2025	9395	2321	7074
2026	9240	2122	7118
2027	9279	2044	7235
2028	9323	2211	7112
2029	9363	2242	7121
2030	9185	2010	7175
2031	9050	1919	7131
2032	9386	2244	7142
2033	9515	2336	7179
2034	9477	2292	7185
2035	9112	2033	7079
2036	9183	2184	6999
2037	9607	2442	7165
2038	9282	2103	7179
2039	9023	1936	7087
2040	9154	2190	6964
2041	9271	2283	6988
2042	9157	2079	7078
2043	8951	1904	7047
2044	9260	2227	7033
2045	9581	2491	7090
2046	9190	2148	7042
2047	8934	1878	7056
2048	9170	2172	6998
2049	9288	2325	6963
2050	8933	2010	6923
2051	8856	1887	6969
2052	9373	2273	7100
2053	9456	2439	7017
2054	9038	2099	6939
2055	8946	1948	6998
2056	9277	2271	7006
2057	9257	2255	7002
2058	8953	1942	7011
2059	8823	1876	6947
2060	9142	2168	6974
2061	9355	2345	7010
2062	9133	2074	7059
2063	9171	2072	7099
2064	9361	2349	7012
2065	9328	2313	7015
2066	9045	1982	7063
2067	8828	1870	6958
2068	9301	2300	7001
2069	9479	2453	7026
2070	9022	2076	6946
2071	8907	1924	6983
2072	9245	2185	7060
2073	9482	2486	6996
2074	9166	2196	6970
2075	8857	1857	7000
2076	9075	2133	6942
2077	9297	2317	6980
2078	9369	2285	7084
2079	8933	2023	6910
2080	8968	2121	6847
2081	9183	2182	7001
2082	9073	2007	7066
2083	8986	1883	7103
2084	9412	2307	7105
2085	9294	2324	6970
2086	8966	1988	6978
2087	8762	1803	6959
2088	9147	2074	7073
2089	9279	2210	7069
2090	9050	1967	7083
2091	8936	1863	7073
2092	9254	2158	7096
2093	9370	2281	7089
2094	9095	2062	7033
2095	8892	1860	7032
2096	9187	2125	7062
2097	9294	2263	7031
2098	9210	2111	7099
2099	9380	2154	7226
2100	9510	2297	7213
2101	9557	2316	7241
2102	9240	2016	7224
2103	9065	1831	7234
2104	9248	2057	7191
2105	9356	2229	7127
2106	9134	1973	7161
2107	9038	1858	7180
2108	9599	2262	7337
2109	9595	2344	7251
2110	9365	2120	7245
2111	9220	1914	7306
2112	9433	2151	7282
2113	9777	2404	7373
2114	9474	2152	7322
2115	9146	1922	7224
2116	9400	2135	7265
2117	9595	2320	7275
2118	9325	2067	7258
2119	9270	1984	7286
2120	9480	2191	7289
2121	9650	2333	7317
2122	9611	2131	7480
2123	9312	1937	7375
2124	9516	2165	7351
2125	9769	2401	7368
2126	9440	2083	7357
2127	9249	1840	7409
2128	9533	2177	7356
2129	9818	2336	7482
2130	9549	2061	7488
2131	9257	1871	7386
2132	9457	2125	7332
2133	9593	2301	7292
2134	9395	2011	7384
2135	9299	1827	7472
2136	9573	2095	7478
2137	9863	2375	7488
2138	9603	2100	7503
2139	9330	1865	7465
2140	9648	2213	7435
2141	9819	2307	7512
2142	9488	2046	7442
2143	9526	1954	7572
2144	9547	2122	7425
2145	9683	2302	7381
2146	9585	2121	7464
2147	9293	1903	7390
2148	9550	2157	7393
2149	9663	2275	7388
2150	9541	2101	7440
2151	9352	1889	7463
2152	9694	2262	7432
2153	10022	2582	7440
2154	9652	2172	7480
2155	9357	1934	7423
2156	9677	2277	7400
2157	9736	2315	7421
2158	9354	1961	7393
2159	9255	1896	7359
2160	9515	2135	7380
2161	9952	2388	7564
2162	9864	2278	7586
2163	9433	1983	7450
2164	9563	2129	7434
2165	9804	2324	7480
2166	9438	2082	7356
2167	9250	1877	7373
2168	9510	2095	7415
2169	9628	2255	7373
2170	9536	2172	7364
2171	9260	1900	7360
2172	9388	2094	7294
2173	9582	2288	7294
2174	9437	2034	7403
2175	9377	1988	7389
2176	9538	2218	7320
2177	9552	2255	7297
2178	9518	2194	7324
2179	9344	2096	7248
2180	9390	2243	7147
2181	9517	2322	7195
2182	9324	2066	7258
2183	9165	1872	7293
2184	9424	2199	7225
2185	9721	2479	7242
2186	9348	2172	7176
2187	9172	2019	7153
2188	9362	2180	7182
2189	9388	2259	7129
2190	9151	2017	7134
2191	9105	1973	7132
2192	9352	2247	7105
2193	9393	2363	7030
2194	9066	2049	7017
2195	8838	1853	6985
2196	9125	2105	7020
2197	9507	2366	7141
2198	9160	2103	7057
2199	8914	1910	7004
2200	9383	2352	7031
2201	9368	2363	7005
2202	9078	2119	6959
2203	8903	1937	6966
2204	8920	2047	6873
2205	9036	2231	6805
2206	8749	2028	6721
2207	8735	1952	6783
2208	8846	2173	6673
2209	8874	2279	6595
2210	8634	2047	6587
2211	8667	1988	6679
2212	8817	2158	6659
2213	8935	2297	6638
2214	8653	2087	6566
2215	8420	1854	6566
2216	8625	2106	6519
2217	8797	2286	6511
2218	8535	2021	6514
2219	8382	1845	6537
2220	8610	2073	6537
2221	8766	2265	6501
2222	8499	2041	6458
2223	8280	1815	6465
2224	8597	2129	6468
2225	8619	2227	6392
2226	8598	2137	6461
2227	8411	1987	6424
2228	8552	2181	6371
2229	8723	2288	6435
2230	8356	1993	6363
2231	8068	1843	6225
2232	8555	2290	6265
2233	8757	2489	6268
2234	8338	2146	6192
2235	8160	1974	6186
2236	8256	2140	6116
2237	8424	2331	6093
2238	8262	2164	6098
2239	8063	2033	6030
2240	8170	2177	5993
2241	8265	2214	6051
2242	8108	2104	6004
2243	7829	1913	5916
2244	8084	2131	5953
2245	8194	2298	5896
2246	7942	2049	5893
2247	7762	1869	5893
2248	8213	2328	5885
2249	8225	2352	5873
2250	7942	2183	5759
2251	7824	2014	5810
2252	8124	2273	5851
2253	8171	2322	5849
2254	7808	2003	5805
2255	7793	1957	5836
2256	7948	2203	5745
2257	7952	2326	5626
2258	7693	2056	5637
2259	7553	1939	5614
2260	7912	2217	5695
2261	7969	2282	5687
2262	7699	2112	5587
2263	7528	1956	5572
2264	7662	2122	5540
2265	7774	2239	5535
2266	7599	2025	5574
2267	7474	1907	5567
2268	7614	2130	5484
2269	7628	2163	5465
2270	7405	2008	5397
2271	7573	2088	5485
2272	7833	2289	5544
2273	7822	2324	5498
2274	7496	2052	5444
2275	7210	1863	5347
2276	7440	2196	5244
2277	7664	2344	5320
2278	7493	2141	5352
2279	7298	1945	5353
2280	7444	2133	5311
2281	7735	2350	5385
2282	7487	2148	5339
2283	7241	1967	5274
2284	7668	2361	5307
2285	7693	2399	5294
2286	7230	2009	5221
2287	7061	1865	5196
2288	7361	2182	5179
2289	7969	2705	5264
2290	7668	2385	5283
2291	7094	1926	5168
2292	7553	2311	5242
2293	7633	2474	5159
2294	7176	2092	5084
2295	6902	1877	5025
2296	7236	2222	5014
2297	7553	2462	5091
2298	7185	2113	5072
2299	6930	1972	4958
2300	7064	2097	4967
2301	7229	2240	4989
2302	6975	2019	4956
2303	6853	1851	5002
2304	7146	2164	4982
2305	7183	2288	4895
2306	6824	1971	4853
2307	6755	1854	4901
2308	6986	2103	4883
2309	7123	2301	4822
2310	6966	2049	4917
2311	6874	1941	4933
2312	7043	2138	4905
2313	7170	2274	4896
2314	6861	2023	4838
2315	6640	1892	4748
2316	6896	2160	4736
2317	7148	2285	4863
2318	6923	2070	4853
2319	6776	1893	4883
2320	6955	2087	4868
2321	7018	2206	4812
2322	6900	2093	4807
2323	6748	1949	4799
2324	7002	2176	4826
2325	7063	2232	4831
2326	6904	2077	4827
2327	6913	2057	4856
2328	7229	2328	4901
2329	7184	2370	4814
2330	6878	2113	4765
2331	6728	1909	4819
2332	7065	2228	4837
2333	7217	2350	4867
2334	6937	2116	4821
2335	6901	2037	4864
2336	7160	2279	4881
2337	7197	2342	4855
2338	6855	2024	4831
2339	6708	1920	4788
2340	6901	2185	4716
2341	7032	2292	4740
2342	6812	2042	4770
2343	6682	1861	4821
2344	6888	2093	4795
2345	6915	2174	4741
2346	6964	2141	4823
2347	6786	1919	4867
2348	6957	2106	4851
2349	7165	2356	4809
2350	6864	2088	4776
2351	6535	1863	4672
2352	7126	2316	4810
2353	7207	2447	4760
2354	6854	2112	4742
2355	6650	1959	4691
2356	7098	2303	4795
2357	7133	2386	4747
2358	6697	2064	4633
2359	6656	1941	4715
2360	6968	2149	4819
2361	6985	2222	4763
2362	6784	2066	4718
2363	6729	1937	4792
2364	6913	2118	4795
2365	6975	2222	4753
2366	6692	1957	4735
2367	6571	1811	4760
2368	6891	2102	4789
2369	7157	2401	4756
2370	6896	2170	4726
2371	6570	1898	4672
2372	6787	2107	4680
2373	6983	2251	4732
2374	6785	2023	4762
2375	6650	1880	4770
2376	6987	2169	4818
2377	6951	2215	4736
2378	6740	2032	4708
2379	6695	1956	4739
2380	6967	2186	4781
2381	7005	2277	4728
2382	6760	2018	4742
2383	6615	1867	4748
2384	6854	2111	4743
2385	7283	2417	4866
2386	6938	2177	4761
2387	6616	1897	4719
2388	6993	2186	4807
2389	7110	2284	4826
2390	6898	2072	4826
2391	6870	2027	4843
2392	7077	2250	4827
2393	7161	2395	4766
2394	6881	2099	4782
2395	6612	1860	4752
2396	6868	2117	4751
2397	7090	2320	4770
2398	6923	2113	4810
2399	6897	2022	4875
2400	7139	2253	4886
2401	7406	2395	5011
2402	7040	2081	4959
2403	6891	1954	4937
2404	7132	2253	4879
2405	7109	2294	4815
2406	7044	2189	4855
2407	6841	2042	4799
2408	7203	2345	4858
2409	7190	2350	4840
2410	6898	2076	4822
2411	6715	1915	4800
2412	6916	2139	4777
2413	7273	2403	4870
2414	7182	2193	4989
2415	7032	2025	5007
2416	7453	2457	4996
2417	7380	2457	4923
2418	6934	2081	4853
2419	6731	1896	4835
2420	6976	2149	4827
2421	7090	2257	4833
2422	6946	2021	4925
2423	6855	1916	4939
2424	7059	2127	4932
2425	7138	2255	4883
2426	6804	1956	4848
2427	6744	1873	4871
2428	7075	2121	4954
2429	7051	2172	4879
2430	6924	2052	4872
2431	6924	2031	4893
2432	7131	2234	4897
2433	7263	2331	4932
2434	7031	2089	4942
2435	6799	1908	4891
2436	7224	2281	4943
2437	7340	2379	4961
2438	6979	2119	4860
2439	6915	2063	4852
2440	6981	2161	4820
2441	7193	2363	4830
2442	7046	2136	4910
2443	6913	1962	4951
2444	7001	2229	4772
2445	7161	2376	4785
2446	7018	2113	4905
2447	6977	2062	4915
2448	7065	2227	4838
2449	7133	2301	4832
2450	6919	2064	4855
2451	6862	2008	4854
2452	7102	2210	4892
2453	7252	2331	4921
2454	6953	2078	4875
2455	6764	1932	4832
2456	6938	2098	4840
2457	7037	2220	4817
2458	6941	2165	4776
2459	6836	2000	4836
2460	6920	2133	4787
2461	6988	2256	4732
2462	6831	2040	4791
2463	6734	1885	4849
2464	6981	2167	4814
2465	7216	2421	4795
2466	7008	2193	4815
2467	6727	1967	4760
2468	6885	2193	4692
2469	6902	2239	4663
2470	6754	2072	4682
2471	6605	1896	4709
2472	6912	2161	4751
2473	6928	2294	4634
2474	6673	2003	4670
2475	6797	2133	4664
2476	6934	2296	4638
2477	6966	2279	4687
2478	6686	2086	4600
2479	6490	1931	4559
2480	6730	2143	4587
2481	6804	2220	4584
2482	6616	2025	4591
2483	6378	1841	4537
2484	6577	2045	4532
2485	6940	2342	4598
2486	6664	2093	4571
2487	6444	1982	4462
2488	6584	2177	4407
2489	6740	2260	4480
2490	6600	2126	4474
2491	6363	1933	4430
2492	6602	2123	4479
2493	6578	2115	4463
2494	6272	1953	4319
2495	6277	1946	4331
2496	6468	2086	4382
2497	6600	2258	4342
2498	6582	2211	4371
2499	6242	1979	4263
2500	6360	2104	4256
2501	6565	2269	4296
2502	6371	2055	4316
2503	6251	1921	4330
2504	6405	2132	4273
2505	6455	2235	4220
2506	6186	2031	4155
2507	6171	1961	4210
2508	6495	2298	4197
2509	6535	2368	4167
2510	6343	2098	4245
2511	6345	2027	4318
2512	6423	2233	4190
2513	6581	2331	4250
2514	6226	2015	4211
2515	6001	1833	4168
2516	6315	2171	4144
2517	6512	2375	4137
2518	6436	2214	4222
2519	6192	2054	4138
2520	6414	2311	4103
2521	6578	2421	4157
2522	6323	2144	4179
2523	6052	1916	4136
2524	6208	2061	4147
2525	6302	2267	4035
2526	6086	2060	4026
2527	5833	1825	4008
2528	6386	2311	4075
2529	6396	2368	4028
2530	6103	2079	4024
2531	5850	1912	3938
2532	6271	2241	4030
2533	6470	2352	4118
2534	5987	1987	4000
2535	5870	1932	3938
2536	6421	2467	3954
2537	6328	2436	3892
2538	5906	2018	3888
2539	5860	1984	3876
2540	6053	2178	3875
2541	6174	2301	3873
2542	5927	2041	3886
2543	5805	1946	3859
2544	6201	2332	3869
2545	6254	2377	3877
2546	5956	2103	3853
2547	5743	1923	3820
2548	6020	2207	3813
2549	6031	2268	3763
2550	6061	2225	3836
2551	5900	2029	3871
2552	5869	2070	3799
2553	6042	2223	3819
2554	5785	2007	3778
2555	5562	1861	3701
2556	5864	2138	3726
2557	6072	2286	3786
2558	6010	2136	3874
2559	5799	2002	3797
2560	5918	2148	3770
2561	6251	2441	3810
2562	5994	2203	3791
2563	5719	1986	3733
2564	5821	2143	3678
2565	5929	2210	3719
2566	5803	2011	3792
2567	5602	1854	3748
2568	5722	2052	3670
2569	5818	2165	3653
2570	5706	2007	3699
2571	5670	1954	3716
2572	5911	2224	3687
2573	6010	2329	3681
2574	6029	2218	3811
2575	5818	2032	3786
2576	5905	2240	3665
2577	6043	2377	3666
2578	5902	2245	3657
2579	5660	2053	3607
2580	5760	2157	3603
2581	6058	2387	3671
2582	5809	2141	3668
2583	5510	1925	3585
2584	5727	2125	3602
2585	5850	2285	3565
2586	5627	2128	3499
2587	5497	1948	3549
2588	5822	2196	3626
2589	5965	2334	3631
2590	5876	2217	3659
2591	5610	1992	3618
2592	5782	2100	3682
2593	6005	2335	3670
2594	5703	2095	3608
2595	5549	1968	3581
2596	5827	2273	3554
2597	5963	2368	3595
2598	5607	2032	3575
2599	5467	1868	3599
2600	5849	2230	3619
2601	5932	2356	3576
2602	5744	2143	3601
2603	5664	2050	3614
2604	5802	2217	3585
2605	5997	2301	3696
2606	5826	2157	3669
2607	5478	1972	3506
2608	5771	2234	3537
2609	5926	2310	3616
2610	5704	2084	3620
2611	5438	1914	3524
2612	5686	2122	3564
2613	5878	2278	3600
2614	5569	2025	3544
2615	5671	2045	3626
2616	5931	2303	3628
2617	6018	2392	3626
2618	5759	2109	3650
2619	5525	1920	3605
2620	5865	2160	3705
2621	6066	2371	3695
2622	5820	2197	3623
2623	5682	2012	3670
2624	5986	2284	3702
2625	5961	2342	3619
2626	5598	2045	3553
2627	5483	1943	3540
2628	5678	2135	3543
2629	5867	2309	3558
2630	5710	2097	3613
2631	5538	1956	3582
2632	5769	2212	3557
2633	5936	2280	3656
2634	5691	2034	3657
2635	5538	1929	3609
2636	5811	2194	3617
2637	5957	2323	3634
2638	5678	2068	3610
2639	5386	1885	3501
2640	5726	2160	3566
2641	5873	2259	3614
2642	5493	1962	3531
2643	5330	1772	3558
2644	5686	2057	3629
2645	5916	2305	3611
2646	5813	2183	3630
2647	5547	1977	3570
2648	5755	2226	3529
2649	5861	2346	3515
2650	5609	2079	3530
2651	5453	1912	3541
2652	5727	2209	3518
2653	5924	2341	3583
2654	5780	2133	3647
2655	5555	1943	3612
2656	5791	2171	3620
2657	5842	2267	3575
2658	5600	2027	3573
2659	5456	1864	3592
2660	5810	2206	3604
2661	5864	2283	3581
2662	5591	1994	3597
2663	5484	1888	3596
2664	5691	2113	3578
2665	6114	2453	3661
2666	5782	2155	3627
2667	5478	1942	3536
2668	5914	2265	3649
2669	5939	2305	3634
2670	5725	2075	3650
2671	5517	1948	3569
2672	5870	2235	3635
2673	5875	2293	3582
2674	5589	2065	3524
2675	5319	1869	3450
2676	5787	2223	3564
2677	6044	2378	3666
2678	5567	2011	3556
2679	5505	1934	3571
2680	5737	2198	3539
2681	6133	2505	3628
2682	5734	2172	3562
2683	5439	1938	3501
2684	5764	2227	3537
2685	5893	2343	3550
2686	5666	2063	3603
2687	5536	1974	3562
2688	5758	2162	3596
2689	5715	2218	3497
2690	5428	1931	3497
2691	5531	1975	3556
2692	5743	2234	3509
2693	5742	2243	3499
2694	5532	2056	3476
2695	5315	1896	3419
2696	5505	2125	3380
2697	5695	2256	3439
2698	5630	2157	3473
2699	5467	1937	3530
2700	5668	2225	3443
2701	5746	2328	3418
2702	5383	2014	3369
2703	5391	1952	3439
2704	5556	2160	3396
2705	5817	2373	3444
2706	5718	2193	3525
2707	5676	2145	3531
2708	5760	2288	3472
2709	5796	2344	3452
2710	5527	2093	3434
2711	5424	1961	3463
2712	5690	2262	3428
2713	5713	2385	3328
2714	5390	2055	3335
2715	5279	1872	3407
2716	5714	2266	3448
2717	5828	2397	3431
2718	5494	2077	3417
2719	5228	1849	3379
2720	5564	2180	3384
2721	5785	2358	3427
2722	5402	2046	3356
2723	5262	1961	3301
2724	5574	2207	3367
2725	5616	2267	3349
2726	5379	2117	3262
2727	5147	1914	3233
2728	5299	2124	3175
2729	5570	2275	3295
2730	5292	2006	3286
2731	5148	1925	3223
2732	5576	2332	3244
2733	5678	2427	3251
2734	5340	2101	3239
2735	5244	1995	3249
2736	5466	2250	3216
2737	5516	2401	3115
2738	5244	2085	3159
2739	4972	1842	3130
2740	5332	2182	3150
2741	5674	2438	3236
2742	5324	2125	3199
2743	5009	1875	3134
2744	5397	2210	3187
2745	5588	2380	3208
2746	5132	2012	3120
2747	4997	1858	3139
2748	5414	2198	3216
2749	5435	2284	3151
2750	5065	1971	3094
2751	4977	1832	3145
2752	5198	2120	3078
2753	5285	2261	3024
2754	5166	2092	3074
2755	4937	1898	3039
2756	5155	2150	3005
2757	5344	2268	3076
2758	5166	2037	3129
2759	4991	1936	3055
2760	5120	2115	3005
2761	5316	2291	3025
2762	5036	2007	3029
2763	4844	1843	3001
2764	5339	2292	3047
2765	5417	2343	3074
2766	5083	2061	3022
2767	4911	1936	2975
2768	5173	2206	2967
2769	5197	2262	2935
2770	4978	2044	2934
2771	4870	1866	3004
2772	5072	2133	2939
2773	5253	2270	2983
2774	4960	2012	2948
2775	5017	2041	2976
2776	5136	2284	2852
2777	5311	2407	2904
2778	5055	2122	2933
2779	4712	1911	2801
2780	5089	2195	2894
2781	5212	2222	2990
2782	5294	2286	3008
2783	4906	1997	2909
2784	9222	5297	3925
2785	7516	4072	3444
2786	4855	2029	2826
2787	4626	1860	2766
2788	5013	2147	2866
2789	5182	2287	2895
2790	4954	2086	2868
2791	4897	1978	2919
2792	4992	2142	2850
2793	5213	2356	2857
2794	4934	2071	2863
2795	4660	1859	2801
2796	5077	2204	2873
2797	5265	2362	2903
2798	4945	2081	2864
2799	4747	1917	2830
2800	5055	2237	2818
2801	5188	2314	2874
2802	4835	2030	2805
2803	4843	2006	2837
2804	5312	2356	2956
2805	5156	2351	2805
2806	4716	1989	2727
2807	4707	1932	2775
2808	4939	2162	2777
2809	5009	2254	2755
2810	4989	2143	2846
2811	4736	1891	2845
2812	4884	2091	2793
2813	5069	2186	2883
2814	4843	1973	2870
2815	4680	1902	2778
2816	5020	2193	2827
2817	5201	2369	2832
2818	4884	2106	2778
2819	4764	2030	2734
2820	4932	2209	2723
2821	5096	2312	2784
2822	4977	2141	2836
2823	4735	1966	2769
2824	4924	2178	2746
2825	4960	2234	2726
2826	4695	1951	2744
2827	4636	1839	2797
2828	4921	2190	2731
2829	5018	2319	2699
2830	4807	2018	2789
2831	4763	1961	2802
2832	4939	2208	2731
2833	5074	2333	2741
2834	4656	1996	2660
2835	4652	1939	2713
2836	4969	2231	2738
2837	4985	2277	2708
2838	4676	1967	2709
2839	4666	1903	2763
2840	4910	2146	2764
2841	5066	2359	2707
2842	5016	2203	2813
2843	4839	2005	2834
2844	5011	2257	2754
2845	5167	2416	2751
2846	4918	2184	2734
2847	4612	1923	2689
2848	4880	2132	2748
2849	5119	2375	2744
2850	4743	2087	2656
2851	4586	1949	2637
2852	4879	2183	2696
2853	4950	2297	2653
2854	4745	2082	2663
2855	4732	2009	2723
2856	5047	2321	2726
2857	5128	2394	2734
2858	4968	2150	2818
2859	4817	1983	2834
2860	4875	2120	2755
2861	5075	2320	2755
2862	4780	2025	2755
2863	4620	1878	2742
2864	5217	2338	2879
2865	5183	2360	2823
2866	4780	2030	2750
2867	4908	2092	2816
2868	5443	2590	2853
2869	5194	2417	2777
2870	4778	2052	2726
2871	4760	1982	2778
2872	5005	2227	2778
2873	4989	2300	2689
2874	4747	2001	2746
2875	4756	2007	2749
2876	4904	2194	2710
2877	4856	2240	2616
2878	4642	1959	2683
2879	4571	1824	2747
2880	4871	2139	2732
2881	5120	2330	2790
2882	4763	2034	2729
2883	4687	1961	2726
2884	4989	2273	2716
2885	5088	2357	2731
2886	4791	2042	2749
2887	4616	1916	2700
2888	4884	2166	2718
2889	5043	2280	2763
2890	4766	2034	2732
2891	4591	1885	2706
2892	4967	2233	2734
2893	5110	2395	2715
2894	4748	2056	2692
2895	4552	1951	2601
2896	4843	2188	2655
2897	4991	2305	2686
2898	4790	2095	2695
2899	4537	1891	2646
2900	4770	2119	2651
2901	5064	2364	2700
2902	4769	2071	2698
2903	4491	1836	2655
2904	4828	2150	2678
2905	4954	2273	2681
2906	4668	2027	2641
2907	4550	1919	2631
2908	4865	2224	2641
2909	4990	2290	2700
2910	4616	1955	2661
2911	4437	1803	2634
2912	4828	2123	2705
2913	5074	2313	2761
2914	4736	2093	2643
2915	4545	1884	2661
2916	4721	2119	2602
2917	4965	2333	2632
2918	4737	2066	2671
2919	4481	1897	2584
2920	4738	2141	2597
2921	4836	2245	2591
2922	4726	2107	2619
2923	4559	1897	2662
2924	4789	2127	2662
2925	4950	2346	2604
2926	4740	2140	2600
2927	4473	1923	2550
2928	4755	2189	2566
2929	4838	2257	2581
2930	4587	1990	2597
2931	4482	1900	2582
2932	4943	2305	2638
2933	4914	2346	2568
2934	4581	2052	2529
2935	4341	1846	2495
2936	4597	2056	2541
2937	4995	2432	2563
2938	4705	2123	2582
2939	4528	1919	2609
2940	4809	2157	2652
2941	4837	2257	2580
2942	4633	2100	2533
2943	4391	1901	2490
2944	4796	2299	2497
2945	4854	2375	2479
2946	4485	2010	2475
2947	4357	1845	2512
2948	4809	2237	2572
2949	4808	2301	2507
2950	4481	1995	2486
2951	4366	1914	2452
2952	4577	2117	2460
2953	4718	2290	2428
2954	4386	1951	2435
2955	4338	1872	2466
2956	4685	2225	2460
2957	4717	2301	2416
2958	4484	2078	2406
2959	4197	1873	2324
2960	4528	2178	2350
2961	4721	2332	2389
2962	4575	2115	2460
2963	4499	1997	2502
2964	4702	2227	2475
2965	4628	2235	2393
2966	4576	2089	2487
2967	4374	1908	2466
2968	4481	2101	2380
2969	4685	2334	2351
2970	4327	2012	2315
2971	4243	1860	2383
2972	4559	2157	2402
2973	4636	2243	2393
2974	4327	1979	2348
2975	4241	1899	2342
2976	4658	2280	2378
2977	4642	2304	2338
2978	4373	2031	2342
2979	4213	1898	2315
2980	4454	2217	2237
2981	4549	2266	2283
2982	4552	2180	2372
2983	4395	2056	2339
2984	4532	2184	2348
2985	4741	2386	2355
2986	4425	2089	2336
2987	4209	1887	2322
2988	4547	2179	2368
2989	4640	2343	2297
2990	4233	2019	2214
2991	4046	1831	2215
2992	4457	2114	2343
2993	4553	2278	2275
2994	4213	1978	2235
2995	4149	1904	2245
2996	4587	2249	2338
2997	4727	2379	2348
2998	4273	2011	2262
2999	4098	1827	2271
3000	4446	2178	2268
3001	4787	2446	2341
3002	4443	2068	2375
3003	4171	1871	2300
3004	4483	2225	2258
3005	4561	2323	2238
3006	4336	2077	2259
3007	4172	1863	2309
3008	4553	2248	2305
3009	4684	2441	2243
3010	4507	2240	2267
3011	4360	2023	2337
3012	4400	2121	2279
3013	4451	2222	2229
3014	4211	1974	2237
3015	4120	1852	2268
3016	4433	2141	2292
3017	4562	2274	2288
3018	4274	2036	2238
3019	4085	1864	2221
3020	4385	2163	2222
3021	4516	2301	2215
3022	4333	2054	2279
3023	4104	1906	2198
3024	4482	2214	2268
3025	4616	2310	2306
3026	4312	2050	2262
3027	4055	1808	2247
3028	4455	2133	2322
3029	4650	2320	2330
3030	4407	2086	2321
3031	4170	1902	2268
3032	4446	2117	2329
3033	4606	2310	2296
3034	4389	2116	2273
3035	4160	1896	2264
3036	4537	2227	2310
3037	4644	2374	2270
3038	4297	2055	2242
3039	4164	1872	2292
3040	4346	2073	2273
3041	4643	2340	2303
3042	4379	2105	2274
3043	4055	1818	2237
3044	4279	2062	2217
3045	4512	2300	2212
3046	4366	2086	2280
3047	4180	1886	2294
3048	4294	2029	2265
3049	4373	2163	2210
3050	4278	2040	2238
3051	4160	1913	2247
3052	4321	2117	2204
3053	4324	2187	2137
3054	4254	2049	2205
3055	4106	1905	2201
3056	4315	2104	2211
3057	4488	2223	2265
3058	4232	1983	2249
3059	4029	1851	2178
3060	4429	2202	2227
3061	4487	2283	2204
3062	4225	2002	2223
3063	4011	1821	2190
3064	4236	2057	2179
3065	4443	2254	2189
3066	4231	2035	2196
3067	4084	1878	2206
3068	4398	2162	2236
3069	4563	2285	2278
3070	4346	2042	2304
3071	4343	2022	2321
3072	4423	2135	2288
3073	4507	2220	2287
3074	4323	2055	2268
3075	4071	1888	2183
3076	4422	2190	2232
3077	4547	2327	2220
3078	4173	2013	2160
3079	4125	1916	2209
3080	4417	2232	2185
3081	4704	2480	2224
3082	4330	2124	2206
3083	4096	1846	2250
3084	4385	2188	2197
3085	4492	2337	2155
3086	4131	1975	2156
3087	3955	1825	2130
3088	4384	2180	2204
3089	4569	2344	2225
3090	4422	2178	2244
3091	4161	1948	2213
3092	4296	2097	2199
3093	4532	2272	2260
3094	4357	2113	2244
3095	4219	1998	2221
3096	4376	2179	2197
3097	4553	2347	2206
3098	4277	2075	2202
3099	4037	1872	2165
3100	4244	2136	2108
3101	4441	2309	2132
3102	4256	2084	2172
3103	4065	1909	2156
3104	4353	2200	2153
3105	4480	2272	2208
3106	4211	2021	2190
3107	4080	1892	2188
3108	4389	2145	2244
3109	4400	2210	2190
3110	4157	2015	2142
3111	4038	1935	2103
3112	4280	2080	2200
3113	4410	2200	2210
3114	4368	2193	2175
3115	4101	1975	2126
3116	4365	2228	2137
3117	4526	2338	2188
3118	4074	1987	2087
3119	3894	1821	2073
3120	4227	2099	2128
3121	4431	2321	2110
3122	4282	2101	2181
3123	4151	1922	2229
3124	4340	2173	2167
3125	4457	2325	2132
3126	4237	2133	2104
3127	4023	1960	2063
3128	4248	2211	2037
3129	4398	2309	2089
3130	4321	2108	2213
3131	4143	1948	2195
3132	4300	2177	2123
3133	4369	2304	2065
3134	4288	2125	2163
3135	4094	1940	2154
3136	4295	2199	2096
3137	4317	2259	2058
3138	4127	2050	2077
3139	3952	1874	2078
3140	4192	2102	2090
3141	4246	2156	2090
3142	4012	1942	2070
3143	3993	1904	2089
3144	4196	2113	2083
3145	4517	2373	2144
3146	4434	2236	2198
3147	4287	2045	2242
3148	4202	2094	2108
3149	4324	2235	2089
3150	4041	1992	2049
3151	3910	1893	2017
3152	4264	2157	2107
3153	4497	2379	2118
3154	4242	2109	2133
3155	4062	1948	2114
3156	4450	2372	2078
3157	4535	2474	2061
3158	4068	2035	2033
3159	3911	1859	2052
3160	4405	2246	2159
3161	4537	2376	2161
3162	4178	2061	2117
3163	4011	1916	2095
3164	4178	2123	2055
3165	4235	2240	1995
3166	3947	1982	1965
3167	3868	1869	1999
3168	4317	2219	2098
3169	4394	2318	2076
3170	4049	2023	2026
3171	3901	1848	2053
3172	4180	2136	2044
3173	4280	2291	1989
3174	4008	2025	1983
3175	3864	1859	2005
3176	4081	2065	2016
3177	4252	2225	2027
3178	4118	2068	2050
3179	3952	1913	2039
3180	4150	2151	1999
3181	4575	2518	2057
3182	4207	2183	2024
3183	3902	1888	2014
3184	4069	2103	1966
3185	4271	2241	2030
3186	4130	2050	2080
3187	3943	1857	2086
3188	4174	2100	2074
3189	4255	2226	2029
3190	3988	1995	1993
3191	3857	1857	2000
3192	4244	2255	1989
3193	4342	2293	2049
3194	4349	2170	2179
3195	4012	1956	2056
3196	4057	2084	1973
3197	4444	2346	2098
3198	4233	2048	2185
3199	3935	1853	2082
3200	4199	2180	2019
3201	4408	2347	2061
3202	4321	2184	2137
3203	3939	1886	2053
3204	4124	2122	2002
3205	4398	2313	2085
3206	4247	2146	2101
3207	3965	1932	2033
3208	4455	2329	2126
3209	4477	2387	2090
3210	4009	1935	2074
3211	3895	1842	2053
3212	4224	2130	2094
3213	4312	2271	2041
3214	4093	2039	2054
3215	3863	1826	2037
3216	4053	2030	2023
3217	4233	2206	2027
3218	4102	2081	2021
3219	3999	1964	2035
3220	4163	2141	2022
3221	4303	2244	2059
3222	4117	2025	2092
3223	3876	1849	2027
3224	4274	2247	2027
3225	4428	2361	2067
3226	4074	2008	2066
3227	3914	1827	2087
3228	4120	2116	2004
3229	4283	2276	2007
3230	4175	2119	2056
3231	3993	1915	2078
3232	4055	2052	2003
3233	4274	2260	2014
3234	4347	2236	2111
3235	4072	2035	2037
3236	4102	2074	2028
3237	4370	2276	2094
3238	4208	2170	2038
3239	3857	1915	1942
3240	4066	2124	1942
3241	4200	2214	1986
3242	4018	2001	2017
3243	4019	1956	2063
3244	4274	2181	2093
3245	4298	2306	1992
3246	4004	2041	1963
3247	3942	1928	2014
3248	4249	2206	2043
3249	4550	2490	2060
3250	4092	2094	1998
3251	3821	1857	1964
3252	4157	2129	2028
3253	4288	2257	2031
3254	4128	2051	2077
3255	3935	1857	2078
3256	4227	2133	2094
3257	4372	2304	2068
3258	4191	2119	2072
3259	3860	1895	1965
3260	4047	2174	1873
3261	4202	2267	1935
3262	3921	1963	1958
3263	3871	1868	2003
3264	4253	2204	2049
3265	4301	2268	2033
3266	3942	1949	1993
3267	3747	1813	1934
3268	4171	2177	1994
3269	4390	2375	2015
3270	4142	2113	2029
3271	4025	1987	2038
3272	4233	2222	2011
3273	4228	2292	1936
3274	4003	2045	1958
3275	3917	1919	1998
3276	4395	2391	2004
3277	4445	2390	2055
3278	4027	2016	2011
3279	3843	1905	1938
3280	4163	2208	1955
3281	4243	2312	1931
3282	4045	2039	2006
3283	3905	1913	1992
3284	4053	2095	1958
3285	4227	2242	1985
3286	4022	2034	1988
3287	3907	1897	2010
3288	4212	2230	1982
3289	4233	2274	1959
3290	4891	2771	2120
3291	4510	2407	2103
3292	4019	2048	1971
3293	4139	2203	1936
3294	3949	1998	1951
3295	3818	1885	1933
3296	4032	2107	1925
3297	4108	2185	1923
3298	3908	1984	1924
3299	3857	1889	1968
3300	4003	2063	1940
3301	4141	2222	1919
3302	3986	2035	1951
3303	3732	1817	1915
3304	3945	2030	1915
3305	4010	2085	1925
3306	3914	1974	1940
3307	3784	1853	1931
3308	4020	2011	2009
3309	4080	2074	2006
3310	3974	1978	1996
3311	3824	1842	1982
3312	4006	2034	1972
3313	4019	2087	1932
3314	3868	1946	1922
3315	3885	1888	1997
3316	4086	2098	1988
3317	4093	2153	1940
3318	3886	1934	1952
3319	3870	1954	1916
3320	3966	2103	1863
3321	3905	2074	1831
3322	3892	1954	1938
3323	3838	1875	1963
3324	3905	1952	1953
3325	4070	2132	1938
3326	3960	2034	1926
3327	3864	1901	1963
3328	4172	2147	2025
3329	4367	2360	2007
3330	4020	2050	1970
3331	3916	1952	1964
3332	4065	2154	1911
3333	4076	2137	1939
3334	3923	1954	1969
3335	3836	1867	1969
3336	4034	2102	1932
3337	4161	2208	1953
3338	4189	2164	2025
3339	3944	1940	2004
3340	4308	2330	1978
3341	4246	2315	1931
3342	3963	2028	1935
3343	3893	1927	1966
3344	3968	2035	1933
3345	4282	2244	2038
3346	4111	2154	1957
3347	3928	2007	1921
3348	4096	2105	1991
3349	4123	2145	1978
3350	3975	2008	1967
3351	3820	1858	1962
3352	4032	2109	1923
3353	4234	2291	1943
3354	4052	2060	1992
3355	3860	1919	1941
3356	3927	2052	1875
3357	3943	2077	1866
3358	3924	2034	1890
3359	3786	1882	1904
3360	4077	2084	1993
3361	4249	2240	2009
3362	4047	2085	1962
3363	3828	1919	1909
3364	4007	2118	1889
3365	4145	2220	1925
3366	4016	2062	1954
3367	4025	2017	2008
3368	4189	2173	2016
3369	4241	2293	1948
3370	4075	2057	2018
3371	3898	1915	1983
3372	4168	2136	2032
3373	4236	2228	2008
3374	3970	2004	1966
3375	3901	1929	1972
3376	4113	2123	1990
3377	4015	2096	1919
3378	3863	1941	1922
3379	4364	2329	2035
3380	4195	2229	1966
3381	3971	2095	1876
3382	3916	2002	1914
3383	3828	1896	1932
3384	4135	2180	1955
3385	4220	2297	1923
3386	3909	1979	1930
3387	3733	1807	1926
3388	3928	2030	1898
3389	4008	2136	1872
3390	4016	2106	1910
3391	3764	1909	1855
3392	3862	1977	1885
3393	4164	2171	1993
3394	3978	2037	1941
3395	4027	2043	1984
3396	4130	2148	1982
3397	4095	2145	1950
3398	3908	1951	1957
3399	3783	1858	1925
3400	3898	2018	1880
3401	4003	2145	1858
3402	3929	1993	1936
3403	3774	1892	1882
3404	4097	2167	1930
3405	4150	2193	1957
3406	3817	1941	1876
3407	3866	1925	1941
3408	4114	2174	1940
3409	4190	2277	1913
3410	4194	2151	2043
3411	3823	1861	1962
3412	4052	2157	1895
3413	4049	2151	1898
3414	3887	1983	1904
3415	3830	1917	1913
3416	3918	2061	1857
3417	3965	2089	1876
3418	3864	1931	1933
3419	3757	1847	1910
3420	3954	2033	1921
3421	4081	2190	1891
3422	3867	1957	1910
3423	3673	1787	1886
3424	3825	1922	1903
3425	4074	2170	1904
3426	4049	2073	1976
3427	3863	1934	1929
3428	4072	2088	1984
3429	4174	2196	1978
3430	4001	2047	1954
3431	3757	1862	1895
3432	3875	2017	1858
3433	4016	2096	1920
3434	4007	2094	1913
3435	3853	1953	1900
3436	3907	2023	1884
3437	4030	2133	1897
3438	3944	2010	1934
3439	3826	1932	1894
3440	4068	2161	1907
3441	4005	2116	1889
3442	3980	2077	1903
3443	3851	1960	1891
3444	3923	2055	1868
3445	3951	2050	1901
3446	3737	1843	1894
3447	3737	1835	1902
3448	3877	1972	1905
3449	4049	2121	1928
3450	4059	2092	1967
3451	3918	1950	1968
3452	4081	2098	1983
3453	4053	2126	1927
3454	4056	2097	1959
3455	3882	1942	1940
3456	4157	2176	1981
3457	4211	2254	1957
3458	3907	2008	1899
3459	3689	1870	1819
3460	3902	2089	1813
3461	4157	2233	1924
3462	3936	2025	1911
3463	3714	1785	1929
3464	4014	2033	1981
3465	4137	2171	1966
3466	3884	1958	1926
3467	3667	1814	1853
3468	3970	2053	1917
3469	4110	2192	1918
3470	3872	2010	1862
3471	3782	1912	1870
3472	4103	2165	1938
3473	4169	2263	1906
3474	3837	1973	1864
3475	3659	1806	1853
3476	3906	1984	1922
3477	4023	2109	1914
3478	3847	1932	1915
3479	3658	1804	1854
3480	3877	2007	1870
3481	3982	2127	1855
3482	3827	1961	1866
3483	3719	1824	1895
3484	3916	2021	1895
3485	4097	2169	1928
3486	3879	1957	1922
3487	3839	1877	1962
3488	4925	2025	2900
3489	4551	2144	2407
3490	3817	1919	1898
3491	3700	1812	1888
3492	3959	2047	1912
3493	4100	2175	1925
3494	4203	2528	1675
3495	3980	2196	1784
3496	4025	2099	1926
3497	4114	2198	1916
3498	3978	2068	1910
3499	3920	1983	1937
3500	3958	2087	1871
3501	4022	2216	1806
3502	3906	2043	1863
3503	3711	1868	1843
3504	3877	2044	1833
3505	4073	2156	1917
3506	3963	2016	1947
3507	3938	1982	1956
3508	4121	2134	1987
3509	4065	2123	1942
3510	3942	2000	1942
3511	3804	1876	1928
3512	4013	2077	1936
3513	4070	2162	1908
3514	3888	2005	1883
3515	3749	1879	1870
3516	3884	2034	1850
3517	3993	2113	1880
3518	3973	2036	1937
3519	3878	1997	1881
3520	3935	1995	1940
3521	3942	2063	1879
3522	4007	2062	1945
3523	4164	2121	2043
3524	4151	2140	2011
3525	4125	2165	1960
3526	4016	2071	1945
3527	3813	1947	1866
3528	4079	2129	1950
3529	4171	2216	1955
3530	3969	2029	1940
3531	3828	1924	1904
3532	3868	2007	1861
3533	4003	2140	1863
3534	3901	1977	1924
3535	3854	1945	1909
3536	4074	2145	1929
3537	4107	2173	1934
3538	3843	1947	1896
3539	3764	1841	1923
3540	3922	2051	1871
3541	4141	2248	1893
3542	3930	2047	1883
3543	3824	1952	1872
3544	4029	2142	1887
3545	4076	2194	1882
3546	3964	2062	1902
3547	3805	1897	1908
3548	4246	2287	1959
3549	4193	2276	1917
3550	3870	1973	1897
3551	3757	1889	1868
3552	4051	2099	1952
3553	4128	2161	1967
3554	3969	2024	1945
3555	3843	1924	1919
3556	4024	2093	1931
3557	4041	2163	1878
3558	3837	1995	1842
3559	3758	1886	1872
3560	4042	2128	1914
3561	4241	2288	1953
3562	3945	2016	1929
3563	3764	1891	1873
3564	4020	2133	1887
3565	4076	2194	1882
3566	3936	2024	1912
3567	3835	1953	1882
3568	4188	2301	1887
3569	4197	2263	1934
3570	4054	2123	1931
3571	3800	1928	1872
3572	4046	2117	1929
3573	4323	2339	1984
3574	3938	2003	1935
3575	3811	1896	1915
3576	3890	1981	1909
3577	4081	2148	1933
3578	3852	1982	1870
3579	3840	1896	1944
3580	3967	2072	1895
3581	3976	2119	1857
3582	4058	2035	2023
3583	3889	1930	1959
3584	4096	2137	1959
3585	4173	2259	1914
3586	3955	2066	1889
3587	3721	1871	1850
3588	4074	2175	1899
3589	4207	2282	1925
3590	3957	2040	1917
3591	3735	1864	1871
3592	4032	2112	1920
3593	4124	2246	1878
3594	4031	2107	1924
3595	3958	1990	1968
3596	4138	2158	1980
3597	4256	2303	1953
3598	4087	2114	1973
3599	3883	1951	1932
3600	4071	2168	1903
3601	4295	2297	1998
3602	4096	2070	2026
3603	3829	1908	1921
3604	4085	2113	1972
3605	4062	2152	1910
3606	4023	2085	1938
3607	3919	1995	1924
3608	3994	2121	1873
3609	4016	2126	1890
3610	3995	2063	1932
3611	3900	2022	1878
3612	4193	2261	1932
3613	4360	2397	1963
3614	4016	2083	1933
3615	3894	1945	1949
3616	3993	2066	1927
3617	3982	2130	1852
3618	3884	2007	1877
3619	4008	1995	2013
3620	4107	2119	1988
3621	4302	2323	1979
3622	4311	2274	2037
3623	4054	2044	2010
3624	4110	2115	1995
3625	4159	2183	1976
3626	4253	2239	2014
3627	3999	2023	1976
3628	4027	2100	1927
3629	4129	2195	1934
3630	4000	2095	1905
3631	3886	1936	1950
3632	4105	2180	1925
3633	4218	2328	1890
3634	4054	2120	1934
3635	3822	1881	1941
3636	3969	2059	1910
3637	4121	2212	1909
3638	4153	2238	1915
3639	4000	2100	1900
3640	4045	2153	1892
3641	4145	2240	1905
3642	3972	2054	1918
3643	3766	1870	1896
3644	3983	2044	1939
3645	4166	2229	1937
3646	4100	2122	1978
3647	3954	2022	1932
3648	4155	2246	1909
