index	original	background	difference
-----------------------------------------------------
1	3292	2270	1022
2	3087	2116	971
3	2968	2044	924
4	3032	2105	927
5	3001	2099	902
6	3149	2188	961
7	3190	2181	1009
8	3181	2211	970
9	3123	2187	936
10	2952	2005	947
11	2880	1971	909
12	2989	2099	890
13	3091	2229	862
14	3169	2194	975
15	3043	2039	1004
16	3107	2140	967
17	3095	2176	919
18	3063	2107	956
19	2856	1926	930
20	2958	2002	956
21	3177	2159	1018
22	3065	2077	988
23	2956	2013	943
24	3021	2131	890
25	3088	2168	920
26	3039	2058	981
27	2843	1903	940
28	2910	1972	938
29	3012	2072	940
30	3052	2063	989
31	3042	1997	1045
32	3117	2089	1028
33	3060	2100	960
34	2971	2012	959
35	3098	2087	1011
36	3153	2155	998
37	3143	2153	990
38	3069	2068	1001
39	2903	1954	949
40	3012	2025	987
41	3142	2114	1028
42	2975	1998	977
43	2925	1945	980
44	3086	2051	1035
45	3201	2199	1002
46	3144	2142	1002
47	3015	2041	974
48	3012	2047	965
49	3171	2151	1020
50	3234	2186	1048
51	3191	2143	1048
52	3194	2127	1067
53	3349	2234	1115
54	3100	2052	1048
55	2837	1875	962
56	3098	2058	1040
57	3365	2280	1085
58	3104	2054	1050
59	2928	1922	1006
60	3157	2063	1094
61	3355	2243	1112
62	3261	2164	1097
63	3064	2021	1043
64	3113	2109	1004
65	3232	2182	1050
66	3131	2090	1041
67	3055	1992	1063
68	3150	2051	1099
69	3099	2063	1036
70	3048	1976	1072
71	3152	2063	1089
72	3446	2306	1140
73	3337	2208	1129
74	3114	2047	1067
75	2891	1906	985
76	3006	2013	993
77	3205	2144	1061
78	3170	2082	1088
79	3132	2072	1060
80	3155	2128	1027
81	3271	2190	1081
82	3057	2011	1046
83	3085	2009	1076
84	3180	2097	1083
85	3214	2181	1033
86	3135	2098	1037
87	3074	2044	1030
88	3194	2110	1084
89	3351	2187	1164
90	3216	2098	1118
91	3378	2177	1201
92	3455	2279	1176
93	3222	2130	1092
94	3064	2024	1040
95	3040	1960	1080
96	3281	2140	1141
97	3366	2264	1102
98	3267	2123	1144
99	3168	2050	1118
100	3175	2087	1088
101	3238	2148	1090
102	3297	2098	1199
103	3209	2061	1148
104	3438	2265	1173
105	3477	2350	1127
106	3341	2206	1135
107	3209	2063	1146
108	3326	2158	1168
109	3386	2221	1165
110	3197	2111	1086
111	3364	2180	1184
112	3430	2219	1211
113	3338	2120	1218
114	3354	2096	1258
115	3236	2086	1150
116	3276	2138	1138
117	3442	2219	1223
118	3190	2070	1120
119	3115	1995	1120
120	3225	2083	1142
121	3268	2129	1139
122	3171	2053	1118
123	3129	1936	1193
124	3185	2038	1147
125	3217	2099	1118
126	3230	2078	1152
127	3282	2113	1169
128	3573	2384	1189
129	3539	2322	1217
130	3324	2133	1191
131	3198	2017	1181
132	3393	2189	1204
133	3378	2193	1185
134	3184	1992	1192
135	3170	2010	1160
136	3402	2176	1226
137	3432	2223	1209
138	3283	2091	1192
139	3283	2096	1187
140	3237	2061	1176
141	3273	2109	1164
142	3370	2162	1208
143	3286	2085	1201
144	3363	2154	1209
145	3353	2139	1214
146	3393	2160	1233
147	3296	2084	1212
148	3286	2075	1211
149	3473	2253	1220
150	3464	2220	1244
151	3276	2036	1240
152	3482	2212	1270
153	3533	2287	1246
154	3528	2212	1316
155	3461	2156	1305
156	3502	2290	1212
157	3358	2200	1158
158	3211	2042	1169
159	3216	2020	1196
160	3460	2178	1282
161	3529	2231	1298
162	3300	2099	1201
163	3297	2099	1198
164	3509	2268	1241
165	3516	2255	1261
166	3394	2151	1243
167	3318	2068	1250
168	3361	2150	1211
169	3465	2214	1251
170	3356	2131	1225
171	3369	2107	1262
172	3426	2198	1228
173	3463	2230	1233
174	3268	2057	1211
175	3326	2050	1276
176	3383	2112	1271
177	3429	2157	1272
178	3331	2075	1256
179	3333	2075	1258
180	3561	2265	1296
181	3557	2267	1290
182	3517	2185	1332
183	3286	1994	1292
184	3333	2102	1231
185	3485	2187	1298
186	3413	2071	1342
187	3276	1982	1294
188	3375	2081	1294
189	3564	2226	1338
190	3517	2222	1295
191	3547	2135	1412
192	3702	2245	1457
193	3597	2227	1370
194	3327	2107	1220
195	3334	2043	1291
196	3485	2188	1297
197	3504	2218	1286
198	3399	2093	1306
199	3545	2185	1360
200	3573	2236	1337
201	3488	2226	1262
202	3450	2182	1268
203	3314	2061	1253
204	3556	2264	1292
205	3544	2271	1273
206	3439	2110	1329
207	3331	2013	1318
208	3371	2062	1309
209	3580	2238	1342
210	3564	2182	1382
211	3385	2050	1335
212	3655	2293	1362
213	3563	2250	1313
214	3404	2096	1308
215	3336	2020	1316
216	3574	2237	1337
217	3689	2308	1381
218	3434	2053	1381
219	3480	2074	1406
220	3705	2330	1375
221	3589	2292	1297
222	3461	2151	1310
223	3430	2054	1376
224	3445	2148	1297
225	3768	2358	1410
226	3512	2141	1371
227	3492	2116	1376
228	3679	2261	1418
229	3746	2321	1425
230	3471	2141	1330
231	3333	2045	1288
232	3559	2205	1354
233	3835	2417	1418
234	3721	2271	1450
235	3534	2104	1430
236	3557	2137	1420
237	3667	2231	1436
238	3554	2143	1411
239	3462	2079	1383
240	3636	2193	1443
241	3889	2361	1528
242	3739	2238	1501
243	3734	2216	1518
244	3660	2226	1434
245	3603	2205	1398
246	3576	2139	1437
247	3556	2074	1482
248	3757	2233	1524
249	3825	2339	1486
250	3662	2195	1467
251	3523	2024	1499
252	3733	2227	1506
253	3690	2252	1438
254	3700	2209	1491
255	3723	2151	1572
256	3739	2214	1525
257	3722	2219	1503
258	3526	2049	1477
259	3528	2031	1497
260	3616	2137	1479
261	3673	2199	1474
262	3797	2243	1554
263	3688	2116	1572
264	3784	2250	1534
265	3692	2173	1519
266	3650	2120	1530
267	3602	2068	1534
268	3820	2285	1535
269	3887	2313	1574
270	3846	2231	1615
271	3894	2311	1583
272	3808	2253	1555
273	3672	2161	1511
274	3657	2123	1534
275	3802	2153	1649
276	3812	2200	1612
277	3681	2155	1526
278	3665	2098	1567
279	3653	2059	1594
280	3701	2124	1577
281	3740	2166	1574
282	3697	2114	1583
283	3701	2120	1581
284	3850	2281	1569
285	3976	2306	1670
286	3750	2075	1675
287	3574	1993	1581
288	3828	2218	1610
289	3989	2354	1635
290	3965	2285	1680
291	3733	2106	1627
292	3725	2144	1581
293	3816	2245	1571
294	3707	2115	1592
295	3625	2044	1581
296	3744	2161	1583
297	3742	2174	1568
298	3717	2122	1595
299	3684	2064	1620
300	3747	2160	1587
301	3779	2216	1563
302	3692	2076	1616
303	3717	2073	1644
304	3746	2175	1571
305	3779	2206	1573
306	3814	2183	1631
307	3718	2109	1609
308	3795	2141	1654
309	4075	2356	1719
310	3808	2144	1664
311	3667	1992	1675
312	3858	2106	1752
313	3952	2237	1715
314	4010	2280	1730
315	3891	2195	1696
316	3907	2240	1667
317	3859	2184	1675
318	3805	2118	1687
319	3817	2118	1699
320	3927	2189	1738
321	3934	2236	1698
322	3959	2205	1754
323	3837	2113	1724
324	3837	2157	1680
325	3888	2204	1684
326	3820	2084	1736
327	3723	2043	1680
328	3989	2243	1746
329	4108	2318	1790
330	3874	2181	1693
331	3649	2031	1618
332	3926	2238	1688
333	4619	2790	1829
334	4181	2433	1748
335	3969	2197	1772
336	4101	2356	1745
337	4080	2323	1757
338	3937	2147	1790
339	3888	2142	1746
340	3975	2240	1735
341	4042	2279	1763
342	4060	2257	1803
343	3929	2169	1760
344	3943	2154	1789
345	4141	2262	1879
346	4174	2242	1932
347	3858	2060	1798
348	3855	2138	1717
349	3923	2195	1728
350	3897	2161	1736
351	3937	2173	1764
352	4207	2417	1790
353	4039	2332	1707
354	3841	2099	1742
355	3865	2095	1770
356	3992	2210	1782
357	3991	2248	1743
358	3972	2193	1779
359	3834	2052	1782
360	3953	2136	1817
361	4052	2230	1822
362	4050	2241	1809
363	3928	2138	1790
364	3878	2126	1752
365	3908	2155	1753
366	3865	2074	1791
367	3795	1984	1811
368	4115	2229	1886
369	4181	2346	1835
370	4055	2246	1809
371	3987	2164	1823
372	4140	2261	1879
373	4149	2278	1871
374	4009	2154	1855
375	4094	2184	1910
376	4104	2259	1845
377	4145	2302	1843
378	4116	2250	1866
379	3957	2097	1860
380	4103	2273	1830
381	4097	2282	1815
382	4056	2205	1851
383	3922	2076	1846
384	4105	2244	1861
385	4185	2311	1874
386	4042	2190	1852
387	4036	2158	1878
388	4232	2340	1892
389	4320	2421	1899
390	4098	2228	1870
391	3973	2169	1804
392	4169	2281	1888
393	4073	2201	1872
394	4001	2274	1727
395	3948	2171	1777
396	3945	2155	1790
397	4014	2205	1809
398	4077	2158	1919
399	4004	2077	1927
400	4165	2225	1940
401	4119	2282	1837
402	3951	2141	1810
403	3987	2110	1877
404	4344	2337	2007
405	4254	2301	1953
406	4311	2399	1912
407	4104	2211	1893
408	4186	2285	1901
409	4088	2216	1872
410	3902	2073	1829
411	3978	2121	1857
412	4091	2209	1882
413	4082	2246	1836
414	4086	2190	1896
415	4006	2111	1895
416	4156	2255	1901
417	4113	2255	1858
418	3925	2093	1832
419	3837	2011	1826
420	4041	2126	1915
421	4069	2151	1918
422	3905	2083	1822
423	4184	2287	1897
424	4231	2313	1918
425	4170	2305	1865
426	3967	2060	1907
427	3882	1955	1927
428	4081	2199	1882
429	4431	2506	1925
430	4122	2261	1861
431	3972	2116	1856
432	4147	2306	1841
433	4318	2413	1905
434	4097	2174	1923
435	3954	2011	1943
436	4208	2298	1910
437	4214	2382	1832
438	3920	2126	1794
439	3844	2036	1808
440	4114	2277	1837
441	4166	2283	1883
442	3899	2021	1878
443	3994	2041	1953
444	4162	2240	1922
445	4313	2400	1913
446	4130	2214	1916
447	3989	2083	1906
448	4245	2331	1914
449	4358	2441	1917
450	4251	2258	1993
451	4085	2040	2045
452	4162	2208	1954
453	4256	2325	1931
454	4057	2178	1879
455	3951	2077	1874
456	4102	2235	1867
457	4335	2393	1942
458	4123	2170	1953
459	4074	2079	1995
460	4326	2340	1986
461	4335	2392	1943
462	4208	2230	1978
463	3923	1990	1933
464	4065	2155	1910
465	4279	2304	1975
466	4021	2071	1950
467	3909	1980	1929
468	4179	2246	1933
469	4371	2450	1921
470	4314	2344	1970
471	4039	2082	1957
472	4127	2211	1916
473	4284	2408	1876
474	4105	2226	1879
475	3880	1984	1896
476	4061	2156	1905
477	4253	2335	1918
478	4172	2212	1960
479	3844	2002	1842
480	4188	2247	1941
481	4407	2410	1997
482	4340	2347	1993
483	4154	2140	2014
484	4270	2247	2023
485	4287	2300	1987
486	4073	2144	1929
487	3858	1942	1916
488	4148	2208	1940
489	4314	2347	1967
490	4055	2082	1973
491	3873	1955	1918
492	4184	2259	1925
493	4333	2397	1936
494	4076	2161	1915
495	4107	2135	1972
496	4345	2339	2006
497	4355	2313	2042
498	4077	2131	1946
499	3895	1967	1928
500	4076	2202	1874
501	4289	2386	1903
502	4085	2139	1946
503	4061	2037	2024
504	4274	2264	2010
505	4245	2324	1921
506	4192	2251	1941
507	4077	2113	1964
508	4412	2380	2032
509	4510	2516	1994
510	4242	2279	1963
511	4082	2036	2046
512	4186	2281	1905
513	4327	2406	1921
514	4280	2275	2005
515	4287	2237	2050
516	4346	2312	2034
517	4320	2282	2038
518	4172	2160	2012
519	4161	2159	2002
520	4372	2387	1985
521	4364	2383	1981
522	4265	2237	2028
523	4238	2199	2039
524	4297	2307	1990
525	4414	2456	1958
526	4180	2197	1983
527	3929	1973	1956
528	4235	2235	2000
529	4367	2369	1998
530	4227	2143	2084
531	4003	1942	2061
532	4143	2162	1981
533	4261	2313	1948
534	4123	2173	1950
535	4916	2828	2088
536	4803	2717	2086
537	4403	2375	2028
538	4180	2168	2012
539	4010	2028	1982
540	4141	2178	1963
541	4415	2370	2045
542	4130	2162	1968
543	3916	1950	1966
544	4232	2234	1998
545	4394	2429	1965
546	4176	2188	1988
547	4074	2073	2001
548	4301	2312	1989
549	4561	2563	1998
550	4206	2222	1984
551	3953	2000	1953
552	4551	2520	2031
553	4608	2522	2086
554	4342	2302	2040
555	4164	2104	2060
556	4217	2268	1949
557	4247	2289	1958
558	4105	2069	2036
559	4049	2025	2024
560	4230	2214	2016
561	4636	2544	2092
562	4300	2238	2062
563	4009	1980	2029
564	4252	2236	2016
565	4445	2398	2047
566	4257	2184	2073
567	4086	2073	2013
568	4227	2285	1942
569	4345	2371	1974
570	4115	2136	1979
571	3984	1980	2004
572	4254	2241	2013
573	4334	2338	1996
574	4149	2131	2018
575	3917	1973	1944
576	4260	2202	2058
577	4340	2354	1986
578	4221	2198	2023
579	4129	2127	2002
580	4308	2321	1987
581	4450	2396	2054
582	4136	2157	1979
583	3951	1947	2004
584	4173	2172	2001
585	4274	2245	2029
586	4264	2208	2056
587	4078	2082	1996
588	4290	2260	2030
589	4430	2363	2067
590	4262	2189	2073
591	3997	2024	1973
592	4115	2151	1964
593	4222	2296	1926
594	3988	2036	1952
595	3970	1940	2030
596	4150	2161	1989
597	4347	2336	2011
598	4335	2267	2068
599	4151	2058	2093
600	4320	2229	2091
601	4369	2317	2052
602	4195	2196	1999
603	4078	2083	1995
604	4238	2193	2045
605	4266	2260	2006
606	4082	2101	1981
607	4022	1994	2028
608	4324	2273	2051
609	4349	2294	2055
610	4238	2141	2097
611	4146	2079	2067
612	4196	2242	1954
613	4383	2313	2070
614	4316	2229	2087
615	4110	2064	2046
616	4322	2240	2082
617	4482	2361	2121
618	4179	2113	2066
619	3974	2028	1946
620	4501	2443	2058
621	4484	2439	2045
622	4195	2189	2006
623	4130	2065	2065
624	4298	2217	2081
625	4400	2315	2085
626	4181	2175	2006
627	4018	2054	1964
628	4340	2311	2029
629	4446	2363	2083
630	4303	2176	2127
631	4098	2014	2084
632	4367	2250	2117
633	4614	2414	2200
634	4577	2380	2197
635	4275	2148	2127
636	4519	2372	2147
637	4488	2359	2129
638	4271	2174	2097
639	4148	2036	2112
640	4342	2214	2128
641	4406	2264	2142
642	4131	2039	2092
643	4139	2004	2135
644	4285	2186	2099
645	4458	2322	2136
646	4571	2373	2198
647	4385	2205	2180
648	4472	2321	2151
649	4517	2368	2149
650	4169	2042	2127
651	4071	1938	2133
652	4486	2300	2186
653	4530	2407	2123
654	4315	2197	2118
655	4133	2037	2096
656	4389	2181	2208
657	4448	2287	2161
658	4299	2169	2130
659	4134	1977	2157
660	4337	2136	2201
661	4618	2392	2226
662	4380	2214	2166
663	4037	1978	2059
664	4192	2122	2070
665	4406	2256	2150
666	4151	2066	2085
667	4068	2019	2049
668	4329	2229	2100
669	4414	2270	2144
670	4266	2097	2169
671	4115	1977	2138
672	4313	2234	2079
673	4571	2385	2186
674	4504	2258	2246
675	4310	2093	2217
676	4454	2204	2250
677	4483	2270	2213
678	4284	2115	2169
679	4330	2087	2243
680	4485	2237	2248
681	4443	2239	2204
682	4363	2148	2215
683	4184	1994	2190
684	4548	2302	2246
685	4718	2456	2262
686	4437	2169	2268
687	4369	2069	2300
688	4390	2219	2171
689	4499	2317	2182
690	4467	2189	2278
691	4374	2089	2285
692	4472	2251	2221
693	4646	2386	2260
694	4367	2103	2264
695	4309	2007	2302
696	4463	2159	2304
697	4507	2215	2292
698	4427	2130	2297
699	4342	2041	2301
700	4934	2502	2432
701	4898	2479	2419
702	4491	2170	2321
703	4306	2041	2265
704	4660	2369	2291
705	4704	2435	2269
706	4613	2281	2332
707	4420	2064	2356
708	4528	2237	2291
709	4682	2378	2304
710	4416	2112	2304
711	4277	1996	2281
712	4706	2353	2353
713	4868	2488	2380
714	4473	2108	2365
715	4308	2022	2286
716	4603	2301	2302
717	4755	2382	2373
718	4596	2246	2350
719	4443	2076	2367
720	4499	2193	2306
721	4635	2297	2338
722	4713	2288	2425
723	4526	2101	2425
724	4673	2248	2425
725	4816	2430	2386
726	4549	2209	2340
727	4403	2034	2369
728	4560	2197	2363
729	4631	2290	2341
730	4541	2152	2389
731	4408	2002	2406
732	4857	2428	2429
733	4953	2472	2481
734	4728	2216	2512
735	4590	2097	2493
736	4763	2303	2460
737	4796	2366	2430
738	4706	2232	2474
739	4548	2096	2452
740	4942	2402	2540
741	4968	2465	2503
742	4628	2136	2492
743	4473	2003	2470
744	4730	2263	2467
745	4795	2346	2449
746	4628	2237	2391
747	4458	2053	2405
748	4681	2230	2451
749	4845	2330	2515
750	4651	2158	2493
751	4516	2079	2437
752	4787	2301	2486
753	4838	2350	2488
754	4605	2113	2492
755	4378	1929	2449
756	4686	2268	2418
757	4989	2462	2527
758	4821	2261	2560
759	4594	2077	2517
760	4764	2230	2534
761	4934	2365	2569
762	4687	2155	2532
763	4640	2057	2583
764	4858	2251	2607
765	4924	2310	2614
766	4688	2110	2578
767	4650	2012	2638
768	5044	2357	2687
769	5115	2476	2639
770	4801	2157	2644
771	4703	2061	2642
772	4876	2235	2641
773	5045	2364	2681
774	4862	2176	2686
775	4649	2017	2632
776	5356	2673	2683
777	5393	2648	2745
778	4863	2183	2680
779	4750	2088	2662
780	5079	2334	2745
781	5235	2479	2756
782	5013	2263	2750
783	4790	2054	2736
784	4913	2209	2704
785	4926	2264	2662
786	4919	2237	2682
787	4806	2095	2711
788	5017	2268	2749
789	5055	2311	2744
790	4807	2060	2747
791	4669	1961	2708
792	5005	2306	2699
793	5363	2531	2832
794	4978	2215	2763
795	4667	1987	2680
796	4988	2278	2710
797	5084	2364	2720
798	4810	2086	2724
799	4926	2136	2790
800	5145	2349	2796
801	5164	2380	2784
802	4935	2158	2777
803	4762	2017	2745
804	5077	2271	2806
805	5166	2389	2777
806	4931	2143	2788
807	4748	2025	2723
808	5131	2376	2755
809	5268	2443	2825
810	5028	2247	2781
811	5035	2228	2807
812	5246	2383	2863
813	5264	2444	2820
814	5114	2350	2764
815	4953	2158	2795
816	5264	2439	2825
817	5244	2442	2802
818	4958	2182	2776
819	4910	2140	2770
820	5119	2294	2825
821	5177	2343	2834
822	5298	2424	2874
823	5150	2264	2886
824	5187	2291	2896
825	5186	2317	2869
826	4957	2179	2778
827	4945	2162	2783
828	5170	2371	2799
829	5395	2492	2903
830	5017	2187	2830
831	4870	2055	2815
832	5129	2231	2898
833	5151	2336	2815
834	4990	2182	2808
835	4917	2062	2855
836	5257	2396	2861
837	5323	2479	2844
838	5023	2170	2853
839	4913	2047	2866
840	5224	2303	2921
841	5228	2346	2882
842	4974	2140	2834
843	4786	1993	2793
844	5118	2269	2849
845	5433	2529	2904
846	5216	2288	2928
847	5013	2114	2899
848	5221	2279	2942
849	5298	2333	2965
850	5171	2247	2924
851	5130	2189	2941
852	5175	2294	2881
853	5299	2402	2897
854	5124	2237	2887
855	4906	2063	2843
856	5156	2313	2843
857	5268	2366	2902
858	5151	2193	2958
859	5022	2015	3007
860	5124	2241	2883
861	5212	2361	2851
862	5073	2174	2899
863	4934	2015	2919
864	5038	2192	2846
865	5320	2400	2920
866	5112	2254	2858
867	4882	2048	2834
868	5114	2213	2901
869	5403	2423	2980
870	5167	2277	2890
871	4974	2055	2919
872	5137	2203	2934
873	5222	2304	2918
874	5053	2158	2895
875	4937	2098	2839
876	5144	2276	2868
877	5300	2378	2922
878	5067	2197	2870
879	4833	2065	2768
880	5099	2272	2827
881	5295	2375	2920
882	5118	2259	2859
883	4878	2057	2821
884	5119	2274	2845
885	5239	2417	2822
886	5021	2185	2836
887	4912	2050	2862
888	5078	2152	2926
889	5187	2246	2941
890	5311	2316	2995
891	5143	2163	2980
892	5207	2285	2922
893	5306	2383	2923
894	5185	2217	2968
895	5107	2105	3002
896	5285	2267	3018
897	5329	2295	3034
898	5283	2244	3039
899	5099	2086	3013
900	5274	2261	3013
901	5334	2308	3026
902	5132	2185	2947
903	5108	2126	2982
904	5394	2394	3000
905	5330	2359	2971
906	5136	2196	2940
907	4940	2045	2895
908	5267	2319	2948
909	5445	2477	2968
910	5165	2189	2976
911	5057	1983	3074
912	5159	2174	2985
913	5248	2309	2939
914	5106	2166	2940
915	4960	2006	2954
916	5245	2232	3013
917	5351	2399	2952
918	5142	2176	2966
919	5051	2078	2973
920	5229	2253	2976
921	5282	2339	2943
922	5053	2146	2907
923	4933	1959	2974
924	5085	2106	2979
925	5307	2306	3001
926	5122	2138	2984
927	5045	2014	3031
928	5232	2251	2981
929	5407	2423	2984
930	5186	2203	2983
931	5050	2053	2997
932	5164	2252	2912
933	5438	2448	2990
934	5197	2220	2977
935	4943	1982	2961
936	5101	2177	2924
937	5243	2313	2930
938	5047	2104	2943
939	5447	2395	3052
940	5502	2479	3023
941	5631	2596	3035
942	5209	2206	3003
943	4864	1908	2956
944	5184	2213	2971
945	5440	2408	3032
946	5148	2194	2954
947	5114	2101	3013
948	5177	2264	2913
949	5262	2379	2883
950	5332	2338	2994
951	5232	2207	3025
952	5202	2303	2899
953	5248	2359	2889
954	5146	2210	2936
955	5154	2140	3014
956	5321	2335	2986
957	5660	2619	3041
958	5254	2238	3016
959	5040	2082	2958
960	5323	2326	2997
961	5343	2406	2937
962	5293	2281	3012
963	5366	2307	3059
964	5702	2615	3087
965	5528	2444	3084
966	5041	2087	2954
967	4922	2036	2886
968	5350	2373	2977
969	5383	2373	3010
970	5173	2167	3006
971	5090	2085	3005
972	5138	2162	2976
973	5275	2327	2948
974	5285	2229	3056
975	5002	2064	2938
976	5260	2278	2982
977	5376	2298	3078
978	5115	2115	3000
979	5114	2122	2992
980	5377	2330	3047
981	5403	2385	3018
982	5135	2166	2969
983	5149	2082	3067
984	5416	2324	3092
985	5412	2351	3061
986	5300	2240	3060
987	5178	2102	3076
988	5361	2282	3079
989	5361	2368	2993
990	5180	2125	3055
991	5106	2029	3077
992	5392	2332	3060
993	5549	2435	3114
994	5295	2174	3121
995	5084	2026	3058
996	5374	2292	3082
997	5521	2364	3157
998	5205	2148	3057
999	5151	2148	3003
1000	5315	2266	3049
1001	5324	2289	3035
1002	5214	2129	3085
1003	5091	2008	3083
1004	5411	2309	3102
1005	5472	2390	3082
1006	5206	2123	3083
1007	5091	2027	3064
1008	5296	2274	3022
1009	5487	2405	3082
1010	5649	2462	3187
1011	5403	2244	3159
1012	5315	2226	3089
1013	5781	2543	3238
1014	5365	2250	3115
1015	5155	2041	3114
1016	5388	2255	3133
1017	5490	2340	3150
1018	5421	2206	3215
1019	5271	2031	3240
1020	5480	2273	3207
1021	5603	2397	3206
1022	5557	2303	3254
1023	5540	2200	3340
1024	5559	2305	3254
1025	5493	2331	3162
1026	5349	2126	3223
1027	5204	2052	3152
1028	5585	2383	3202
1029	5568	2395	3173
1030	5515	2251	3264
1031	5450	2148	3302
1032	5607	2265	3342
1033	5659	2331	3328
1034	5533	2236	3297
1035	5405	2107	3298
1036	5516	2216	3300
1037	5798	2421	3377
1038	5770	2357	3413
1039	5609	2218	3391
1040	5619	2339	3280
1041	5755	2440	3315
1042	5551	2241	3310
1043	5311	2065	3246
1044	5385	2094	3291
1045	5739	2420	3319
1046	5550	2280	3270
1047	5390	2060	3330
1048	5651	2320	3331
1049	5835	2457	3378
1050	5656	2253	3403
1051	5457	2133	3324
1052	5811	2474	3337
1053	5844	2467	3377
1054	6133	2739	3394
1055	5719	2347	3372
1056	5603	2236	3367
1057	5787	2416	3371
1058	5555	2248	3307
1059	5344	2045	3299
1060	5602	2287	3315
1061	5757	2397	3360
1062	5478	2158	3320
1063	5438	2132	3306
1064	5574	2267	3307
1065	5651	2370	3281
1066	5518	2211	3307
1067	5409	2044	3365
1068	5781	2345	3436
1069	5750	2386	3364
1070	5750	2248	3502
1071	5636	2140	3496
1072	5670	2192	3478
1073	5930	2384	3546
1074	5863	2263	3600
1075	5541	2022	3519
1076	5827	2334	3493
1077	5924	2415	3509
1078	5739	2186	3553
1079	5687	2158	3529
1080	5980	2417	3563
1081	5963	2383	3580
1082	5883	2225	3658
1083	5707	2064	3643
1084	5803	2238	3565
1085	5794	2251	3543
1086	5711	2166	3545
1087	5620	2074	3546
1088	5796	2271	3525
1089	6001	2372	3629
1090	5885	2176	3709
1091	5870	2166	3704
1092	6073	2376	3697
1093	6167	2412	3755
1094	5916	2178	3738
1095	5725	2024	3701
1096	5825	2213	3612
1097	6019	2393	3626
1098	5833	2238	3595
1099	5560	2034	3526
1100	5688	2121	3567
1101	6031	2381	3650
1102	5852	2219	3633
1103	5706	2093	3613
1104	5928	2275	3653
1105	6000	2306	3694
1106	5828	2126	3702
1107	5761	2045	3716
1108	6005	2218	3787
1109	6045	2274	3771
1110	5877	2117	3760
1111	6057	2210	3847
1112	6167	2375	3792
1113	6261	2419	3842
1114	5890	2188	3702
1115	5717	2008	3709
1116	5843	2148	3695
1117	6062	2279	3783
1118	6045	2255	3790
1119	5902	2114	3788
1120	6093	2211	3882
1121	6112	2272	3840
1122	6108	2241	3867
1123	6187	2161	4026
1124	6411	2421	3990
1125	6444	2422	4022
1126	6053	2134	3919
1127	5952	2017	3935
1128	6198	2213	3985
1129	6305	2265	4040
1130	6129	2083	4046
1131	6120	2030	4090
1132	6231	2202	4029
1133	6455	2350	4105
1134	6211	2147	4064
1135	5990	2014	3976
1136	6404	2348	4056
1137	6478	2436	4042
1138	6254	2194	4060
1139	6182	2072	4110
1140	6361	2286	4075
1141	6427	2313	4114
1142	6340	2208	4132
1143	6450	2236	4214
1144	6607	2341	4266
1145	6490	2322	4168
1146	6389	2219	4170
1147	6272	2066	4206
1148	6411	2198	4213
1149	6436	2295	4141
1150	6258	2112	4146
1151	6530	2229	4301
1152	6604	2258	4346
1153	6666	2297	4369
1154	6489	2198	4291
1155	6458	2114	4344
1156	6629	2273	4356
1157	6949	2557	4392
1158	6582	2252	4330
1159	6376	2035	4341
1160	6692	2354	4338
1161	6711	2420	4291
1162	6578	2175	4403
1163	6555	2094	4461
1164	6690	2237	4453
1165	6792	2392	4400
1166	6637	2229	4408
1167	6635	2091	4544
1168	7010	2368	4642
1169	6981	2397	4584
1170	6734	2122	4612
1171	6916	2291	4625
1172	7081	2526	4555
1173	7056	2493	4563
1174	6759	2218	4541
1175	6601	2044	4557
1176	6832	2264	4568
1177	6991	2330	4661
1178	6809	2166	4643
1179	6580	1969	4611
1180	6841	2129	4712
1181	7062	2350	4712
1182	6932	2175	4757
1183	6777	2031	4746
1184	6950	2261	4689
1185	6996	2301	4695
1186	6849	2165	4684
1187	6773	2025	4748
1188	7009	2117	4892
1189	7089	2300	4789
1190	6996	2216	4780
1191	6840	2052	4788
1192	7044	2265	4779
1193	7156	2345	4811
1194	6983	2102	4881
1195	6929	1992	4937
1196	7028	2174	4854
1197	7245	2347	4898
1198	7160	2164	4996
1199	7113	2134	4979
1200	7424	2452	4972
1201	7481	2518	4963
1202	7098	2153	4945
1203	7073	2086	4987
1204	7360	2336	5024
1205	7615	2526	5089
1206	7390	2241	5149
1207	7150	2053	5097
1208	7214	2160	5054
1209	7317	2290	5027
1210	7211	2208	5003
1211	7226	2122	5104
1212	7354	2253	5101
1213	7444	2360	5084
1214	7231	2188	5043
1215	7154	2069	5085
1216	7310	2219	5091
1217	7435	2355	5080
1218	7290	2218	5072
1219	7224	2091	5133
1220	7479	2283	5196
1221	7586	2369	5217
1222	7525	2212	5313
1223	7374	2069	5305
1224	7564	2226	5338
1225	7630	2297	5333
1226	7431	2102	5329
1227	7266	1948	5318
1228	7686	2346	5340
1229	7769	2439	5330
1230	7550	2197	5353
1231	7450	2083	5367
1232	7683	2292	5391
1233	7727	2317	5410
1234	7525	2155	5370
1235	7466	2086	5380
1236	7794	2326	5468
1237	7964	2387	5577
1238	7638	2157	5481
1239	7455	1943	5512
1240	7787	2227	5560
1241	7929	2458	5471
1242	7751	2173	5578
1243	7615	2019	5596
1244	7853	2252	5601
1245	8058	2406	5652
1246	7843	2162	5681
1247	7826	2099	5727
1248	7956	2310	5646
1249	7996	2346	5650
1250	7842	2137	5705
1251	7760	2105	5655
1252	7931	2246	5685
1253	7918	2259	5659
1254	7825	2157	5668
1255	7880	2107	5773
1256	8115	2345	5770
1257	8146	2346	5800
1258	7897	2107	5790
1259	7766	2002	5764
1260	7969	2209	5760
1261	8221	2279	5942
1262	8302	2356	5946
1263	7935	2140	5795
1264	8136	2270	5866
1265	8278	2306	5972
1266	8126	2172	5954
1267	8065	2077	5988
1268	8245	2265	5980
1269	8283	2360	5923
1270	8027	2090	5937
1271	8007	2018	5989
1272	8897	2800	6097
1273	8730	2613	6117
1274	8363	2199	6164
1275	8220	2020	6200
1276	8363	2170	6193
1277	8554	2318	6236
1278	8323	2147	6176
1279	8256	2074	6182
1280	8577	2336	6241
1281	8657	2322	6335
1282	8546	2231	6315
1283	8436	2074	6362
1284	8624	2231	6393
1285	8636	2338	6298
1286	8407	2148	6259
1287	8410	2081	6329
1288	8689	2294	6395
1289	8819	2413	6406
1290	8605	2223	6382
1291	8531	2090	6441
1292	8846	2336	6510
1293	8821	2376	6445
1294	8587	2080	6507
1295	8448	1955	6493
1296	9193	2609	6584
1297	9328	2672	6656
1298	8816	2230	6586
1299	8786	2150	6636
1300	8950	2297	6653
1301	9093	2380	6713
1302	8943	2168	6775
1303	8723	2037	6686
1304	9088	2322	6766
1305	9277	2461	6816
1306	9085	2209	6876
1307	9105	2127	6978
1308	9336	2318	7018
1309	9505	2473	7032
1310	9249	2231	7018
1311	9142	2073	7069
1312	9407	2328	7079
1313	9403	2314	7089
1314	9381	2227	7154
1315	9300	2166	7134
1316	9514	2337	7177
1317	9630	2354	7276
1318	9429	2142	7287
1319	9203	2012	7191
1320	9455	2251	7204
1321	9794	2486	7308
1322	9511	2199	7312
1323	9215	1991	7224
1324	9461	2188	7273
1325	9543	2234	7309
1326	9486	2101	7385
1327	9444	1996	7448
1328	9715	2259	7456
1329	9988	2421	7567
1330	9664	2224	7440
1331	9354	2001	7353
1332	9583	2165	7418
1333	9894	2371	7523
1334	9723	2163	7560
1335	9645	2014	7631
1336	9853	2263	7590
1337	9930	2353	7577
1338	9889	2162	7727
1339	9697	2013	7684
1340	9897	2250	7647
1341	10126	2383	7743
1342	9894	2153	7741
1343	9701	2021	7680
1344	9890	2208	7682
1345	10134	2338	7796
1346	10158	2301	7857
1347	9901	2147	7754
1348	9990	2204	7786
1349	10002	2270	7732
1350	9922	2116	7806
1351	9748	1973	7775
1352	10325	2397	7928
1353	10378	2408	7970
1354	10075	2075	8000
1355	10059	2037	8022
1356	10234	2233	8001
1357	10346	2295	8051
1358	10397	2268	8129
1359	10514	2216	8298
1360	10581	2270	8311
1361	10517	2333	8184
1362	10322	2169	8153
1363	10218	2027	8191
1364	10499	2304	8195
1365	10685	2417	8268
1366	10561	2244	8317
1367	10415	2075	8340
1368	10634	2308	8326
1369	10753	2392	8361
1370	10523	2208	8315
1371	10341	2066	8275
1372	10718	2287	8431
1373	10839	2466	8373
1374	10635	2257	8378
1375	10491	2075	8416
1376	10643	2257	8386
1377	10750	2282	8468
1378	10699	2197	8502
1379	10570	2113	8457
1380	10575	2228	8347
1381	10616	2299	8317
1382	10523	2154	8369
1383	10472	2024	8448
1384	10649	2215	8434
1385	10838	2341	8497
1386	10704	2127	8577
1387	10597	2015	8582
1388	11055	2460	8595
1389	11087	2541	8546
1390	10770	2249	8521
1391	10668	2153	8515
1392	10874	2308	8566
1393	10983	2376	8607
1394	10694	2120	8574
1395	10572	1952	8620
1396	10877	2215	8662
1397	11085	2396	8689
1398	10913	2165	8748
1399	10891	2139	8752
1400	11019	2307	8712
1401	11069	2360	8709
1402	10813	2148	8665
1403	10806	2110	8696
1404	11141	2250	8891
1405	11212	2318	8894
1406	11054	2107	8947
1407	10930	2024	8906
1408	11047	2128	8919
1409	11303	2305	8998
1410	11136	2198	8938
1411	11047	2039	9008
1412	11183	2176	9007
1413	11338	2341	8997
1414	11330	2225	9105
1415	11209	2150	9059
1416	11325	2295	9030
1417	11455	2349	9106
1418	11537	2293	9244
1419	11291	2164	9127
1420	11433	2233	9200
1421	11603	2367	9236
1422	11313	2148	9165
1423	11302	2065	9237
1424	11593	2403	9190
1425	11712	2454	9258
1426	11510	2129	9381
1427	11362	1983	9379
1428	11744	2319	9425
1429	11775	2344	9431
1430	11543	2108	9435
1431	11396	2034	9362
1432	11643	2249	9394
1433	11779	2392	9387
1434	11627	2180	9447
1435	11568	2084	9484
1436	11924	2443	9481
1437	12032	2512	9520
1438	11614	2223	9391
1439	11549	2140	9409
1440	11953	2446	9507
1441	11837	2397	9440
1442	11446	2109	9337
1443	11411	2021	9390
1444	11856	2329	9527
1445	11833	2358	9475
1446	11525	2080	9445
1447	11508	1978	9530
1448	11696	2217	9479
1449	11749	2286	9463
1450	11655	2206	9449
1451	11542	2063	9479
1452	11709	2201	9508
1453	11718	2214	9504
1454	11424	2004	9420
1455	11395	1985	9410
1456	11631	2296	9335
1457	11673	2331	9342
1458	11404	2121	9283
1459	11235	1959	9276
1460	11594	2261	9333
1461	11744	2397	9347
1462	11422	2118	9304
1463	11420	2110	9310
1464	11540	2232	9308
1465	11517	2280	9237
1466	11602	2298	9304
1467	11292	2135	9157
1468	11535	2327	9208
1469	11827	2436	9391
1470	11552	2195	9357
1471	11294	2025	9269
1472	11529	2253	9276
1473	11547	2302	9245
1474	11370	2161	9209
1475	11282	2042	9240
1476	11571	2298	9273
1477	11743	2417	9326
1478	11381	2154	9227
1479	11320	2062	9258
1480	11444	2214	9230
1481	11557	2285	9272
1482	11515	2200	9315
1483	11500	2154	9346
1484	11691	2336	9355
1485	11775	2445	9330
1486	11724	2338	9386
1487	11621	2159	9462
1488	11693	2245	9448
1489	11731	2284	9447
1490	11548	2101	9447
1491	11768	2242	9526
1492	11795	2353	9442
1493	11616	2291	9325
1494	11475	2064	9411
1495	11530	2018	9512
1496	11753	2318	9435
1497	11764	2305	9459
1498	11661	2103	9558
1499	11457	1994	9463
1500	11632	2222	9410
1501	11758	2355	9403
1502	11513	2151	9362
1503	11426	2062	9364
1504	11565	2304	9261
1505	11779	2456	9323
1506	11640	2200	9440
1507	11372	2012	9360
1508	11496	2105	9391
1509	11859	2439	9420
1510	11542	2179	9363
1511	11336	1972	9364
1512	11501	2251	9250
1513	11654	2405	9249
1514	11642	2301	9341
1515	11309	2114	9195
1516	11491	2322	9169
1517	11621	2394	9227
1518	11530	2252	9278
1519	11294	2053	9241
1520	11429	2274	9155
1521	11711	2465	9246
1522	11602	2315	9287
1523	11252	2068	9184
1524	11218	2134	9084
1525	11436	2270	9166
1526	11370	2206	9164
1527	11225	2044	9181
1528	11316	2166	9150
1529	11416	2247	9169
1530	11236	2107	9129
1531	11176	2136	9040
1532	11347	2296	9051
1533	11261	2306	8955
1534	11232	2175	9057
1535	11245	2154	9091
1536	11312	2210	9102
1537	11387	2299	9088
1538	11449	2300	9149
1539	11303	2184	9119
1540	11435	2368	9067
1541	11388	2379	9009
1542	11409	2361	9048
1543	11436	2322	9114
1544	11366	2292	9074
1545	11235	2247	8988
1546	11034	2061	8973
1547	11025	2033	8992
1548	11218	2243	8975
1549	11319	2313	9006
1550	11163	2150	9013
1551	10896	1977	8919
1552	11199	2319	8880
1553	11410	2463	8947
1554	11026	2154	8872
1555	10851	2036	8815
1556	10986	2200	8786
1557	11286	2400	8886
1558	10827	2116	8711
1559	10790	2015	8775
1560	10975	2189	8786
1561	11247	2367	8880
1562	11083	2203	8880
1563	10828	2081	8747
1564	10972	2246	8726
1565	11033	2315	8718
1566	10798	2139	8659
1567	10787	2042	8745
1568	11394	2508	8886
1569	11344	2518	8826
1570	10775	2146	8629
1571	10570	2057	8513
1572	11777	3058	8719
1573	11467	2799	8668
1574	10606	2133	8473
1575	10579	2062	8517
1576	11120	2509	8611
1577	10849	2439	8410
1578	10617	2207	8410
1579	10727	2216	8511
1580	10684	2302	8382
1581	10695	2346	8349
1582	10551	2127	8424
1583	10413	2033	8380
1584	10525	2122	8403
1585	10614	2239	8375
1586	10481	2171	8310
1587	10297	2067	8230
1588	10549	2220	8329
1589	10692	2381	8311
1590	10388	2170	8218
1591	10190	1989	8201
1592	10437	2234	8203
1593	10415	2261	8154
1594	10269	2120	8149
1595	10394	2194	8200
1596	11015	2696	8319
1597	10698	2516	8182
1598	10331	2152	8179
1599	10277	2026	8251
1600	10420	2244	8176
1601	10439	2249	8190
1602	10290	2207	8083
1603	10232	2145	8087
1604	10413	2260	8153
1605	10388	2272	8116
1606	10264	2125	8139
1607	10294	2095	8199
1608	10489	2274	8215
1609	10393	2256	8137
1610	10298	2083	8215
1611	10191	2013	8178
1612	10518	2271	8247
1613	10534	2307	8227
1614	10424	2220	8204
1615	10177	2033	8144
1616	10481	2270	8211
1617	10640	2351	8289
1618	10532	2306	8226
1619	10452	2183	8269
1620	10562	2339	8223
1621	10523	2390	8133
1622	10188	2134	8054
1623	10169	2042	8127
1624	10634	2442	8192
1625	10596	2469	8127
1626	10331	2191	8140
1627	10262	2054	8208
1628	10701	2492	8209
1629	10776	2581	8195
1630	10229	2218	8011
1631	10028	1995	8033
1632	10348	2306	8042
1633	10430	2322	8108
1634	10263	2166	8097
1635	10078	2055	8023
1636	10334	2212	8122
1637	10413	2242	8171
1638	10101	2081	8020
1639	10072	2059	8013
1640	10470	2437	8033
1641	10513	2474	8039
1642	10284	2254	8030
1643	9970	2024	7946
1644	10083	2165	7918
1645	10217	2255	7962
1646	10189	2163	8026
1647	9903	2027	7876
1648	10149	2276	7873
1649	10200	2355	7845
1650	10079	2121	7958
1651	9980	2017	7963
1652	10141	2259	7882
1653	10196	2327	7869
1654	9933	2061	7872
1655	9959	2007	7952
1656	10050	2175	7875
1657	10088	2188	7900
1658	9985	2117	7868
1659	9903	2056	7847
1660	10149	2347	7802
1661	10490	2551	7939
1662	10185	2251	7934
1663	9966	2063	7903
1664	10114	2282	7832
1665	10239	2343	7896
1666	10058	2205	7853
1667	10049	2147	7902
1668	10140	2264	7876
1669	10065	2311	7754
1670	10021	2189	7832
1671	10012	2143	7869
1672	10123	2273	7850
1673	10272	2308	7964
1674	10055	2139	7916
1675	9801	1986	7815
1676	10124	2191	7933
1677	10307	2302	8005
1678	10093	2173	7920
1679	9869	2052	7817
1680	10213	2358	7855
1681	10287	2458	7829
1682	10048	2202	7846
1683	9892	2014	7878
1684	10250	2324	7926
1685	10423	2361	8062
1686	10061	2076	7985
1687	10061	2102	7959
1688	10189	2248	7941
1689	10120	2261	7859
1690	10065	2155	7910
1691	10021	2074	7947
1692	10226	2336	7890
1693	10208	2333	7875
1694	9918	2066	7852
1695	9848	2042	7806
1696	10076	2237	7839
1697	10210	2314	7896
1698	10048	2162	7886
1699	9993	2089	7904
1700	10292	2376	7916
1701	10473	2466	8007
1702	10100	2141	7959
1703	9979	2063	7916
1704	10090	2210	7880
1705	10203	2312	7891
1706	10047	2129	7918
1707	10062	2072	7990
1708	10276	2344	7932
1709	10372	2505	7867
1710	10231	2361	7870
1711	9969	2130	7839
1712	10207	2292	7915
1713	10459	2412	8047
1714	10220	2185	8035
1715	9927	1974	7953
1716	10236	2193	8043
1717	10324	2306	8018
1718	10128	2158	7970
1719	10067	2093	7974
1720	10284	2338	7946
1721	10233	2343	7890
1722	10200	2160	8040
1723	10129	2043	8086
1724	10320	2302	8018
1725	10402	2405	7997
1726	10173	2173	8000
1727	10118	2048	8070
1728	10198	2082	8116
1729	10390	2320	8070
1730	10173	2142	8031
1731	10109	2064	8045
1732	10292	2251	8041
1733	10370	2257	8113
1734	10116	2084	8032
1735	9969	1949	8020
1736	10228	2124	8104
1737	10549	2349	8200
1738	10478	2275	8203
1739	10333	2099	8234
1740	10543	2237	8306
1741	10485	2307	8178
1742	10301	2191	8110
1743	10195	2101	8094
1744	10278	2223	8055
1745	10454	2265	8189
1746	10311	2116	8195
1747	10401	2092	8309
1748	10482	2240	8242
1749	10517	2309	8208
1750	10416	2116	8300
1751	10242	1960	8282
1752	10340	2179	8161
1753	10572	2349	8223
1754	10430	2187	8243
1755	10200	2007	8193
1756	10432	2250	8182
1757	10619	2339	8280
1758	10417	2144	8273
1759	10245	1993	8252
1760	10458	2183	8275
1761	10545	2227	8318
1762	10398	2138	8260
1763	10284	2017	8267
1764	10598	2287	8311
1765	10656	2379	8277
1766	10387	2114	8273
1767	10370	2032	8338
1768	10509	2155	8354
1769	10559	2246	8313
1770	10409	2155	8254
1771	10533	2132	8401
1772	10780	2307	8473
1773	10857	2430	8427
1774	10780	2337	8443
1775	10467	2098	8369
1776	10571	2229	8342
1777	10786	2289	8497
1778	10547	2060	8487
1779	10402	1953	8449
1780	10650	2130	8520
1781	10729	2246	8483
1782	10703	2244	8459
1783	10579	2097	8482
1784	10637	2126	8511
1785	10925	2362	8563
1786	10826	2249	8577
1787	10517	1998	8519
1788	10730	2225	8505
1789	11005	2359	8646
1790	10908	2239	8669
1791	10641	2057	8584
1792	10712	2142	8570
1793	11030	2371	8659
1794	10727	2126	8601
1795	10558	1983	8575
1796	10864	2252	8612
1797	10977	2338	8639
1798	10878	2241	8637
1799	10884	2159	8725
1800	11090	2333	8757
1801	11048	2324	8724
1802	10665	2066	8599
1803	10650	2004	8646
1804	10880	2185	8695
1805	11251	2514	8737
1806	10956	2213	8743
1807	10736	1967	8769
1808	11031	2214	8817
1809	11021	2188	8833
1810	10940	2083	8857
1811	10960	2017	8943
1812	11010	2118	8892
1813	11280	2394	8886
1814	11239	2299	8940
1815	10944	2067	8877
1816	11262	2351	8911
1817	11318	2450	8868
1818	11095	2248	8847
1819	10843	2030	8813
1820	10988	2136	8852
1821	11156	2241	8915
1822	11056	2161	8895
1823	10829	1999	8830
1824	11071	2215	8856
1825	11211	2336	8875
1826	11027	2106	8921
1827	11074	2105	8969
1828	11532	2520	9012
1829	11371	2415	8956
1830	11174	2194	8980
1831	10893	2031	8862
1832	11202	2285	8917
1833	11247	2342	8905
1834	11001	2104	8897
1835	10841	1971	8870
1836	10996	2166	8830
1837	11193	2306	8887
1838	11248	2292	8956
1839	11065	2106	8959
1840	11180	2180	9000
1841	11102	2233	8869
1842	10962	2075	8887
1843	10871	1997	8874
1844	11007	2168	8839
1845	11282	2315	8967
1846	11034	2072	8962
1847	10782	1994	8788
1848	10910	2159	8751
1849	11029	2239	8790
1850	10927	2124	8803
1851	10834	2017	8817
1852	10923	2133	8790
1853	10997	2247	8750
1854	10987	2161	8826
1855	10768	2009	8759
1856	10896	2234	8662
1857	11192	2360	8832
1858	10988	2160	8828
1859	10783	2014	8769
1860	10901	2169	8732
1861	10925	2300	8625
1862	10764	2119	8645
1863	10653	1957	8696
1864	10833	2235	8598
1865	11097	2521	8576
1866	10729	2160	8569
1867	10441	1921	8520
1868	10708	2210	8498
1869	10986	2370	8616
1870	10591	2051	8540
1871	10418	1934	8484
1872	10823	2306	8517
1873	10788	2293	8495
1874	10380	1940	8440
1875	10215	1820	8395
1876	10705	2341	8364
1877	10826	2409	8417
1878	10453	2036	8417
1879	10074	1889	8185
1880	10570	2314	8256
1881	10721	2423	8298
1882	10285	2063	8222
1883	10102	1917	8185
1884	10408	2234	8174
1885	10453	2308	8145
1886	10085	1990	8095
1887	9926	1856	8070
1888	10334	2292	8042
1889	10486	2438	8048
1890	10203	2153	8050
1891	10025	1949	8076
1892	10225	2254	7971
1893	10242	2284	7958
1894	10001	2041	7960
1895	9929	1898	8031
1896	10239	2217	8022
1897	10389	2354	8035
1898	10038	2105	7933
1899	9953	1922	8031
1900	10124	2168	7956
1901	10178	2272	7906
1902	9971	2062	7909
1903	9804	1883	7921
1904	9981	2078	7903
1905	10041	2216	7825
1906	9778	2002	7776
1907	9665	1924	7741
1908	9952	2209	7743
1909	10119	2355	7764
1910	9854	2070	7784
1911	9750	1910	7840
1912	9833	2144	7689
1913	9969	2329	7640
1914	9894	2219	7675
1915	9785	2177	7608
1916	10006	2364	7642
1917	10067	2383	7684
1918	9752	2140	7612
1919	9496	1946	7550
1920	9745	2230	7515
1921	9810	2346	7464
1922	9500	2022	7478
1923	9514	1962	7552
1924	9756	2286	7470
1925	9628	2267	7361
1926	9277	1998	7279
1927	9275	1989	7286
1928	9716	2267	7449
1929	9891	2443	7448
1930	9352	2060	7292
1931	9195	1881	7314
1932	9484	2208	7276
1933	9421	2278	7143
1934	9014	2023	6991
1935	8929	1941	6988
1936	9209	2163	7046
1937	9591	2470	7121
1938	9201	2185	7016
1939	8811	1865	6946
1940	9161	2144	7017
1941	9212	2326	6886
1942	8957	2121	6836
1943	8795	1897	6898
1944	8997	2131	6866
1945	9151	2303	6848
1946	8873	2059	6814
1947	8663	1905	6758
1948	8886	2223	6663
1949	9032	2332	6700
1950	8768	2076	6692
1951	8613	1941	6672
1952	8969	2238	6731
1953	9029	2319	6710
1954	8704	2132	6572
1955	8491	1926	6565
1956	8713	2125	6588
1957	8871	2281	6590
1958	8548	2030	6518
1959	8547	2026	6521
1960	8728	2272	6456
1961	8669	2278	6391
1962	8460	2014	6446
1963	8263	1875	6388
1964	8485	2089	6396
1965	8667	2305	6362
1966	8430	2100	6330
1967	8305	1978	6327
1968	8574	2269	6305
1969	8631	2363	6268
1970	8335	2064	6271
1971	8156	1856	6300
1972	8261	2005	6256
1973	8493	2309	6184
1974	8276	2056	6220
1975	8030	1861	6169
1976	8181	2069	6112
1977	8557	2330	6227
1978	8432	2213	6219
1979	8251	2045	6206
1980	8459	2303	6156
1981	8505	2376	6129
1982	8277	2127	6150
1983	8043	1952	6091
1984	8225	2213	6012
1985	8521	2500	6021
1986	8259	2212	6047
1987	7855	1866	5989
1988	8106	2095	6011
1989	8419	2406	6013
1990	7991	2098	5893
1991	7920	1955	5965
1992	8287	2269	6018
1993	8299	2412	5887
1994	7895	2043	5852
1995	7685	1881	5804
1996	7902	2150	5752
1997	8118	2279	5839
1998	7742	1977	5765
1999	7664	1911	5753
2000	7994	2193	5801
2001	8005	2283	5722
2002	7657	1962	5695
2003	7768	1961	5807
2004	8064	2300	5764
2005	8053	2404	5649
2006	7708	2103	5605
2007	7529	1933	5596
2008	8065	2336	5729
2009	8068	2403	5665
2010	7977	2368	5609
2011	7779	2161	5618
2012	7832	2238	5594
2013	8066	2391	5675
2014	7818	2108	5710
2015	7513	1880	5633
2016	7759	2193	5566
2017	7902	2320	5582
2018	7565	2032	5533
2019	7275	1874	5401
2020	7554	2167	5387
2021	7895	2362	5533
2022	7501	2027	5474
2023	7448	1923	5525
2024	7804	2276	5528
2025	7767	2321	5446
2026	7558	2122	5436
2027	7509	2044	5465
2028	7597	2211	5386
2029	7617	2242	5375
2030	7484	2010	5474
2031	7343	1919	5424
2032	7591	2244	5347
2033	7753	2336	5417
2034	7757	2292	5465
2035	7455	2033	5422
2036	7560	2184	5376
2037	7895	2442	5453
2038	7557	2103	5454
2039	7382	1936	5446
2040	7535	2190	5345
2041	7583	2283	5300
2042	7415	2079	5336
2043	7268	1904	5364
2044	7598	2227	5371
2045	7905	2491	5414
2046	7499	2148	5351
2047	7171	1878	5293
2048	7445	2172	5273
2049	7647	2325	5322
2050	7341	2010	5331
2051	7264	1887	5377
2052	7706	2273	5433
2053	7743	2439	5304
2054	7313	2099	5214
2055	7174	1948	5226
2056	7556	2271	5285
2057	7582	2255	5327
2058	7288	1942	5346
2059	7122	1876	5246
2060	7455	2168	5287
2061	7637	2345	5292
2062	7320	2074	5246
2063	7456	2072	5384
2064	7634	2349	5285
2065	7579	2313	5266
2066	7290	1982	5308
2067	7199	1870	5329
2068	7619	2300	5319
2069	7781	2453	5328
2070	7366	2076	5290
2071	7240	1924	5316
2072	7528	2185	5343
2073	7773	2486	5287
2074	7460	2196	5264
2075	7099	1857	5242
2076	7421	2133	5288
2077	7668	2317	5351
2078	7679	2285	5394
2079	7396	2023	5373
2080	7411	2121	5290
2081	7502	2182	5320
2082	7344	2007	5337
2083	7228	1883	5345
2084	7803	2307	5496
2085	7766	2324	5442
2086	7260	1988	5272
2087	7095	1803	5292
2088	7361	2074	5287
2089	7493	2210	5283
2090	7262	1967	5295
2091	7224	1863	5361
2092	7522	2158	5364
2093	7636	2281	5355
2094	7449	2062	5387
2095	7205	1860	5345
2096	7432	2125	5307
2097	7624	2263	5361
2098	7420	2111	5309
2099	7648	2154	5494
2100	7889	2297	5592
2101	7723	2316	5407
2102	7476	2016	5460
2103	7397	1831	5566
2104	7506	2057	5449
2105	7653	2229	5424
2106	7457	1973	5484
2107	7311	1858	5453
2108	7773	2262	5511
2109	7875	2344	5531
2110	7671	2120	5551
2111	7456	1914	5542
2112	7652	2151	5501
2113	7941	2404	5537
2114	7753	2152	5601
2115	7514	1922	5592
2116	7764	2135	5629
2117	7957	2320	5637
2118	7619	2067	5552
2119	7547	1984	5563
2120	7721	2191	5530
2121	7932	2333	5599
2122	7804	2131	5673
2123	7634	1937	5697
2124	7856	2165	5691
2125	8022	2401	5621
2126	7669	2083	5586
2127	7392	1840	5552
2128	7743	2177	5566
2129	7967	2336	5631
2130	7779	2061	5718
2131	7541	1871	5670
2132	7860	2125	5735
2133	7996	2301	5695
2134	7631	2011	5620
2135	7476	1827	5649
2136	7722	2095	5627
2137	7989	2375	5614
2138	7700	2100	5600
2139	7515	1865	5650
2140	7916	2213	5703
2141	8097	2307	5790
2142	7803	2046	5757
2143	7747	1954	5793
2144	7879	2122	5757
2145	7990	2302	5688
2146	7781	2121	5660
2147	7566	1903	5663
2148	7753	2157	5596
2149	7962	2275	5687
2150	7788	2101	5687
2151	7516	1889	5627
2152	7953	2262	5691
2153	8433	2582	5851
2154	7947	2172	5775
2155	7606	1934	5672
2156	7992	2277	5715
2157	7994	2315	5679
2158	7566	1961	5605
2159	7510	1896	5614
2160	7882	2135	5747
2161	8230	2388	5842
2162	8100	2278	5822
2163	7696	1983	5713
2164	7749	2129	5620
2165	7953	2324	5629
2166	7680	2082	5598
2167	7424	1877	5547
2168	7644	2095	5549
2169	7785	2255	5530
2170	7670	2172	5498
2171	7459	1900	5559
2172	7649	2094	5555
2173	7801	2288	5513
2174	7544	2034	5510
2175	7548	1988	5560
2176	7704	2218	5486
2177	7720	2255	5465
2178	7693	2194	5499
2179	7637	2096	5541
2180	7806	2243	5563
2181	7821	2322	5499
2182	7544	2066	5478
2183	7292	1872	5420
2184	7640	2199	5441
2185	7952	2479	5473
2186	7551	2172	5379
2187	7426	2019	5407
2188	7616	2180	5436
2189	7642	2259	5383
2190	7326	2017	5309
2191	7334	1973	5361
2192	7641	2247	5394
2193	7709	2363	5346
2194	7354	2049	5305
2195	7067	1853	5214
2196	7298	2105	5193
2197	7560	2366	5194
2198	7251	2103	5148
2199	7040	1910	5130
2200	7563	2352	5211
2201	7635	2363	5272
2202	7354	2119	5235
2203	7124	1937	5187
2204	7110	2047	5063
2205	7252	2231	5021
2206	7041	2028	5013
2207	7025	1952	5073
2208	7186	2173	5013
2209	7174	2279	4895
2210	6986	2047	4939
2211	7002	1988	5014
2212	7128	2158	4970
2213	7257	2297	4960
2214	6990	2087	4903
2215	6680	1854	4826
2216	6892	2106	4786
2217	7037	2286	4751
2218	6780	2021	4759
2219	6689	1845	4844
2220	6929	2073	4856
2221	7122	2265	4857
2222	6768	2041	4727
2223	6502	1815	4687
2224	6772	2129	4643
2225	6851	2227	4624
2226	6778	2137	4641
2227	6585	1987	4598
2228	6805	2181	4624
2229	6902	2288	4614
2230	6652	1993	4659
2231	6364	1843	4521
2232	6841	2290	4551
2233	7049	2489	4560
2234	6562	2146	4416
2235	6426	1974	4452
2236	6560	2140	4420
2237	6763	2331	4432
2238	6561	2164	4397
2239	6445	2033	4412
2240	6563	2177	4386
2241	6538	2214	4324
2242	6443	2104	4339
2243	6212	1913	4299
2244	6418	2131	4287
2245	6528	2298	4230
2246	6251	2049	4202
2247	6002	1869	4133
2248	6593	2328	4265
2249	6567	2352	4215
2250	6286	2183	4103
2251	6171	2014	4157
2252	6467	2273	4194
2253	6498	2322	4176
2254	6003	2003	4000
2255	6012	1957	4055
2256	6240	2203	4037
2257	6321	2326	3995
2258	6083	2056	4027
2259	5962	1939	4023
2260	6228	2217	4011
2261	6223	2282	3941
2262	6070	2112	3958
2263	5927	1956	3971
2264	5968	2122	3846
2265	6103	2239	3864
2266	5953	2025	3928
2267	5761	1907	3854
2268	5917	2130	3787
2269	5939	2163	3776
2270	5770	2008	3762
2271	5894	2088	3806
2272	6106	2289	3817
2273	6063	2324	3739
2274	5812	2052	3760
2275	5639	1863	3776
2276	5992	2196	3796
2277	6106	2344	3762
2278	5843	2141	3702
2279	5596	1945	3651
2280	5674	2133	3541
2281	5976	2350	3626
2282	5750	2148	3602
2283	5507	1967	3540
2284	6034	2361	3673
2285	6111	2399	3712
2286	5529	2009	3520
2287	5358	1865	3493
2288	5691	2182	3509
2289	6318	2705	3613
2290	5957	2385	3572
2291	5460	1926	3534
2292	5862	2311	3551
2293	5950	2474	3476
2294	5532	2092	3440
2295	5325	1877	3448
2296	5701	2222	3479
2297	5955	2462	3493
2298	5516	2113	3403
2299	5327	1972	3355
2300	5462	2097	3365
2301	5624	2240	3384
2302	5385	2019	3366
2303	5203	1851	3352
2304	5520	2164	3356
2305	5590	2288	3302
2306	5211	1971	3240
2307	5095	1854	3241
2308	5320	2103	3217
2309	5508	2301	3207
2310	5270	2049	3221
2311	5164	1941	3223
2312	5399	2138	3261
2313	5551	2274	3277
2314	5204	2023	3181
2315	4989	1892	3097
2316	5240	2160	3080
2317	5451	2285	3166
2318	5254	2070	3184
2319	5104	1893	3211
2320	5280	2087	3193
2321	5293	2206	3087
2322	5200	2093	3107
2323	5103	1949	3154
2324	5359	2176	3183
2325	5370	2232	3138
2326	5241	2077	3164
2327	5202	2057	3145
2328	5553	2328	3225
2329	5599	2370	3229
2330	5210	2113	3097
2331	5025	1909	3116
2332	5402	2228	3174
2333	5457	2350	3107
2334	5177	2116	3061
2335	5253	2037	3216
2336	5533	2279	3254
2337	5533	2342	3191
2338	5149	2024	3125
2339	5023	1920	3103
2340	5272	2185	3087
2341	5383	2292	3091
2342	5095	2042	3053
2343	4930	1861	3069
2344	5162	2093	3069
2345	5235	2174	3061
2346	5333	2141	3192
2347	5079	1919	3160
2348	5265	2106	3159
2349	5484	2356	3128
2350	5118	2088	3030
2351	4881	1863	3018
2352	5436	2316	3120
2353	5486	2447	3039
2354	5144	2112	3032
2355	4996	1959	3037
2356	5393	2303	3090
2357	5536	2386	3150
2358	5111	2064	3047
2359	4972	1941	3031
2360	5306	2149	3157
2361	5350	2222	3128
2362	5144	2066	3078
2363	5016	1937	3079
2364	5209	2118	3091
2365	5394	2222	3172
2366	5036	1957	3079
2367	4867	1811	3056
2368	5146	2102	3044
2369	5490	2401	3089
2370	5276	2170	3106
2371	4938	1898	3040
2372	5163	2107	3056
2373	5373	2251	3122
2374	5080	2023	3057
2375	4927	1880	3047
2376	5296	2169	3127
2377	5314	2215	3099
2378	5133	2032	3101
2379	5057	1956	3101
2380	5284	2186	3098
2381	5354	2277	3077
2382	5079	2018	3061
2383	4918	1867	3051
2384	5175	2111	3064
2385	5560	2417	3143
2386	5358	2177	3181
2387	5028	1897	3131
2388	5299	2186	3113
2389	5369	2284	3085
2390	5186	2072	3114
2391	5168	2027	3141
2392	5422	2250	3172
2393	5526	2395	3131
2394	5277	2099	3178
2395	4976	1860	3116
2396	5207	2117	3090
2397	5402	2320	3082
2398	5226	2113	3113
2399	5204	2022	3182
2400	5431	2253	3178
2401	5661	2395	3266
2402	5346	2081	3265
2403	5172	1954	3218
2404	5428	2253	3175
2405	5477	2294	3183
2406	5482	2189	3293
2407	5225	2042	3183
2408	5494	2345	3149
2409	5563	2350	3213
2410	5246	2076	3170
2411	5045	1915	3130
2412	5264	2139	3125
2413	5631	2403	3228
2414	5471	2193	3278
2415	5292	2025	3267
2416	5729	2457	3272
2417	5684	2457	3227
2418	5219	2081	3138
2419	5071	1896	3175
2420	5324	2149	3175
2421	5446	2257	3189
2422	5240	2021	3219
2423	5111	1916	3195
2424	5377	2127	3250
2425	5474	2255	3219
2426	5133	1956	3177
2427	5104	1873	3231
2428	5420	2121	3299
2429	5389	2172	3217
2430	5299	2052	3247
2431	5315	2031	3284
2432	5493	2234	3259
2433	5520	2331	3189
2434	5313	2089	3224
2435	5108	1908	3200
2436	5521	2281	3240
2437	5638	2379	3259
2438	5277	2119	3158
2439	5239	2063	3176
2440	5418	2161	3257
2441	5642	2363	3279
2442	5382	2136	3246
2443	5240	1962	3278
2444	5438	2229	3209
2445	5553	2376	3177
2446	5392	2113	3279
2447	5390	2062	3328
2448	5485	2227	3258
2449	5451	2301	3150
2450	5233	2064	3169
2451	5202	2008	3194
2452	5391	2210	3181
2453	5522	2331	3191
2454	5215	2078	3137
2455	5131	1932	3199
2456	5310	2098	3212
2457	5379	2220	3159
2458	5339	2165	3174
2459	5158	2000	3158
2460	5286	2133	3153
2461	5385	2256	3129
2462	5212	2040	3172
2463	5058	1885	3173
2464	5294	2167	3127
2465	5596	2421	3175
2466	5318	2193	3125
2467	5038	1967	3071
2468	5242	2193	3049
2469	5254	2239	3015
2470	5146	2072	3074
2471	4921	1896	3025
2472	5173	2161	3012
2473	5323	2294	3029
2474	5044	2003	3041
2475	5182	2133	3049
2476	5259	2296	2963
2477	5296	2279	3017
2478	5061	2086	2975
2479	4879	1931	2948
2480	5117	2143	2974
2481	5151	2220	2931
2482	4953	2025	2928
2483	4757	1841	2916
2484	4955	2045	2910
2485	5308	2342	2966
2486	5050	2093	2957
2487	4900	1982	2918
2488	5073	2177	2896
2489	5134	2260	2874
2490	5028	2126	2902
2491	4723	1933	2790
2492	4938	2123	2815
2493	4936	2115	2821
2494	4766	1953	2813
2495	4758	1946	2812
2496	4892	2086	2806
2497	5018	2258	2760
2498	5066	2211	2855
2499	4754	1979	2775
2500	4868	2104	2764
2501	5030	2269	2761
2502	4825	2055	2770
2503	4777	1921	2856
2504	4880	2132	2748
2505	4918	2235	2683
2506	4701	2031	2670
2507	4583	1961	2622
2508	4900	2298	2602
2509	4999	2368	2631
2510	4734	2098	2636
2511	4680	2027	2653
2512	4903	2233	2670
2513	4990	2331	2659
2514	4616	2015	2601
2515	4456	1833	2623
2516	4785	2171	2614
2517	4969	2375	2594
2518	4899	2214	2685
2519	4670	2054	2616
2520	4904	2311	2593
2521	5025	2421	2604
2522	4732	2144	2588
2523	4436	1916	2520
2524	4555	2061	2494
2525	4689	2267	2422
2526	4493	2060	2433
2527	4310	1825	2485
2528	4832	2311	2521
2529	4832	2368	2464
2530	4546	2079	2467
2531	4331	1912	2419
2532	4725	2241	2484
2533	4935	2352	2583
2534	4425	1987	2438
2535	4292	1932	2360
2536	4883	2467	2416
2537	4761	2436	2325
2538	4348	2018	2330
2539	4239	1984	2255
2540	4434	2178	2256
2541	4611	2301	2310
2542	4319	2041	2278
2543	4259	1946	2313
2544	4746	2332	2414
2545	4742	2377	2365
2546	4454	2103	2351
2547	4179	1923	2256
2548	4456	2207	2249
2549	4536	2268	2268
2550	4516	2225	2291
2551	4312	2029	2283
2552	4317	2070	2247
2553	4505	2223	2282
2554	4236	2007	2229
2555	4045	1861	2184
2556	4328	2138	2190
2557	4506	2286	2220
2558	4461	2136	2325
2559	4288	2002	2286
2560	4368	2148	2220
2561	4722	2441	2281
2562	4442	2203	2239
2563	4167	1986	2181
2564	4324	2143	2181
2565	4404	2210	2194
2566	4153	2011	2142
2567	4049	1854	2195
2568	4260	2052	2208
2569	4323	2165	2158
2570	4131	2007	2124
2571	4058	1954	2104
2572	4287	2224	2063
2573	4380	2329	2051
2574	4397	2218	2179
2575	4226	2032	2194
2576	4339	2240	2099
2577	4495	2377	2118
2578	4379	2245	2134
2579	4140	2053	2087
2580	4213	2157	2056
2581	4508	2387	2121
2582	4254	2141	2113
2583	3949	1925	2024
2584	4142	2125	2017
2585	4302	2285	2017
2586	4143	2128	2015
2587	3964	1948	2016
2588	4242	2196	2046
2589	4391	2334	2057
2590	4266	2217	2049
2591	4046	1992	2054
2592	4187	2100	2087
2593	4465	2335	2130
2594	4200	2095	2105
2595	4047	1968	2079
2596	4328	2273	2055
2597	4390	2368	2022
2598	4026	2032	1994
2599	4006	1868	2138
2600	4359	2230	2129
2601	4457	2356	2101
2602	4236	2143	2093
2603	4102	2050	2052
2604	4264	2217	2047
2605	4317	2301	2016
2606	4169	2157	2012
2607	3936	1972	1964
2608	4203	2234	1969
2609	4353	2310	2043
2610	4109	2084	2025
2611	3900	1914	1986
2612	4215	2122	2093
2613	4367	2278	2089
2614	4064	2025	2039
2615	4071	2045	2026
2616	4421	2303	2118
2617	4534	2392	2142
2618	4180	2109	2071
2619	3912	1920	1992
2620	4251	2160	2091
2621	4486	2371	2115
2622	4311	2197	2114
2623	4102	2012	2090
2624	4475	2284	2191
2625	4467	2342	2125
2626	4045	2045	2000
2627	3924	1943	1981
2628	4164	2135	2029
2629	4358	2309	2049
2630	4186	2097	2089
2631	3965	1956	2009
2632	4221	2212	2009
2633	4316	2280	2036
2634	4067	2034	2033
2635	4055	1929	2126
2636	4234	2194	2040
2637	4374	2323	2051
2638	4126	2068	2058
2639	3919	1885	2034
2640	4218	2160	2058
2641	4316	2259	2057
2642	3940	1962	1978
2643	3778	1772	2006
2644	4185	2057	2128
2645	4377	2305	2072
2646	4264	2183	2081
2647	4009	1977	2032
2648	4259	2226	2033
2649	4371	2346	2025
2650	4104	2079	2025
2651	3926	1912	2014
2652	4240	2209	2031
2653	4369	2341	2028
2654	4118	2133	1985
2655	3990	1943	2047
2656	4260	2171	2089
2657	4260	2267	1993
2658	3986	2027	1959
2659	3909	1864	2045
2660	4298	2206	2092
2661	4321	2283	2038
2662	4039	1994	2045
2663	3917	1888	2029
2664	4170	2113	2057
2665	4625	2453	2172
2666	4310	2155	2155
2667	4021	1942	2079
2668	4309	2265	2044
2669	4404	2305	2099
2670	4207	2075	2132
2671	4044	1948	2096
2672	4329	2235	2094
2673	4312	2293	2019
2674	4134	2065	2069
2675	3930	1869	2061
2676	4312	2223	2089
2677	4514	2378	2136
2678	4088	2011	2077
2679	4018	1934	2084
2680	4289	2198	2091
2681	4619	2505	2114
2682	4298	2172	2126
2683	3993	1938	2055
2684	4276	2227	2049
2685	4365	2343	2022
2686	4039	2063	1976
2687	3976	1974	2002
2688	4245	2162	2083
2689	4315	2218	2097
2690	3994	1931	2063
2691	4018	1975	2043
2692	4343	2234	2109
2693	4339	2243	2096
2694	4119	2056	2063
2695	3951	1896	2055
2696	4161	2125	2036
2697	4295	2256	2039
2698	4190	2157	2033
2699	3915	1937	1978
2700	4212	2225	1987
2701	4231	2328	1903
2702	3881	2014	1867
2703	3912	1952	1960
2704	4132	2160	1972
2705	4353	2373	1980
2706	4247	2193	2054
2707	4183	2145	2038
2708	4296	2288	2008
2709	4353	2344	2009
2710	4083	2093	1990
2711	3970	1961	2009
2712	4231	2262	1969
2713	4260	2385	1875
2714	3910	2055	1855
2715	3792	1872	1920
2716	4279	2266	2013
2717	4337	2397	1940
2718	3992	2077	1915
2719	3717	1849	1868
2720	4068	2180	1888
2721	4352	2358	1994
2722	3938	2046	1892
2723	3808	1961	1847
2724	4036	2207	1829
2725	4121	2267	1854
2726	3960	2117	1843
2727	3755	1914	1841
2728	3917	2124	1793
2729	4133	2275	1858
2730	3798	2006	1792
2731	3700	1925	1775
2732	4191	2332	1859
2733	4256	2427	1829
2734	3872	2101	1771
2735	3775	1995	1780
2736	4049	2250	1799
2737	4146	2401	1745
2738	3805	2085	1720
2739	3590	1842	1748
2740	3930	2182	1748
2741	4245	2438	1807
2742	3914	2125	1789
2743	3608	1875	1733
2744	4009	2210	1799
2745	4135	2380	1755
2746	3649	2012	1637
2747	3556	1858	1698
2748	3928	2198	1730
2749	3993	2284	1709
2750	3637	1971	1666
2751	3525	1832	1693
2752	3783	2120	1663
2753	3895	2261	1634
2754	3729	2092	1637
2755	3553	1898	1655
2756	3799	2150	1649
2757	3892	2268	1624
2758	3648	2037	1611
2759	3524	1936	1588
2760	3703	2115	1588
2761	3871	2291	1580
2762	3579	2007	1572
2763	3384	1843	1541
2764	3872	2292	1580
2765	3943	2343	1600
2766	3589	2061	1528
2767	3435	1936	1499
2768	3734	2206	1528
2769	3729	2262	1467
2770	3528	2044	1484
2771	3383	1866	1517
2772	3597	2133	1464
2773	3717	2270	1447
2774	3517	2012	1505
2775	3603	2041	1562
2776	3785	2284	1501
2777	3945	2407	1538
2778	3651	2122	1529
2779	3322	1911	1411
2780	3689	2195	1494
2781	3703	2222	1481
2782	3767	2286	1481
2783	3474	1997	1477
2784	6879	5297	1582
2785	5561	4072	1489
2786	3425	2029	1396
2787	3238	1860	1378
2788	3571	2147	1424
2789	3721	2287	1434
2790	3475	2086	1389
2791	3442	1978	1464
2792	3579	2142	1437
2793	3800	2356	1444
2794	3522	2071	1451
2795	3257	1859	1398
2796	3654	2204	1450
2797	3831	2362	1469
2798	3592	2081	1511
2799	3345	1917	1428
2800	3680	2237	1443
2801	3773	2314	1459
2802	3426	2030	1396
2803	3438	2006	1432
2804	3837	2356	1481
2805	3683	2351	1332
2806	3240	1989	1251
2807	3216	1932	1284
2808	3500	2162	1338
2809	3643	2254	1389
2810	3514	2143	1371
2811	3218	1891	1327
2812	3376	2091	1285
2813	3503	2186	1317
2814	3323	1973	1350
2815	3179	1902	1277
2816	3545	2193	1352
2817	3729	2369	1360
2818	3472	2106	1366
2819	3412	2030	1382
2820	3500	2209	1291
2821	3577	2312	1265
2822	3509	2141	1368
2823	3329	1966	1363
2824	3499	2178	1321
2825	3563	2234	1329
2826	3277	1951	1326
2827	3194	1839	1355
2828	3523	2190	1333
2829	3609	2319	1290
2830	3355	2018	1337
2831	3327	1961	1366
2832	3584	2208	1376
2833	3687	2333	1354
2834	3309	1996	1313
2835	3280	1939	1341
2836	3538	2231	1307
2837	3597	2277	1320
2838	3290	1967	1323
2839	3216	1903	1313
2840	3460	2146	1314
2841	3678	2359	1319
2842	3589	2203	1386
2843	3386	2005	1381
2844	3535	2257	1278
2845	3707	2416	1291
2846	3511	2184	1327
2847	3217	1923	1294
2848	3445	2132	1313
2849	3709	2375	1334
2850	3366	2087	1279
2851	3191	1949	1242
2852	3483	2183	1300
2853	3630	2297	1333
2854	3437	2082	1355
2855	3343	2009	1334
2856	3631	2321	1310
2857	3705	2394	1311
2858	3520	2150	1370
2859	3373	1983	1390
2860	3406	2120	1286
2861	3671	2320	1351
2862	3333	2025	1308
2863	3152	1878	1274
2864	3742	2338	1404
2865	3754	2360	1394
2866	3348	2030	1318
2867	3502	2092	1410
2868	4097	2590	1507
2869	3868	2417	1451
2870	3417	2052	1365
2871	3339	1982	1357
2872	3504	2227	1277
2873	3579	2300	1279
2874	3357	2001	1356
2875	3381	2007	1374
2876	3555	2194	1361
2877	3522	2240	1282
2878	3250	1959	1291
2879	3137	1824	1313
2880	3446	2139	1307
2881	3645	2330	1315
2882	3358	2034	1324
2883	3283	1961	1322
2884	3562	2273	1289
2885	3646	2357	1289
2886	3344	2042	1302
2887	3270	1916	1354
2888	3583	2166	1417
2889	3642	2280	1362
2890	3367	2034	1333
2891	3216	1885	1331
2892	3562	2233	1329
2893	3757	2395	1362
2894	3393	2056	1337
2895	3243	1951	1292
2896	3474	2188	1286
2897	3591	2305	1286
2898	3376	2095	1281
2899	3194	1891	1303
2900	3420	2119	1301
2901	3679	2364	1315
2902	3392	2071	1321
2903	3102	1836	1266
2904	3433	2150	1283
2905	3556	2273	1283
2906	3285	2027	1258
2907	3171	1919	1252
2908	3521	2224	1297
2909	3567	2290	1277
2910	3152	1955	1197
2911	3059	1803	1256
2912	3438	2123	1315
2913	3610	2313	1297
2914	3326	2093	1233
2915	3192	1884	1308
2916	3385	2119	1266
2917	3559	2333	1226
2918	3345	2066	1279
2919	3149	1897	1252
2920	3344	2141	1203
2921	3510	2245	1265
2922	3402	2107	1295
2923	3123	1897	1226
2924	3341	2127	1214
2925	3549	2346	1203
2926	3362	2140	1222
2927	3136	1923	1213
2928	3362	2189	1173
2929	3444	2257	1187
2930	3252	1990	1262
2931	3147	1900	1247
2932	3554	2305	1249
2933	3545	2346	1199
2934	3222	2052	1170
2935	3029	1846	1183
2936	3232	2056	1176
2937	3605	2432	1173
2938	3327	2123	1204
2939	3127	1919	1208
2940	3333	2157	1176
2941	3456	2257	1199
2942	3245	2100	1145
2943	3001	1901	1100
2944	3488	2299	1189
2945	3514	2375	1139
2946	3084	2010	1074
2947	2977	1845	1132
2948	3407	2237	1170
2949	3395	2301	1094
2950	3114	1995	1119
2951	3013	1914	1099
2952	3184	2117	1067
2953	3361	2290	1071
2954	2998	1951	1047
2955	2903	1872	1031
2956	3277	2225	1052
2957	3364	2301	1063
2958	3112	2078	1034
2959	2884	1873	1011
2960	3218	2178	1040
2961	3376	2332	1044
2962	3262	2115	1147
2963	3126	1997	1129
2964	3330	2227	1103
2965	3302	2235	1067
2966	3211	2089	1122
2967	2959	1908	1051
2968	3062	2101	961
2969	3349	2334	1015
2970	3065	2012	1053
2971	2952	1860	1092
2972	3293	2157	1136
2973	3276	2243	1033
2974	2959	1979	980
2975	2897	1899	998
2976	3352	2280	1072
2977	3326	2304	1022
2978	3019	2031	988
2979	2869	1898	971
2980	3143	2217	926
2981	3222	2266	956
2982	3226	2180	1046
2983	3077	2056	1021
2984	3108	2184	924
2985	3329	2386	943
2986	3046	2089	957
2987	2840	1887	953
2988	3146	2179	967
2989	3235	2343	892
2990	2859	2019	840
2991	2702	1831	871
2992	3021	2114	907
2993	3170	2278	892
2994	2886	1978	908
2995	2804	1904	900
2996	3207	2249	958
2997	3385	2379	1006
2998	2983	2011	972
2999	2777	1827	950
3000	3079	2178	901
3001	3429	2446	983
3002	3090	2068	1022
3003	2830	1871	959
3004	3177	2225	952
3005	3265	2323	942
3006	3006	2077	929
3007	2770	1863	907
3008	3213	2248	965
3009	3421	2441	980
3010	3211	2240	971
3011	3055	2023	1032
3012	3106	2121	985
3013	3179	2222	957
3014	2930	1974	956
3015	2774	1852	922
3016	3036	2141	895
3017	3193	2274	919
3018	2925	2036	889
3019	2786	1864	922
3020	3110	2163	947
3021	3238	2301	937
3022	3030	2054	976
3023	2808	1906	902
3024	3124	2214	910
3025	3234	2310	924
3026	2894	2050	844
3027	2703	1808	895
3028	3087	2133	954
3029	3274	2320	954
3030	3034	2086	948
3031	2832	1902	930
3032	3081	2117	964
3033	3248	2310	938
3034	3052	2116	936
3035	2854	1896	958
3036	3244	2227	1017
3037	3357	2374	983
3038	2986	2055	931
3039	2832	1872	960
3040	3026	2073	953
3041	3310	2340	970
3042	3050	2105	945
3043	2693	1818	875
3044	2958	2062	896
3045	3228	2300	928
3046	3086	2086	1000
3047	2858	1886	972
3048	2922	2029	893
3049	3038	2163	875
3050	2953	2040	913
3051	2836	1913	923
3052	2986	2117	869
3053	2993	2187	806
3054	2951	2049	902
3055	2844	1905	939
3056	3015	2104	911
3057	3128	2223	905
3058	2881	1983	898
3059	2702	1851	851
3060	3133	2202	931
3061	3220	2283	937
3062	2929	2002	927
3063	2692	1821	871
3064	2981	2057	924
3065	3133	2254	879
3066	2861	2035	826
3067	2733	1878	855
3068	3105	2162	943
3069	3210	2285	925
3070	2991	2042	949
3071	3017	2022	995
3072	3070	2135	935
3073	3093	2220	873
3074	2983	2055	928
3075	2786	1888	898
3076	3055	2190	865
3077	3190	2327	863
3078	2859	2013	846
3079	2833	1916	917
3080	3122	2232	890
3081	3445	2480	965
3082	3072	2124	948
3083	2709	1846	863
3084	3074	2188	886
3085	3193	2337	856
3086	2800	1975	825
3087	2691	1825	866
3088	3105	2180	925
3089	3298	2344	954
3090	3136	2178	958
3091	2857	1948	909
3092	2944	2097	847
3093	3193	2272	921
3094	3073	2113	960
3095	2911	1998	913
3096	2994	2179	815
3097	3215	2347	868
3098	2985	2075	910
3099	2727	1872	855
3100	2916	2136	780
3101	3133	2309	824
3102	2914	2084	830
3103	2727	1909	818
3104	3031	2200	831
3105	3142	2272	870
3106	2906	2021	885
3107	2740	1892	848
3108	3095	2145	950
3109	3171	2210	961
3110	2914	2015	899
3111	2814	1935	879
3112	2974	2080	894
3113	3025	2200	825
3114	2995	2193	802
3115	2813	1975	838
3116	3104	2228	876
3117	3199	2338	861
3118	2821	1987	834
3119	2569	1821	748
3120	2878	2099	779
3121	3120	2321	799
3122	2922	2101	821
3123	2758	1922	836
3124	3036	2173	863
3125	3207	2325	882
3126	2968	2133	835
3127	2755	1960	795
3128	3052	2211	841
3129	3135	2309	826
3130	2943	2108	835
3131	2801	1948	853
3132	2978	2177	801
3133	3052	2304	748
3134	2928	2125	803
3135	2730	1940	790
3136	2988	2199	789
3137	3038	2259	779
3138	2856	2050	806
3139	2649	1874	775
3140	2896	2102	794
3141	2923	2156	767
3142	2667	1942	725
3143	2679	1904	775
3144	2891	2113	778
3145	3256	2373	883
3146	3156	2236	920
3147	2907	2045	862
3148	2870	2094	776
3149	3029	2235	794
3150	2791	1992	799
3151	2680	1893	787
3152	2957	2157	800
3153	3149	2379	770
3154	2920	2109	811
3155	2751	1948	803
3156	3196	2372	824
3157	3244	2474	770
3158	2758	2035	723
3159	2588	1859	729
3160	3092	2246	846
3161	3239	2376	863
3162	2867	2061	806
3163	2703	1916	787
3164	2900	2123	777
3165	2949	2240	709
3166	2677	1982	695
3167	2609	1869	740
3168	2980	2219	761
3169	3052	2318	734
3170	2782	2023	759
3171	2625	1848	777
3172	2894	2136	758
3173	3068	2291	777
3174	2800	2025	775
3175	2616	1859	757
3176	2798	2065	733
3177	2996	2225	771
3178	2888	2068	820
3179	2736	1913	823
3180	2919	2151	768
3181	3295	2518	777
3182	2949	2183	766
3183	2699	1888	811
3184	2867	2103	764
3185	2958	2241	717
3186	2800	2050	750
3187	2632	1857	775
3188	2857	2100	757
3189	2933	2226	707
3190	2750	1995	755
3191	2656	1857	799
3192	2996	2255	741
3193	3052	2293	759
3194	3026	2170	856
3195	2746	1956	790
3196	2812	2084	728
3197	3204	2346	858
3198	2872	2048	824
3199	2607	1853	754
3200	2911	2180	731
3201	3107	2347	760
3202	3013	2184	829
3203	2648	1886	762
3204	2901	2122	779
3205	3097	2313	784
3206	2927	2146	781
3207	2743	1932	811
3208	3205	2329	876
3209	3224	2387	837
3210	2753	1935	818
3211	2640	1842	798
3212	2913	2130	783
3213	3013	2271	742
3214	2771	2039	732
3215	2589	1826	763
3216	2798	2030	768
3217	2996	2206	790
3218	2886	2081	805
3219	2745	1964	781
3220	2892	2141	751
3221	3009	2244	765
3222	2791	2025	766
3223	2596	1849	747
3224	3031	2247	784
3225	3104	2361	743
3226	2722	2008	714
3227	2555	1827	728
3228	2829	2116	713
3229	2997	2276	721
3230	2894	2119	775
3231	2688	1915	773
3232	2743	2052	691
3233	2988	2260	728
3234	3091	2236	855
3235	2859	2035	824
3236	2813	2074	739
3237	3055	2276	779
3238	2937	2170	767
3239	2617	1915	702
3240	2828	2124	704
3241	2941	2214	727
3242	2764	2001	763
3243	2719	1956	763
3244	3000	2181	819
3245	3026	2306	720
3246	2750	2041	709
3247	2692	1928	764
3248	2949	2206	743
3249	3257	2490	767
3250	2780	2094	686
3251	2595	1857	738
3252	2889	2129	760
3253	2979	2257	722
3254	2789	2051	738
3255	2600	1857	743
3256	2881	2133	748
3257	3054	2304	750
3258	2885	2119	766
3259	2564	1895	669
3260	2817	2174	643
3261	2939	2267	672
3262	2652	1963	689
3263	2556	1868	688
3264	2928	2204	724
3265	3023	2268	755
3266	2724	1949	775
3267	2501	1813	688
3268	2878	2177	701
3269	3105	2375	730
3270	2864	2113	751
3271	2693	1987	706
3272	2895	2222	673
3273	2932	2292	640
3274	2752	2045	707
3275	2637	1919	718
3276	3183	2391	792
3277	3169	2390	779
3278	2705	2016	689
3279	2539	1905	634
3280	2877	2208	669
3281	2942	2312	630
3282	2761	2039	722
3283	2667	1913	754
3284	2786	2095	691
3285	2956	2242	714
3286	2753	2034	719
3287	2631	1897	734
3288	2912	2230	682
3289	2880	2274	606
3290	3603	2771	832
3291	3228	2407	821
3292	2725	2048	677
3293	2828	2203	625
3294	2629	1998	631
3295	2552	1885	667
3296	2801	2107	694
3297	2851	2185	666
3298	2589	1984	605
3299	2596	1889	707
3300	2712	2063	649
3301	2845	2222	623
3302	2693	2035	658
3303	2507	1817	690
3304	2676	2030	646
3305	2734	2085	649
3306	2648	1974	674
3307	2485	1853	632
3308	2755	2011	744
3309	2744	2074	670
3310	2637	1978	659
3311	2536	1842	694
3312	2717	2034	683
3313	2747	2087	660
3314	2607	1946	661
3315	2601	1888	713
3316	2807	2098	709
3317	2800	2153	647
3318	2576	1934	642
3319	2609	1954	655
3320	2701	2103	598
3321	2690	2074	616
3322	2685	1954	731
3323	2586	1875	711
3324	2644	1952	692
3325	2794	2132	662
3326	2698	2034	664
3327	2567	1901	666
3328	2892	2147	745
3329	3140	2360	780
3330	2769	2050	719
3331	2658	1952	706
3332	2812	2154	658
3333	2735	2137	598
3334	2597	1954	643
3335	2528	1867	661
3336	2752	2102	650
3337	2892	2208	684
3338	2938	2164	774
3339	2685	1940	745
3340	3089	2330	759
3341	2985	2315	670
3342	2666	2028	638
3343	2627	1927	700
3344	2658	2035	623
3345	2953	2244	709
3346	2884	2154	730
3347	2709	2007	702
3348	2828	2105	723
3349	2857	2145	712
3350	2664	2008	656
3351	2507	1858	649
3352	2783	2109	674
3353	3046	2291	755
3354	2790	2060	730
3355	2609	1919	690
3356	2659	2052	607
3357	2669	2077	592
3358	2648	2034	614
3359	2486	1882	604
3360	2746	2084	662
3361	2954	2240	714
3362	2791	2085	706
3363	2590	1919	671
3364	2805	2118	687
3365	2883	2220	663
3366	2745	2062	683
3367	2772	2017	755
3368	2903	2173	730
3369	2964	2293	671
3370	2819	2057	762
3371	2640	1915	725
3372	2792	2136	656
3373	2888	2228	660
3374	2700	2004	696
3375	2588	1929	659
3376	2801	2123	678
3377	2714	2096	618
3378	2567	1941	626
3379	3098	2329	769
3380	2958	2229	729
3381	2756	2095	661
3382	2663	2002	661
3383	2538	1896	642
3384	2840	2180	660
3385	2930	2297	633
3386	2682	1979	703
3387	2512	1807	705
3388	2692	2030	662
3389	2753	2136	617
3390	2784	2106	678
3391	2505	1909	596
3392	2590	1977	613
3393	2815	2171	644
3394	2721	2037	684
3395	2793	2043	750
3396	2826	2148	678
3397	2750	2145	605
3398	2582	1951	631
3399	2453	1858	595
3400	2627	2018	609
3401	2740	2145	595
3402	2632	1993	639
3403	2558	1892	666
3404	2845	2167	678
3405	2887	2193	694
3406	2573	1941	632
3407	2574	1925	649
3408	2825	2174	651
3409	2914	2277	637
3410	2810	2151	659
3411	2536	1861	675
3412	2861	2157	704
3413	2814	2151	663
3414	2641	1983	658
3415	2576	1917	659
3416	2669	2061	608
3417	2669	2089	580
3418	2597	1931	666
3419	2441	1847	594
3420	2590	2033	557
3421	2777	2190	587
3422	2579	1957	622
3423	2394	1787	607
3424	2540	1922	618
3425	2796	2170	626
3426	2732	2073	659
3427	2569	1934	635
3428	2805	2088	717
3429	2853	2196	657
3430	2679	2047	632
3431	2451	1862	589
3432	2653	2017	636
3433	2773	2096	677
3434	2737	2094	643
3435	2569	1953	616
3436	2634	2023	611
3437	2754	2133	621
3438	2628	2010	618
3439	2583	1932	651
3440	2785	2161	624
3441	2657	2116	541
3442	2716	2077	639
3443	2600	1960	640
3444	2625	2055	570
3445	2628	2050	578
3446	2397	1843	554
3447	2429	1835	594
3448	2577	1972	605
3449	2750	2121	629
3450	2833	2092	741
3451	2643	1950	693
3452	2722	2098	624
3453	2725	2126	599
3454	2727	2097	630
3455	2581	1942	639
3456	2899	2176	723
3457	2931	2254	677
3458	2593	2008	585
3459	2477	1870	607
3460	2741	2089	652
3461	2863	2233	630
3462	2663	2025	638
3463	2423	1785	638
3464	2687	2033	654
3465	2777	2171	606
3466	2536	1958	578
3467	2407	1814	593
3468	2671	2053	618
3469	2763	2192	571
3470	2615	2010	605
3471	2548	1912	636
3472	2806	2165	641
3473	2860	2263	597
3474	2529	1973	556
3475	2357	1806	551
3476	2535	1984	551
3477	2712	2109	603
3478	2563	1932	631
3479	2428	1804	624
3480	2639	2007	632
3481	2738	2127	611
3482	2535	1961	574
3483	2425	1824	601
3484	2593	2021	572
3485	2766	2169	597
3486	2572	1957	615
3487	2570	1877	693
3488	2721	2025	696
3489	2819	2144	675
3490	2526	1919	607
3491	2410	1812	598
3492	2712	2047	665
3493	2823	2175	648
3494	3233	2528	705
3495	2877	2196	681
3496	2739	2099	640
3497	2816	2198	618
3498	2706	2068	638
3499	2581	1983	598
3500	2671	2087	584
3501	2794	2216	578
3502	2627	2043	584
3503	2456	1868	588
3504	2607	2044	563
3505	2803	2156	647
3506	2698	2016	682
3507	2691	1982	709
3508	2858	2134	724
3509	2773	2123	650
3510	2658	2000	658
3511	2498	1876	622
3512	2704	2077	627
3513	2812	2162	650
3514	2630	2005	625
3515	2472	1879	593
3516	2609	2034	575
3517	2718	2113	605
3518	2705	2036	669
3519	2665	1997	668
3520	2600	1995	605
3521	2636	2063	573
3522	2733	2062	671
3523	2857	2121	736
3524	2825	2140	685
3525	2802	2165	637
3526	2718	2071	647
3527	2525	1947	578
3528	2744	2129	615
3529	2828	2216	612
3530	2638	2029	609
3531	2499	1924	575
3532	2571	2007	564
3533	2750	2140	610
3534	2553	1977	576
3535	2522	1945	577
3536	2769	2145	624
3537	2776	2173	603
3538	2549	1947	602
3539	2485	1841	644
3540	2650	2051	599
3541	2888	2248	640
3542	2697	2047	650
3543	2578	1952	626
3544	2720	2142	578
3545	2745	2194	551
3546	2656	2062	594
3547	2505	1897	608
3548	3010	2287	723
3549	2937	2276	661
3550	2585	1973	612
3551	2484	1889	595
3552	2784	2099	685
3553	2824	2161	663
3554	2629	2024	605
3555	2552	1924	628
3556	2709	2093	616
3557	2741	2163	578
3558	2549	1995	554
3559	2415	1886	529
3560	2770	2128	642
3561	2950	2288	662
3562	2633	2016	617
3563	2488	1891	597
3564	2757	2133	624
3565	2741	2194	547
3566	2609	2024	585
3567	2538	1953	585
3568	2937	2301	636
3569	2873	2263	610
3570	2711	2123	588
3571	2491	1928	563
3572	2734	2117	617
3573	2969	2339	630
3574	2619	2003	616
3575	2510	1896	614
3576	2572	1981	591
3577	2715	2148	567
3578	2528	1982	546
3579	2525	1896	629
3580	2665	2072	593
3581	2711	2119	592
3582	2713	2035	678
3583	2566	1930	636
3584	2810	2137	673
3585	2939	2259	680
3586	2676	2066	610
3587	2428	1871	557
3588	2806	2175	631
3589	2916	2282	634
3590	2706	2040	666
3591	2506	1864	642
3592	2848	2112	736
3593	2905	2246	659
3594	2733	2107	626
3595	2628	1990	638
3596	2795	2158	637
3597	2956	2303	653
3598	2739	2114	625
3599	2517	1951	566
3600	2770	2168	602
3601	2948	2297	651
3602	2726	2070	656
3603	2492	1908	584
3604	2697	2113	584
3605	2727	2152	575
3606	2717	2085	632
3607	2622	1995	627
3608	2683	2121	562
3609	2696	2126	570
3610	2686	2063	623
3611	2606	2022	584
3612	2884	2261	623
3613	3065	2397	668
3614	2687	2083	604
3615	2536	1945	591
3616	2630	2066	564
3617	2658	2130	528
3618	2547	2007	540
3619	2656	1995	661
3620	2779	2119	660
3621	2971	2323	648
3622	2968	2274	694
3623	2742	2044	698
3624	2761	2115	646
3625	2787	2183	604
3626	2890	2239	651
3627	2636	2023	613
3628	2679	2100	579
3629	2758	2195	563
3630	2692	2095	597
3631	2547	1936	611
3632	2767	2180	587
3633	2892	2328	564
3634	2733	2120	613
3635	2510	1881	629
3636	2653	2059	594
3637	2794	2212	582
3638	2870	2238	632
3639	2725	2100	625
3640	2788	2153	635
3641	2830	2240	590
3642	2580	2054	526
3643	2410	1870	540
3644	2624	2044	580
3645	2794	2229	565
3646	2706	2122	584
3647	2604	2022	582
3648	2824	2246	578
