index	original	background	difference
-----------------------------------------------------
1	4401	2270	2131
2	4133	2116	2017
3	4063	2044	2019
4	4131	2105	2026
5	4114	2099	2015
6	4317	2188	2129
7	4399	2181	2218
8	4340	2211	2129
9	4252	2187	2065
10	4121	2005	2116
11	4027	1971	2056
12	4135	2099	2036
13	4265	2229	2036
14	4281	2194	2087
15	4080	2039	2041
16	4216	2140	2076
17	4249	2176	2073
18	4188	2107	2081
19	3971	1926	2045
20	4051	2002	2049
21	4271	2159	2112
22	4175	2077	2098
23	4096	2013	2083
24	4168	2131	2037
25	4260	2168	2092
26	4185	2058	2127
27	3953	1903	2050
28	4017	1972	2045
29	4111	2072	2039
30	4168	2063	2105
31	4146	1997	2149
32	4236	2089	2147
33	4230	2100	2130
34	4062	2012	2050
35	4197	2087	2110
36	4260	2155	2105
37	4176	2153	2023
38	4113	2068	2045
39	3991	1954	2037
40	4089	2025	2064
41	4205	2114	2091
42	4082	1998	2084
43	4043	1945	2098
44	4149	2051	2098
45	4305	2199	2106
46	4245	2142	2103
47	4107	2041	2066
48	4101	2047	2054
49	4275	2151	2124
50	4291	2186	2105
51	4278	2143	2135
52	4253	2127	2126
53	4414	2234	2180
54	4190	2052	2138
55	3934	1875	2059
56	4148	2058	2090
57	4462	2280	2182
58	4197	2054	2143
59	4030	1922	2108
60	4210	2063	2147
61	4382	2243	2139
62	4287	2164	2123
63	4124	2021	2103
64	4191	2109	2082
65	4333	2182	2151
66	4255	2090	2165
67	4198	1992	2206
68	4253	2051	2202
69	4182	2063	2119
70	4121	1976	2145
71	4245	2063	2182
72	4561	2306	2255
73	4413	2208	2205
74	4170	2047	2123
75	4068	1906	2162
76	4195	2013	2182
77	4296	2144	2152
78	4217	2082	2135
79	4251	2072	2179
80	4296	2128	2168
81	4404	2190	2214
82	4171	2011	2160
83	4187	2009	2178
84	4309	2097	2212
85	4380	2181	2199
86	4293	2098	2195
87	4207	2044	2163
88	4302	2110	2192
89	4391	2187	2204
90	4312	2098	2214
91	4472	2177	2295
92	4541	2279	2262
93	4305	2130	2175
94	4186	2024	2162
95	4187	1960	2227
96	4375	2140	2235
97	4462	2264	2198
98	4349	2123	2226
99	4282	2050	2232
100	4304	2087	2217
101	4425	2148	2277
102	4480	2098	2382
103	4399	2061	2338
104	4583	2265	2318
105	4670	2350	2320
106	4517	2206	2311
107	4374	2063	2311
108	4452	2158	2294
109	4582	2221	2361
110	4395	2111	2284
111	4524	2180	2344
112	4573	2219	2354
113	4465	2120	2345
114	4429	2096	2333
115	4371	2086	2285
116	4465	2138	2327
117	4573	2219	2354
118	4403	2070	2333
119	4338	1995	2343
120	4361	2083	2278
121	4429	2129	2300
122	4415	2053	2362
123	4278	1936	2342
124	4297	2038	2259
125	4390	2099	2291
126	4460	2078	2382
127	4478	2113	2365
128	4814	2384	2430
129	4687	2322	2365
130	4396	2133	2263
131	4352	2017	2335
132	4621	2189	2432
133	4580	2193	2387
134	4385	1992	2393
135	4409	2010	2399
136	4524	2176	2348
137	4605	2223	2382
138	4437	2091	2346
139	4473	2096	2377
140	4511	2061	2450
141	4568	2109	2459
142	4552	2162	2390
143	4491	2085	2406
144	4639	2154	2485
145	4638	2139	2499
146	4638	2160	2478
147	4526	2084	2442
148	4495	2075	2420
149	4673	2253	2420
150	4664	2220	2444
151	4475	2036	2439
152	4690	2212	2478
153	4762	2287	2475
154	4726	2212	2514
155	4637	2156	2481
156	4789	2290	2499
157	4666	2200	2466
158	4517	2042	2475
159	4458	2020	2438
160	4622	2178	2444
161	4660	2231	2429
162	4571	2099	2472
163	4583	2099	2484
164	4787	2268	2519
165	4755	2255	2500
166	4727	2151	2576
167	4610	2068	2542
168	4624	2150	2474
169	4697	2214	2483
170	4564	2131	2433
171	4669	2107	2562
172	4748	2198	2550
173	4716	2230	2486
174	4473	2057	2416
175	4550	2050	2500
176	4595	2112	2483
177	4668	2157	2511
178	4531	2075	2456
179	4568	2075	2493
180	4857	2265	2592
181	4787	2267	2520
182	4703	2185	2518
183	4513	1994	2519
184	4578	2102	2476
185	4697	2187	2510
186	4559	2071	2488
187	4516	1982	2534
188	4609	2081	2528
189	4734	2226	2508
190	4755	2222	2533
191	4788	2135	2653
192	4875	2245	2630
193	4822	2227	2595
194	4653	2107	2546
195	4571	2043	2528
196	4689	2188	2501
197	4766	2218	2548
198	4618	2093	2525
199	4815	2185	2630
200	4876	2236	2640
201	4804	2226	2578
202	4778	2182	2596
203	4649	2061	2588
204	4826	2264	2562
205	4818	2271	2547
206	4678	2110	2568
207	4617	2013	2604
208	4661	2062	2599
209	4864	2238	2626
210	4793	2182	2611
211	4633	2050	2583
212	4948	2293	2655
213	4855	2250	2605
214	4667	2096	2571
215	4596	2020	2576
216	4823	2237	2586
217	5003	2308	2695
218	4735	2053	2682
219	4773	2074	2699
220	4964	2330	2634
221	4904	2292	2612
222	4797	2151	2646
223	4733	2054	2679
224	4764	2148	2616
225	5049	2358	2691
226	4827	2141	2686
227	4731	2116	2615
228	4900	2261	2639
229	5007	2321	2686
230	4752	2141	2611
231	4645	2045	2600
232	4840	2205	2635
233	5161	2417	2744
234	5032	2271	2761
235	4819	2104	2715
236	4818	2137	2681
237	4885	2231	2654
238	4805	2143	2662
239	4801	2079	2722
240	4928	2193	2735
241	5201	2361	2840
242	5074	2238	2836
243	5049	2216	2833
244	4975	2226	2749
245	4862	2205	2657
246	4791	2139	2652
247	4813	2074	2739
248	4987	2233	2754
249	5118	2339	2779
250	4954	2195	2759
251	4755	2024	2731
252	4988	2227	2761
253	4995	2252	2743
254	4970	2209	2761
255	5018	2151	2867
256	4976	2214	2762
257	5023	2219	2804
258	4926	2049	2877
259	4849	2031	2818
260	4937	2137	2800
261	4981	2199	2782
262	5064	2243	2821
263	4991	2116	2875
264	5093	2250	2843
265	4999	2173	2826
266	4917	2120	2797
267	4899	2068	2831
268	5195	2285	2910
269	5237	2313	2924
270	5201	2231	2970
271	5279	2311	2968
272	5147	2253	2894
273	4979	2161	2818
274	4984	2123	2861
275	5110	2153	2957
276	5138	2200	2938
277	5062	2155	2907
278	4982	2098	2884
279	4904	2059	2845
280	4985	2124	2861
281	5008	2166	2842
282	4963	2114	2849
283	5027	2120	2907
284	5252	2281	2971
285	5306	2306	3000
286	5012	2075	2937
287	4907	1993	2914
288	5167	2218	2949
289	5403	2354	3049
290	5274	2285	2989
291	4976	2106	2870
292	5060	2144	2916
293	5217	2245	2972
294	5033	2115	2918
295	5096	2044	3052
296	5189	2161	3028
297	5150	2174	2976
298	5106	2122	2984
299	5112	2064	3048
300	5123	2160	2963
301	5194	2216	2978
302	5073	2076	2997
303	5076	2073	3003
304	5175	2175	3000
305	5172	2206	2966
306	5200	2183	3017
307	5180	2109	3071
308	5192	2141	3051
309	5397	2356	3041
310	5172	2144	3028
311	4939	1992	2947
312	5174	2106	3068
313	5322	2237	3085
314	5334	2280	3054
315	5311	2195	3116
316	5309	2240	3069
317	5168	2184	2984
318	5154	2118	3036
319	5205	2118	3087
320	5249	2189	3060
321	5254	2236	3018
322	5336	2205	3131
323	5238	2113	3125
324	5222	2157	3065
325	5288	2204	3084
326	5196	2084	3112
327	5097	2043	3054
328	5307	2243	3064
329	5429	2318	3111
330	5254	2181	3073
331	5025	2031	2994
332	5251	2238	3013
333	5909	2790	3119
334	5535	2433	3102
335	5228	2197	3031
336	5408	2356	3052
337	5431	2323	3108
338	5285	2147	3138
339	5239	2142	3097
340	5315	2240	3075
341	5416	2279	3137
342	5407	2257	3150
343	5310	2169	3141
344	5293	2154	3139
345	5314	2262	3052
346	5389	2242	3147
347	5212	2060	3152
348	5293	2138	3155
349	5345	2195	3150
350	5271	2161	3110
351	5340	2173	3167
352	5570	2417	3153
353	5450	2332	3118
354	5269	2099	3170
355	5287	2095	3192
356	5407	2210	3197
357	5415	2248	3167
358	5331	2193	3138
359	5193	2052	3141
360	5334	2136	3198
361	5390	2230	3160
362	5406	2241	3165
363	5339	2138	3201
364	5312	2126	3186
365	5373	2155	3218
366	5262	2074	3188
367	5198	1984	3214
368	5460	2229	3231
369	5533	2346	3187
370	5485	2246	3239
371	5364	2164	3200
372	5470	2261	3209
373	5496	2278	3218
374	5402	2154	3248
375	5487	2184	3303
376	5508	2259	3249
377	5448	2302	3146
378	5459	2250	3209
379	5349	2097	3252
380	5486	2273	3213
381	5508	2282	3226
382	5495	2205	3290
383	5327	2076	3251
384	5473	2244	3229
385	5532	2311	3221
386	5427	2190	3237
387	5494	2158	3336
388	5653	2340	3313
389	5658	2421	3237
390	5423	2228	3195
391	5429	2169	3260
392	5604	2281	3323
393	5450	2201	3249
394	5412	2274	3138
395	5377	2171	3206
396	5370	2155	3215
397	5448	2205	3243
398	5378	2158	3220
399	5327	2077	3250
400	5560	2225	3335
401	5543	2282	3261
402	5371	2141	3230
403	5363	2110	3253
404	5766	2337	3429
405	5677	2301	3376
406	5710	2399	3311
407	5530	2211	3319
408	5608	2285	3323
409	5521	2216	3305
410	5378	2073	3305
411	5441	2121	3320
412	5549	2209	3340
413	5514	2246	3268
414	5525	2190	3335
415	5470	2111	3359
416	5537	2255	3282
417	5513	2255	3258
418	5388	2093	3295
419	5272	2011	3261
420	5410	2126	3284
421	5481	2151	3330
422	5343	2083	3260
423	5623	2287	3336
424	5648	2313	3335
425	5604	2305	3299
426	5363	2060	3303
427	5219	1955	3264
428	5481	2199	3282
429	5813	2506	3307
430	5598	2261	3337
431	5514	2116	3398
432	5655	2306	3349
433	5801	2413	3388
434	5509	2174	3335
435	5275	2011	3264
436	5639	2298	3341
437	5695	2382	3313
438	5353	2126	3227
439	5290	2036	3254
440	5539	2277	3262
441	5570	2283	3287
442	5351	2021	3330
443	5438	2041	3397
444	5619	2240	3379
445	5706	2400	3306
446	5537	2214	3323
447	5391	2083	3308
448	5697	2331	3366
449	5827	2441	3386
450	5684	2258	3426
451	5535	2040	3495
452	5565	2208	3357
453	5668	2325	3343
454	5525	2178	3347
455	5467	2077	3390
456	5633	2235	3398
457	5809	2393	3416
458	5548	2170	3378
459	5465	2079	3386
460	5708	2340	3368
461	5752	2392	3360
462	5640	2230	3410
463	5375	1990	3385
464	5511	2155	3356
465	5700	2304	3396
466	5380	2071	3309
467	5290	1980	3310
468	5623	2246	3377
469	5952	2450	3502
470	5814	2344	3470
471	5459	2082	3377
472	5599	2211	3388
473	5753	2408	3345
474	5610	2226	3384
475	5392	1984	3408
476	5548	2156	3392
477	5776	2335	3441
478	5718	2212	3506
479	5383	2002	3381
480	5587	2247	3340
481	5815	2410	3405
482	5790	2347	3443
483	5578	2140	3438
484	5685	2247	3438
485	5679	2300	3379
486	5525	2144	3381
487	5346	1942	3404
488	5632	2208	3424
489	5771	2347	3424
490	5518	2082	3436
491	5333	1955	3378
492	5650	2259	3391
493	5752	2397	3355
494	5558	2161	3397
495	5572	2135	3437
496	5755	2339	3416
497	5738	2313	3425
498	5535	2131	3404
499	5361	1967	3394
500	5629	2202	3427
501	5827	2386	3441
502	5502	2139	3363
503	5454	2037	3417
504	5648	2264	3384
505	5725	2324	3401
506	5680	2251	3429
507	5585	2113	3472
508	5893	2380	3513
509	6046	2516	3530
510	5752	2279	3473
511	5504	2036	3468
512	5766	2281	3485
513	5797	2406	3391
514	5666	2275	3391
515	5728	2237	3491
516	5807	2312	3495
517	5748	2282	3466
518	5584	2160	3424
519	5659	2159	3500
520	5844	2387	3457
521	5800	2383	3417
522	5701	2237	3464
523	5765	2199	3566
524	5783	2307	3476
525	5921	2456	3465
526	5686	2197	3489
527	5490	1973	3517
528	5801	2235	3566
529	5827	2369	3458
530	5606	2143	3463
531	5473	1942	3531
532	5634	2162	3472
533	5778	2313	3465
534	5661	2173	3488
535	6290	2828	3462
536	6115	2717	3398
537	5806	2375	3431
538	5638	2168	3470
539	5548	2028	3520
540	5599	2178	3421
541	5832	2370	3462
542	5710	2162	3548
543	5455	1950	3505
544	5633	2234	3399
545	5812	2429	3383
546	5600	2188	3412
547	5455	2073	3382
548	5751	2312	3439
549	6114	2563	3551
550	5711	2222	3489
551	5471	2000	3471
552	6035	2520	3515
553	6068	2522	3546
554	5820	2302	3518
555	5587	2104	3483
556	5703	2268	3435
557	5691	2289	3402
558	5470	2069	3401
559	5443	2025	3418
560	5633	2214	3419
561	5974	2544	3430
562	5686	2238	3448
563	5457	1980	3477
564	5736	2236	3500
565	5879	2398	3481
566	5677	2184	3493
567	5553	2073	3480
568	5757	2285	3472
569	5886	2371	3515
570	5673	2136	3537
571	5477	1980	3497
572	5748	2241	3507
573	5866	2338	3528
574	5619	2131	3488
575	5458	1973	3485
576	5809	2202	3607
577	5858	2354	3504
578	5724	2198	3526
579	5645	2127	3518
580	5811	2321	3490
581	5866	2396	3470
582	5504	2157	3347
583	5377	1947	3430
584	5626	2172	3454
585	5668	2245	3423
586	5704	2208	3496
587	5583	2082	3501
588	5765	2260	3505
589	5905	2363	3542
590	5805	2189	3616
591	5572	2024	3548
592	5611	2151	3460
593	5797	2296	3501
594	5574	2036	3538
595	5500	1940	3560
596	5642	2161	3481
597	5870	2336	3534
598	5941	2267	3674
599	5689	2058	3631
600	5761	2229	3532
601	5863	2317	3546
602	5678	2196	3482
603	5530	2083	3447
604	5642	2193	3449
605	5766	2260	3506
606	5696	2101	3595
607	5594	1994	3600
608	5882	2273	3609
609	5885	2294	3591
610	5740	2141	3599
611	5597	2079	3518
612	5723	2242	3481
613	5870	2313	3557
614	5824	2229	3595
615	5582	2064	3518
616	5766	2240	3526
617	5947	2361	3586
618	5685	2113	3572
619	5556	2028	3528
620	6010	2443	3567
621	6082	2439	3643
622	5739	2189	3550
623	5656	2065	3591
624	5745	2217	3528
625	5871	2315	3556
626	5742	2175	3567
627	5664	2054	3610
628	5909	2311	3598
629	5985	2363	3622
630	5795	2176	3619
631	5615	2014	3601
632	5875	2250	3625
633	6079	2414	3665
634	6092	2380	3712
635	5813	2148	3665
636	5986	2372	3614
637	6015	2359	3656
638	5858	2174	3684
639	5696	2036	3660
640	5760	2214	3546
641	5839	2264	3575
642	5681	2039	3642
643	5729	2004	3725
644	5875	2186	3689
645	6089	2322	3767
646	6137	2373	3764
647	5933	2205	3728
648	5980	2321	3659
649	6049	2368	3681
650	5682	2042	3640
651	5645	1938	3707
652	6084	2300	3784
653	6114	2407	3707
654	5832	2197	3635
655	5659	2037	3622
656	5930	2181	3749
657	6017	2287	3730
658	5894	2169	3725
659	5764	1977	3787
660	5802	2136	3666
661	6019	2392	3627
662	5848	2214	3634
663	5524	1978	3546
664	5687	2122	3565
665	5829	2256	3573
666	5620	2066	3554
667	5626	2019	3607
668	5892	2229	3663
669	6053	2270	3783
670	5881	2097	3784
671	5779	1977	3802
672	5974	2234	3740
673	6120	2385	3735
674	6047	2258	3789
675	5919	2093	3826
676	5998	2204	3794
677	6071	2270	3801
678	5884	2115	3769
679	5858	2087	3771
680	6089	2237	3852
681	6042	2239	3803
682	5992	2148	3844
683	5761	1994	3767
684	6102	2302	3800
685	6298	2456	3842
686	5989	2169	3820
687	5878	2069	3809
688	6018	2219	3799
689	6217	2317	3900
690	6070	2189	3881
691	5994	2089	3905
692	6105	2251	3854
693	6208	2386	3822
694	5924	2103	3821
695	5888	2007	3881
696	6104	2159	3945
697	6144	2215	3929
698	5999	2130	3869
699	5889	2041	3848
700	6530	2502	4028
701	6429	2479	3950
702	6020	2170	3850
703	5893	2041	3852
704	6242	2369	3873
705	6332	2435	3897
706	6170	2281	3889
707	5922	2064	3858
708	6066	2237	3829
709	6242	2378	3864
710	6046	2112	3934
711	5944	1996	3948
712	6241	2353	3888
713	6445	2488	3957
714	6064	2108	3956
715	5892	2022	3870
716	6270	2301	3969
717	6432	2382	4050
718	6237	2246	3991
719	6042	2076	3966
720	6130	2193	3937
721	6221	2297	3924
722	6241	2288	3953
723	6086	2101	3985
724	6255	2248	4007
725	6452	2430	4022
726	6224	2209	4015
727	6043	2034	4009
728	6230	2197	4033
729	6353	2290	4063
730	6213	2152	4061
731	6082	2002	4080
732	6467	2428	4039
733	6529	2472	4057
734	6326	2216	4110
735	6236	2097	4139
736	6433	2303	4130
737	6437	2366	4071
738	6329	2232	4097
739	6182	2096	4086
740	6575	2402	4173
741	6629	2465	4164
742	6249	2136	4113
743	6135	2003	4132
744	6408	2263	4145
745	6571	2346	4225
746	6471	2237	4234
747	6222	2053	4169
748	6373	2230	4143
749	6568	2330	4238
750	6384	2158	4226
751	6285	2079	4206
752	6396	2301	4095
753	6465	2350	4115
754	6228	2113	4115
755	6066	1929	4137
756	6450	2268	4182
757	6782	2462	4320
758	6605	2261	4344
759	6338	2077	4261
760	6520	2230	4290
761	6661	2365	4296
762	6433	2155	4278
763	6407	2057	4350
764	6636	2251	4385
765	6685	2310	4375
766	6457	2110	4347
767	6432	2012	4420
768	6790	2357	4433
769	6867	2476	4391
770	6561	2157	4404
771	6482	2061	4421
772	6652	2235	4417
773	6882	2364	4518
774	6739	2176	4563
775	6551	2017	4534
776	7213	2673	4540
777	7196	2648	4548
778	6647	2183	4464
779	6514	2088	4426
780	6852	2334	4518
781	7081	2479	4602
782	6887	2263	4624
783	6636	2054	4582
784	6737	2209	4528
785	6747	2264	4483
786	6791	2237	4554
787	6760	2095	4665
788	6938	2268	4670
789	7026	2311	4715
790	6786	2060	4726
791	6605	1961	4644
792	6976	2306	4670
793	7341	2531	4810
794	7056	2215	4841
795	6736	1987	4749
796	6965	2278	4687
797	6947	2364	4583
798	6773	2086	4687
799	6953	2136	4817
800	7198	2349	4849
801	7121	2380	4741
802	6901	2158	4743
803	6761	2017	4744
804	7022	2271	4751
805	7087	2389	4698
806	6896	2143	4753
807	6835	2025	4810
808	7151	2376	4775
809	7230	2443	4787
810	7095	2247	4848
811	7168	2228	4940
812	7336	2383	4953
813	7316	2444	4872
814	7239	2350	4889
815	7052	2158	4894
816	7359	2439	4920
817	7349	2442	4907
818	7224	2182	5042
819	7170	2140	5030
820	7261	2294	4967
821	7411	2343	5068
822	7444	2424	5020
823	7294	2264	5030
824	7347	2291	5056
825	7419	2317	5102
826	7262	2179	5083
827	7173	2162	5011
828	7408	2371	5037
829	7638	2492	5146
830	7250	2187	5063
831	7182	2055	5127
832	7440	2231	5209
833	7438	2336	5102
834	7281	2182	5099
835	7222	2062	5160
836	7582	2396	5186
837	7663	2479	5184
838	7319	2170	5149
839	7214	2047	5167
840	7528	2303	5225
841	7527	2346	5181
842	7394	2140	5254
843	7258	1993	5265
844	7562	2269	5293
845	7837	2529	5308
846	7602	2288	5314
847	7411	2114	5297
848	7634	2279	5355
849	7693	2333	5360
850	7599	2247	5352
851	7584	2189	5395
852	7622	2294	5328
853	7826	2402	5424
854	7661	2237	5424
855	7534	2063	5471
856	7752	2313	5439
857	7859	2366	5493
858	7765	2193	5572
859	7519	2015	5504
860	7703	2241	5462
861	7898	2361	5537
862	7686	2174	5512
863	7520	2015	5505
864	7653	2192	5461
865	7900	2400	5500
866	7747	2254	5493
867	7593	2048	5545
868	7793	2213	5580
869	8107	2423	5684
870	7896	2277	5619
871	7634	2055	5579
872	7809	2203	5606
873	8023	2304	5719
874	7835	2158	5677
875	7748	2098	5650
876	8012	2276	5736
877	8071	2378	5693
878	7770	2197	5573
879	7602	2065	5537
880	7827	2272	5555
881	8093	2375	5718
882	8052	2259	5793
883	7824	2057	5767
884	7871	2274	5597
885	7955	2417	5538
886	7874	2185	5689
887	7805	2050	5755
888	7923	2152	5771
889	8081	2246	5835
890	8226	2316	5910
891	8052	2163	5889
892	8175	2285	5890
893	8332	2383	5949
894	8159	2217	5942
895	8010	2105	5905
896	8264	2267	5997
897	8429	2295	6134
898	8364	2244	6120
899	8088	2086	6002
900	8195	2261	5934
901	8282	2308	5974
902	8236	2185	6051
903	8265	2126	6139
904	8556	2394	6162
905	8512	2359	6153
906	8296	2196	6100
907	8126	2045	6081
908	8508	2319	6189
909	8661	2477	6184
910	8330	2189	6141
911	8183	1983	6200
912	8358	2174	6184
913	8523	2309	6214
914	8298	2166	6132
915	8140	2006	6134
916	8389	2232	6157
917	8652	2399	6253
918	8502	2176	6326
919	8457	2078	6379
920	8570	2253	6317
921	8642	2339	6303
922	8383	2146	6237
923	8229	1959	6270
924	8373	2106	6267
925	8570	2306	6264
926	8504	2138	6366
927	8451	2014	6437
928	8623	2251	6372
929	8800	2423	6377
930	8578	2203	6375
931	8433	2053	6380
932	8620	2252	6368
933	8932	2448	6484
934	8641	2220	6421
935	8322	1982	6340
936	8512	2177	6335
937	8717	2313	6404
938	8481	2104	6377
939	8948	2395	6553
940	9008	2479	6529
941	9079	2596	6483
942	8612	2206	6406
943	8363	1908	6455
944	8738	2213	6525
945	8925	2408	6517
946	8611	2194	6417
947	8596	2101	6495
948	8770	2264	6506
949	8847	2379	6468
950	8862	2338	6524
951	8836	2207	6629
952	8862	2303	6559
953	8847	2359	6488
954	8766	2210	6556
955	8800	2140	6660
956	8931	2335	6596
957	9163	2619	6544
958	8725	2238	6487
959	8585	2082	6503
960	8873	2326	6547
961	8840	2406	6434
962	8810	2281	6529
963	8964	2307	6657
964	9323	2615	6708
965	9108	2444	6664
966	8695	2087	6608
967	8615	2036	6579
968	9057	2373	6684
969	9008	2373	6635
970	8728	2167	6561
971	8671	2085	6586
972	8797	2162	6635
973	8972	2327	6645
974	8943	2229	6714
975	8745	2064	6681
976	8944	2278	6666
977	9089	2298	6791
978	8802	2115	6687
979	8790	2122	6668
980	9015	2330	6685
981	9156	2385	6771
982	8899	2166	6733
983	8900	2082	6818
984	9063	2324	6739
985	9108	2351	6757
986	9077	2240	6837
987	8886	2102	6784
988	8909	2282	6627
989	8988	2368	6620
990	8795	2125	6670
991	8694	2029	6665
992	9056	2332	6724
993	9158	2435	6723
994	8880	2174	6706
995	8791	2026	6765
996	9008	2292	6716
997	9111	2364	6747
998	8802	2148	6654
999	8732	2148	6584
1000	8975	2266	6709
1001	9013	2289	6724
1002	8827	2129	6698
1003	8745	2008	6737
1004	9080	2309	6771
1005	9100	2390	6710
1006	8859	2123	6736
1007	8732	2027	6705
1008	9000	2274	6726
1009	9244	2405	6839
1010	9213	2462	6751
1011	8963	2244	6719
1012	8845	2226	6619
1013	9267	2543	6724
1014	8949	2250	6699
1015	8718	2041	6677
1016	8887	2255	6632
1017	9075	2340	6735
1018	9021	2206	6815
1019	8719	2031	6688
1020	8996	2273	6723
1021	9213	2397	6816
1022	9165	2303	6862
1023	9112	2200	6912
1024	9106	2305	6801
1025	9070	2331	6739
1026	8840	2126	6714
1027	8810	2052	6758
1028	9226	2383	6843
1029	9254	2395	6859
1030	9180	2251	6929
1031	9065	2148	6917
1032	9132	2265	6867
1033	9129	2331	6798
1034	9022	2236	6786
1035	8987	2107	6880
1036	9037	2216	6821
1037	9321	2421	6900
1038	9201	2357	6844
1039	9095	2218	6877
1040	9178	2339	6839
1041	9243	2440	6803
1042	9016	2241	6775
1043	8757	2065	6692
1044	8809	2094	6715
1045	9219	2420	6799
1046	9031	2280	6751
1047	8748	2060	6688
1048	9055	2320	6735
1049	9239	2457	6782
1050	9050	2253	6797
1051	8848	2133	6715
1052	9184	2474	6710
1053	9247	2467	6780
1054	9639	2739	6900
1055	9159	2347	6812
1056	8939	2236	6703
1057	9092	2416	6676
1058	8939	2248	6691
1059	8748	2045	6703
1060	8956	2287	6669
1061	8992	2397	6595
1062	8724	2158	6566
1063	8695	2132	6563
1064	8770	2267	6503
1065	8857	2370	6487
1066	8716	2211	6505
1067	8614	2044	6570
1068	8988	2345	6643
1069	8954	2386	6568
1070	8883	2248	6635
1071	8854	2140	6714
1072	8942	2192	6750
1073	9068	2384	6684
1074	9131	2263	6868
1075	8873	2022	6851
1076	9126	2334	6792
1077	9142	2415	6727
1078	8899	2186	6713
1079	8934	2158	6776
1080	9219	2417	6802
1081	9169	2383	6786
1082	9054	2225	6829
1083	8961	2064	6897
1084	9081	2238	6843
1085	9076	2251	6825
1086	8915	2166	6749
1087	8870	2074	6796
1088	9148	2271	6877
1089	9174	2372	6802
1090	8953	2176	6777
1091	9008	2166	6842
1092	9222	2376	6846
1093	9269	2412	6857
1094	9026	2178	6848
1095	8763	2024	6739
1096	8841	2213	6628
1097	9108	2393	6715
1098	8971	2238	6733
1099	8710	2034	6676
1100	8767	2121	6646
1101	9010	2381	6629
1102	8920	2219	6701
1103	8854	2093	6761
1104	9037	2275	6762
1105	9063	2306	6757
1106	8828	2126	6702
1107	8663	2045	6618
1108	8868	2218	6650
1109	8996	2274	6722
1110	8873	2117	6756
1111	9012	2210	6802
1112	9184	2375	6809
1113	9246	2419	6827
1114	8971	2188	6783
1115	8729	2008	6721
1116	8711	2148	6563
1117	8920	2279	6641
1118	8957	2255	6702
1119	8914	2114	6800
1120	9091	2211	6880
1121	9125	2272	6853
1122	9035	2241	6794
1123	9041	2161	6880
1124	9385	2421	6964
1125	9347	2422	6925
1126	9015	2134	6881
1127	8955	2017	6938
1128	9142	2213	6929
1129	9218	2265	6953
1130	8990	2083	6907
1131	8897	2030	6867
1132	8999	2202	6797
1133	9304	2350	6954
1134	9150	2147	7003
1135	8919	2014	6905
1136	9259	2348	6911
1137	9319	2436	6883
1138	9100	2194	6906
1139	8997	2072	6925
1140	9169	2286	6883
1141	9227	2313	6914
1142	9219	2208	7011
1143	9287	2236	7051
1144	9314	2341	6973
1145	9276	2322	6954
1146	9246	2219	7027
1147	9087	2066	7021
1148	9203	2198	7005
1149	9276	2295	6981
1150	9053	2112	6941
1151	9349	2229	7120
1152	9401	2258	7143
1153	9530	2297	7233
1154	9376	2198	7178
1155	9209	2114	7095
1156	9419	2273	7146
1157	9845	2557	7288
1158	9482	2252	7230
1159	9147	2035	7112
1160	9531	2354	7177
1161	9595	2420	7175
1162	9311	2175	7136
1163	9281	2094	7187
1164	9449	2237	7212
1165	9535	2392	7143
1166	9377	2229	7148
1167	9321	2091	7230
1168	9649	2368	7281
1169	9731	2397	7334
1170	9380	2122	7258
1171	9675	2291	7384
1172	9919	2526	7393
1173	9781	2493	7288
1174	9555	2218	7337
1175	9324	2044	7280
1176	9539	2264	7275
1177	9638	2330	7308
1178	9508	2166	7342
1179	9336	1969	7367
1180	9487	2129	7358
1181	9823	2350	7473
1182	9574	2175	7399
1183	9408	2031	7377
1184	9689	2261	7428
1185	9730	2301	7429
1186	9717	2165	7552
1187	9562	2025	7537
1188	9695	2117	7578
1189	9882	2300	7582
1190	9718	2216	7502
1191	9531	2052	7479
1192	9814	2265	7549
1193	9837	2345	7492
1194	9659	2102	7557
1195	9619	1992	7627
1196	9746	2174	7572
1197	10024	2347	7677
1198	9835	2164	7671
1199	9821	2134	7687
1200	10203	2452	7751
1201	10348	2518	7830
1202	9899	2153	7746
1203	9765	2086	7679
1204	10028	2336	7692
1205	10361	2526	7835
1206	10120	2241	7879
1207	9878	2053	7825
1208	9958	2160	7798
1209	10089	2290	7799
1210	10008	2208	7800
1211	9917	2122	7795
1212	10050	2253	7797
1213	10127	2360	7767
1214	9954	2188	7766
1215	9833	2069	7764
1216	9969	2219	7750
1217	10264	2355	7909
1218	10093	2218	7875
1219	9912	2091	7821
1220	10150	2283	7867
1221	10237	2369	7868
1222	10157	2212	7945
1223	10049	2069	7980
1224	10212	2226	7986
1225	10309	2297	8012
1226	10037	2102	7935
1227	10013	1948	8065
1228	10417	2346	8071
1229	10475	2439	8036
1230	10337	2197	8140
1231	10209	2083	8126
1232	10284	2292	7992
1233	10394	2317	8077
1234	10288	2155	8133
1235	10193	2086	8107
1236	10470	2326	8144
1237	10633	2387	8246
1238	10455	2157	8298
1239	10272	1943	8329
1240	10545	2227	8318
1241	10742	2458	8284
1242	10459	2173	8286
1243	10287	2019	8268
1244	10538	2252	8286
1245	10786	2406	8380
1246	10641	2162	8479
1247	10524	2099	8425
1248	10680	2310	8370
1249	10757	2346	8411
1250	10691	2137	8554
1251	10585	2105	8480
1252	10688	2246	8442
1253	10801	2259	8542
1254	10739	2157	8582
1255	10684	2107	8577
1256	10857	2345	8512
1257	10940	2346	8594
1258	10666	2107	8559
1259	10463	2002	8461
1260	10729	2209	8520
1261	10882	2279	8603
1262	10967	2356	8611
1263	10710	2140	8570
1264	10851	2270	8581
1265	10998	2306	8692
1266	10862	2172	8690
1267	10820	2077	8743
1268	10967	2265	8702
1269	11084	2360	8724
1270	10787	2090	8697
1271	10871	2018	8853
1272	11738	2800	8938
1273	11524	2613	8911
1274	11092	2199	8893
1275	10994	2020	8974
1276	11163	2170	8993
1277	11375	2318	9057
1278	11229	2147	9082
1279	11027	2074	8953
1280	11383	2336	9047
1281	11492	2322	9170
1282	11481	2231	9250
1283	11254	2074	9180
1284	11469	2231	9238
1285	11495	2338	9157
1286	11305	2148	9157
1287	11198	2081	9117
1288	11475	2294	9181
1289	11561	2413	9148
1290	11318	2223	9095
1291	11338	2090	9248
1292	11759	2336	9423
1293	11764	2376	9388
1294	11430	2080	9350
1295	11209	1955	9254
1296	11944	2609	9335
1297	12109	2672	9437
1298	11660	2230	9430
1299	11599	2150	9449
1300	11753	2297	9456
1301	11931	2380	9551
1302	11766	2168	9598
1303	11582	2037	9545
1304	11910	2322	9588
1305	12057	2461	9596
1306	11825	2209	9616
1307	11859	2127	9732
1308	12140	2318	9822
1309	12180	2473	9707
1310	11971	2231	9740
1311	11958	2073	9885
1312	12276	2328	9948
1313	12196	2314	9882
1314	12143	2227	9916
1315	12073	2166	9907
1316	12386	2337	10049
1317	12449	2354	10095
1318	12157	2142	10015
1319	12111	2012	10099
1320	12434	2251	10183
1321	12681	2486	10195
1322	12320	2199	10121
1323	12124	1991	10133
1324	12344	2188	10156
1325	12439	2234	10205
1326	12293	2101	10192
1327	12203	1996	10207
1328	12498	2259	10239
1329	12844	2421	10423
1330	12651	2224	10427
1331	12346	2001	10345
1332	12431	2165	10266
1333	12706	2371	10335
1334	12539	2163	10376
1335	12393	2014	10379
1336	12713	2263	10450
1337	12858	2353	10505
1338	12651	2162	10489
1339	12554	2013	10541
1340	12814	2250	10564
1341	12918	2383	10535
1342	12752	2153	10599
1343	12661	2021	10640
1344	12840	2208	10632
1345	12942	2338	10604
1346	13020	2301	10719
1347	12773	2147	10626
1348	12815	2204	10611
1349	12898	2270	10628
1350	12740	2116	10624
1351	12626	1973	10653
1352	13199	2397	10802
1353	13164	2408	10756
1354	12859	2075	10784
1355	12901	2037	10864
1356	13092	2233	10859
1357	13167	2295	10872
1358	13233	2268	10965
1359	13260	2216	11044
1360	13231	2270	10961
1361	13280	2333	10947
1362	13139	2169	10970
1363	12962	2027	10935
1364	13241	2304	10937
1365	13420	2417	11003
1366	13243	2244	10999
1367	13069	2075	10994
1368	13315	2308	11007
1369	13520	2392	11128
1370	13383	2208	11175
1371	13149	2066	11083
1372	13370	2287	11083
1373	13624	2466	11158
1374	13298	2257	11041
1375	13167	2075	11092
1376	13444	2257	11187
1377	13571	2282	11289
1378	13429	2197	11232
1379	13312	2113	11199
1380	13378	2228	11150
1381	13498	2299	11199
1382	13310	2154	11156
1383	13207	2024	11183
1384	13419	2215	11204
1385	13565	2341	11224
1386	13395	2127	11268
1387	13223	2015	11208
1388	13788	2460	11328
1389	13874	2541	11333
1390	13533	2249	11284
1391	13385	2153	11232
1392	13540	2308	11232
1393	13633	2376	11257
1394	13383	2120	11263
1395	13249	1952	11297
1396	13529	2215	11314
1397	13737	2396	11341
1398	13666	2165	11501
1399	13665	2139	11526
1400	13729	2307	11422
1401	13734	2360	11374
1402	13462	2148	11314
1403	13539	2110	11429
1404	13811	2250	11561
1405	13815	2318	11497
1406	13620	2107	11513
1407	13556	2024	11532
1408	13685	2128	11557
1409	13956	2305	11651
1410	13801	2198	11603
1411	13659	2039	11620
1412	13793	2176	11617
1413	13898	2341	11557
1414	13895	2225	11670
1415	13891	2150	11741
1416	14141	2295	11846
1417	14173	2349	11824
1418	14030	2293	11737
1419	13882	2164	11718
1420	14068	2233	11835
1421	14228	2367	11861
1422	14001	2148	11853
1423	13884	2065	11819
1424	14273	2403	11870
1425	14404	2454	11950
1426	14087	2129	11958
1427	13915	1983	11932
1428	14322	2319	12003
1429	14379	2344	12035
1430	14098	2108	11990
1431	14003	2034	11969
1432	14176	2249	11927
1433	14301	2392	11909
1434	14188	2180	12008
1435	14003	2084	11919
1436	14356	2443	11913
1437	14521	2512	12009
1438	14209	2223	11986
1439	14188	2140	12048
1440	14498	2446	12052
1441	14347	2397	11950
1442	14030	2109	11921
1443	13859	2021	11838
1444	14289	2329	11960
1445	14345	2358	11987
1446	13939	2080	11859
1447	13835	1978	11857
1448	14116	2217	11899
1449	14186	2286	11900
1450	14127	2206	11921
1451	13859	2063	11796
1452	14009	2201	11808
1453	14012	2214	11798
1454	13828	2004	11824
1455	13908	1985	11923
1456	14119	2296	11823
1457	14057	2331	11726
1458	13883	2121	11762
1459	13677	1959	11718
1460	13857	2261	11596
1461	14015	2397	11618
1462	13685	2118	11567
1463	13730	2110	11620
1464	13847	2232	11615
1465	13876	2280	11596
1466	13913	2298	11615
1467	13665	2135	11530
1468	13820	2327	11493
1469	14068	2436	11632
1470	13767	2195	11572
1471	13546	2025	11521
1472	13882	2253	11629
1473	13947	2302	11645
1474	13794	2161	11633
1475	13708	2042	11666
1476	13919	2298	11621
1477	14069	2417	11652
1478	13815	2154	11661
1479	13561	2062	11499
1480	13716	2214	11502
1481	13843	2285	11558
1482	13766	2200	11566
1483	13717	2154	11563
1484	13989	2336	11653
1485	14161	2445	11716
1486	13947	2338	11609
1487	13738	2159	11579
1488	13853	2245	11608
1489	13895	2284	11611
1490	13697	2101	11596
1491	14021	2242	11779
1492	14109	2353	11756
1493	13983	2291	11692
1494	13669	2064	11605
1495	13605	2018	11587
1496	13962	2318	11644
1497	13969	2305	11664
1498	13671	2103	11568
1499	13484	1994	11490
1500	13804	2222	11582
1501	13937	2355	11582
1502	13734	2151	11583
1503	13629	2062	11567
1504	13735	2304	11431
1505	13866	2456	11410
1506	13707	2200	11507
1507	13631	2012	11619
1508	13626	2105	11521
1509	13853	2439	11414
1510	13615	2179	11436
1511	13413	1972	11441
1512	13574	2251	11323
1513	13714	2405	11309
1514	13633	2301	11332
1515	13418	2114	11304
1516	13601	2322	11279
1517	13699	2394	11305
1518	13483	2252	11231
1519	13299	2053	11246
1520	13512	2274	11238
1521	13827	2465	11362
1522	13632	2315	11317
1523	13251	2068	11183
1524	13227	2134	11093
1525	13407	2270	11137
1526	13421	2206	11215
1527	13244	2044	11200
1528	13382	2166	11216
1529	13365	2247	11118
1530	13250	2107	11143
1531	13263	2136	11127
1532	13352	2296	11056
1533	13260	2306	10954
1534	13228	2175	11053
1535	13254	2154	11100
1536	13301	2210	11091
1537	13441	2299	11142
1538	13473	2300	11173
1539	13282	2184	11098
1540	13406	2368	11038
1541	13472	2379	11093
1542	13444	2361	11083
1543	13442	2322	11120
1544	13371	2292	11079
1545	13151	2247	10904
1546	12898	2061	10837
1547	12939	2033	10906
1548	13174	2243	10931
1549	13163	2313	10850
1550	12982	2150	10832
1551	12821	1977	10844
1552	13157	2319	10838
1553	13313	2463	10850
1554	12913	2154	10759
1555	12764	2036	10728
1556	12949	2200	10749
1557	13182	2400	10782
1558	12773	2116	10657
1559	12689	2015	10674
1560	12880	2189	10691
1561	13095	2367	10728
1562	12992	2203	10789
1563	12854	2081	10773
1564	12948	2246	10702
1565	12969	2315	10654
1566	12702	2139	10563
1567	12674	2042	10632
1568	13167	2508	10659
1569	13167	2518	10649
1570	12669	2146	10523
1571	12554	2057	10497
1572	13670	3058	10612
1573	13336	2799	10537
1574	12544	2133	10411
1575	12559	2062	10497
1576	13046	2509	10537
1577	12914	2439	10475
1578	12563	2207	10356
1579	12550	2216	10334
1580	12589	2302	10287
1581	12592	2346	10246
1582	12407	2127	10280
1583	12261	2033	10228
1584	12361	2122	10239
1585	12391	2239	10152
1586	12256	2171	10085
1587	12033	2067	9966
1588	12270	2220	10050
1589	12545	2381	10164
1590	12304	2170	10134
1591	12111	1989	10122
1592	12418	2234	10184
1593	12373	2261	10112
1594	12057	2120	9937
1595	12224	2194	10030
1596	12816	2696	10120
1597	12625	2516	10109
1598	12130	2152	9978
1599	12056	2026	10030
1600	12328	2244	10084
1601	12209	2249	9960
1602	12153	2207	9946
1603	12079	2145	9934
1604	12285	2260	10025
1605	12330	2272	10058
1606	12170	2125	10045
1607	12062	2095	9967
1608	12246	2274	9972
1609	12369	2256	10113
1610	12182	2083	10099
1611	12015	2013	10002
1612	12192	2271	9921
1613	12236	2307	9929
1614	12204	2220	9984
1615	11994	2033	9961
1616	12232	2270	9962
1617	12395	2351	10044
1618	12357	2306	10051
1619	12169	2183	9986
1620	12344	2339	10005
1621	12332	2390	9942
1622	11945	2134	9811
1623	11948	2042	9906
1624	12390	2442	9948
1625	12330	2469	9861
1626	12061	2191	9870
1627	11891	2054	9837
1628	12363	2492	9871
1629	12462	2581	9881
1630	12021	2218	9803
1631	11741	1995	9746
1632	12115	2306	9809
1633	12142	2322	9820
1634	12039	2166	9873
1635	11897	2055	9842
1636	12062	2212	9850
1637	12109	2242	9867
1638	11854	2081	9773
1639	11841	2059	9782
1640	12329	2437	9892
1641	12328	2474	9854
1642	12061	2254	9807
1643	11724	2024	9700
1644	11844	2165	9679
1645	12004	2255	9749
1646	11887	2163	9724
1647	11681	2027	9654
1648	11910	2276	9634
1649	12067	2355	9712
1650	11822	2121	9701
1651	11738	2017	9721
1652	11878	2259	9619
1653	11976	2327	9649
1654	11703	2061	9642
1655	11672	2007	9665
1656	11816	2175	9641
1657	11830	2188	9642
1658	11708	2117	9591
1659	11590	2056	9534
1660	11913	2347	9566
1661	12190	2551	9639
1662	11828	2251	9577
1663	11585	2063	9522
1664	11908	2282	9626
1665	12060	2343	9717
1666	11779	2205	9574
1667	11680	2147	9533
1668	11856	2264	9592
1669	11861	2311	9550
1670	11741	2189	9552
1671	11740	2143	9597
1672	11878	2273	9605
1673	12001	2308	9693
1674	11705	2139	9566
1675	11553	1986	9567
1676	11886	2191	9695
1677	12003	2302	9701
1678	11805	2173	9632
1679	11647	2052	9595
1680	11996	2358	9638
1681	12112	2458	9654
1682	11793	2202	9591
1683	11693	2014	9679
1684	12079	2324	9755
1685	12114	2361	9753
1686	11825	2076	9749
1687	11823	2102	9721
1688	11994	2248	9746
1689	11932	2261	9671
1690	11794	2155	9639
1691	11648	2074	9574
1692	11889	2336	9553
1693	11909	2333	9576
1694	11630	2066	9564
1695	11600	2042	9558
1696	11765	2237	9528
1697	11852	2314	9538
1698	11629	2162	9467
1699	11634	2089	9545
1700	12016	2376	9640
1701	12062	2466	9596
1702	11860	2141	9719
1703	11712	2063	9649
1704	11776	2210	9566
1705	11929	2312	9617
1706	11730	2129	9601
1707	11651	2072	9579
1708	11889	2344	9545
1709	12096	2505	9591
1710	11986	2361	9625
1711	11817	2130	9687
1712	12010	2292	9718
1713	12172	2412	9760
1714	11955	2185	9770
1715	11606	1974	9632
1716	11758	2193	9565
1717	12066	2306	9760
1718	11889	2158	9731
1719	11651	2093	9558
1720	11904	2338	9566
1721	12000	2343	9657
1722	11870	2160	9710
1723	11757	2043	9714
1724	12097	2302	9795
1725	12196	2405	9791
1726	11907	2173	9734
1727	11859	2048	9811
1728	11848	2082	9766
1729	12047	2320	9727
1730	11882	2142	9740
1731	11758	2064	9694
1732	12047	2251	9796
1733	12055	2257	9798
1734	11854	2084	9770
1735	11791	1949	9842
1736	11999	2124	9875
1737	12222	2349	9873
1738	12116	2275	9841
1739	12046	2099	9947
1740	12113	2237	9876
1741	12185	2307	9878
1742	12102	2191	9911
1743	11999	2101	9898
1744	12073	2223	9850
1745	12116	2265	9851
1746	11964	2116	9848
1747	12061	2092	9969
1748	12182	2240	9942
1749	12313	2309	10004
1750	12032	2116	9916
1751	11916	1960	9956
1752	12192	2179	10013
1753	12381	2349	10032
1754	12133	2187	9946
1755	12014	2007	10007
1756	12219	2250	9969
1757	12286	2339	9947
1758	12154	2144	10010
1759	11971	1993	9978
1760	12038	2183	9855
1761	12228	2227	10001
1762	12093	2138	9955
1763	11855	2017	9838
1764	12113	2287	9826
1765	12272	2379	9893
1766	12082	2114	9968
1767	12038	2032	10006
1768	12152	2155	9997
1769	12237	2246	9991
1770	12191	2155	10036
1771	12278	2132	10146
1772	12431	2307	10124
1773	12529	2430	10099
1774	12381	2337	10044
1775	12268	2098	10170
1776	12417	2229	10188
1777	12419	2289	10130
1778	12237	2060	10177
1779	12079	1953	10126
1780	12252	2130	10122
1781	12407	2246	10161
1782	12485	2244	10241
1783	12296	2097	10199
1784	12336	2126	10210
1785	12562	2362	10200
1786	12472	2249	10223
1787	12222	1998	10224
1788	12598	2225	10373
1789	12660	2359	10301
1790	12443	2239	10204
1791	12221	2057	10164
1792	12420	2142	10278
1793	12706	2371	10335
1794	12570	2126	10444
1795	12292	1983	10309
1796	12546	2252	10294
1797	12727	2338	10389
1798	12562	2241	10321
1799	12492	2159	10333
1800	12652	2333	10319
1801	12568	2324	10244
1802	12318	2066	10252
1803	12337	2004	10333
1804	12522	2185	10337
1805	12962	2514	10448
1806	12705	2213	10492
1807	12386	1967	10419
1808	12651	2214	10437
1809	12663	2188	10475
1810	12611	2083	10528
1811	12687	2017	10670
1812	12673	2118	10555
1813	12995	2394	10601
1814	12936	2299	10637
1815	12660	2067	10593
1816	12933	2351	10582
1817	12939	2450	10489
1818	12702	2248	10454
1819	12571	2030	10541
1820	12686	2136	10550
1821	12826	2241	10585
1822	12776	2161	10615
1823	12623	1999	10624
1824	12780	2215	10565
1825	12974	2336	10638
1826	12787	2106	10681
1827	12746	2105	10641
1828	13144	2520	10624
1829	13143	2415	10728
1830	12917	2194	10723
1831	12648	2031	10617
1832	12832	2285	10547
1833	12871	2342	10529
1834	12663	2104	10559
1835	12532	1971	10561
1836	12805	2166	10639
1837	12856	2306	10550
1838	12834	2292	10542
1839	12659	2106	10553
1840	12719	2180	10539
1841	12811	2233	10578
1842	12653	2075	10578
1843	12553	1997	10556
1844	12686	2168	10518
1845	12835	2315	10520
1846	12589	2072	10517
1847	12397	1994	10403
1848	12615	2159	10456
1849	12631	2239	10392
1850	12448	2124	10324
1851	12324	2017	10307
1852	12561	2133	10428
1853	12672	2247	10425
1854	12492	2161	10331
1855	12257	2009	10248
1856	12633	2234	10399
1857	12887	2360	10527
1858	12516	2160	10356
1859	12335	2014	10321
1860	12365	2169	10196
1861	12518	2300	10218
1862	12346	2119	10227
1863	12160	1957	10203
1864	12379	2235	10144
1865	12669	2521	10148
1866	12246	2160	10086
1867	12041	1921	10120
1868	12251	2210	10041
1869	12357	2370	9987
1870	12115	2051	10064
1871	12002	1934	10068
1872	12321	2306	10015
1873	12353	2293	10060
1874	11954	1940	10014
1875	11747	1820	9927
1876	12331	2341	9990
1877	12359	2409	9950
1878	11924	2036	9888
1879	11766	1889	9877
1880	12226	2314	9912
1881	12302	2423	9879
1882	11828	2063	9765
1883	11602	1917	9685
1884	11919	2234	9685
1885	12025	2308	9717
1886	11723	1990	9733
1887	11482	1856	9626
1888	11849	2292	9557
1889	11981	2438	9543
1890	11791	2153	9638
1891	11627	1949	9678
1892	11855	2254	9601
1893	11839	2284	9555
1894	11546	2041	9505
1895	11433	1898	9535
1896	11748	2217	9531
1897	11845	2354	9491
1898	11536	2105	9431
1899	11444	1922	9522
1900	11567	2168	9399
1901	11658	2272	9386
1902	11492	2062	9430
1903	11310	1883	9427
1904	11504	2078	9426
1905	11595	2216	9379
1906	11332	2002	9330
1907	11199	1924	9275
1908	11418	2209	9209
1909	11675	2355	9320
1910	11468	2070	9398
1911	11211	1910	9301
1912	11375	2144	9231
1913	11522	2329	9193
1914	11377	2219	9158
1915	11357	2177	9180
1916	11554	2364	9190
1917	11497	2383	9114
1918	11202	2140	9062
1919	10987	1946	9041
1920	11233	2230	9003
1921	11402	2346	9056
1922	11005	2022	8983
1923	10920	1962	8958
1924	11145	2286	8859
1925	11165	2267	8898
1926	10912	1998	8914
1927	10929	1989	8940
1928	11132	2267	8865
1929	11197	2443	8754
1930	10746	2060	8686
1931	10566	1881	8685
1932	10880	2208	8672
1933	10898	2278	8620
1934	10515	2023	8492
1935	10326	1941	8385
1936	10692	2163	8529
1937	11028	2470	8558
1938	10717	2185	8532
1939	10373	1865	8508
1940	10596	2144	8452
1941	10739	2326	8413
1942	10491	2121	8370
1943	10256	1897	8359
1944	10531	2131	8400
1945	10691	2303	8388
1946	10433	2059	8374
1947	10134	1905	8229
1948	10423	2223	8200
1949	10539	2332	8207
1950	10189	2076	8113
1951	10114	1941	8173
1952	10473	2238	8235
1953	10500	2319	8181
1954	10296	2132	8164
1955	9943	1926	8017
1956	10197	2125	8072
1957	10293	2281	8012
1958	9929	2030	7899
1959	9987	2026	7961
1960	10199	2272	7927
1961	10188	2278	7910
1962	9995	2014	7981
1963	9817	1875	7942
1964	10031	2089	7942
1965	10297	2305	7992
1966	10018	2100	7918
1967	9856	1978	7878
1968	10097	2269	7828
1969	10142	2363	7779
1970	9778	2064	7714
1971	9562	1856	7706
1972	9728	2005	7723
1973	10005	2309	7696
1974	9651	2056	7595
1975	9324	1861	7463
1976	9523	2069	7454
1977	9885	2330	7555
1978	9852	2213	7639
1979	9671	2045	7626
1980	9854	2303	7551
1981	9925	2376	7549
1982	9716	2127	7589
1983	9484	1952	7532
1984	9670	2213	7457
1985	9972	2500	7472
1986	9671	2212	7459
1987	9248	1866	7382
1988	9433	2095	7338
1989	9733	2406	7327
1990	9379	2098	7281
1991	9198	1955	7243
1992	9579	2269	7310
1993	9732	2412	7320
1994	9333	2043	7290
1995	9145	1881	7264
1996	9435	2150	7285
1997	9576	2279	7297
1998	9191	1977	7214
1999	9093	1911	7182
2000	9415	2193	7222
2001	9427	2283	7144
2002	9088	1962	7126
2003	9160	1961	7199
2004	9446	2300	7146
2005	9513	2404	7109
2006	9098	2103	6995
2007	8934	1933	7001
2008	9391	2336	7055
2009	9423	2403	7020
2010	9436	2368	7068
2011	9133	2161	6972
2012	9312	2238	7074
2013	9534	2391	7143
2014	9171	2108	7063
2015	8900	1880	7020
2016	9102	2193	6909
2017	9213	2320	6893
2018	8885	2032	6853
2019	8728	1874	6854
2020	9089	2167	6922
2021	9314	2362	6952
2022	8886	2027	6859
2023	8822	1923	6899
2024	9184	2276	6908
2025	9168	2321	6847
2026	8989	2122	6867
2027	8923	2044	6879
2028	8947	2211	6736
2029	9049	2242	6807
2030	8897	2010	6887
2031	8848	1919	6929
2032	9089	2244	6845
2033	9168	2336	6832
2034	9170	2292	6878
2035	8842	2033	6809
2036	8966	2184	6782
2037	9313	2442	6871
2038	8984	2103	6881
2039	8784	1936	6848
2040	8958	2190	6768
2041	8999	2283	6716
2042	8785	2079	6706
2043	8660	1904	6756
2044	8943	2227	6716
2045	9179	2491	6688
2046	8803	2148	6655
2047	8600	1878	6722
2048	8877	2172	6705
2049	9065	2325	6740
2050	8696	2010	6686
2051	8617	1887	6730
2052	9050	2273	6777
2053	9174	2439	6735
2054	8706	2099	6607
2055	8622	1948	6674
2056	9005	2271	6734
2057	8955	2255	6700
2058	8719	1942	6777
2059	8606	1876	6730
2060	8920	2168	6752
2061	9064	2345	6719
2062	8769	2074	6695
2063	8847	2072	6775
2064	9097	2349	6748
2065	9077	2313	6764
2066	8729	1982	6747
2067	8647	1870	6777
2068	9014	2300	6714
2069	9114	2453	6661
2070	8748	2076	6672
2071	8599	1924	6675
2072	8925	2185	6740
2073	9237	2486	6751
2074	8909	2196	6713
2075	8449	1857	6592
2076	8765	2133	6632
2077	9089	2317	6772
2078	9160	2285	6875
2079	8698	2023	6675
2080	8743	2121	6622
2081	8896	2182	6714
2082	8686	2007	6679
2083	8545	1883	6662
2084	9009	2307	6702
2085	9000	2324	6676
2086	8700	1988	6712
2087	8432	1803	6629
2088	8678	2074	6604
2089	8887	2210	6677
2090	8605	1967	6638
2091	8534	1863	6671
2092	8901	2158	6743
2093	8978	2281	6697
2094	8745	2062	6683
2095	8577	1860	6717
2096	8818	2125	6693
2097	8977	2263	6714
2098	8894	2111	6783
2099	8934	2154	6780
2100	9082	2297	6785
2101	9105	2316	6789
2102	8858	2016	6842
2103	8680	1831	6849
2104	8803	2057	6746
2105	9077	2229	6848
2106	8872	1973	6899
2107	8644	1858	6786
2108	9149	2262	6887
2109	9274	2344	6930
2110	9011	2120	6891
2111	8747	1914	6833
2112	9038	2151	6887
2113	9365	2404	6961
2114	9027	2152	6875
2115	8803	1922	6881
2116	9038	2135	6903
2117	9280	2320	6960
2118	8981	2067	6914
2119	8913	1984	6929
2120	9149	2191	6958
2121	9344	2333	7011
2122	9238	2131	7107
2123	8989	1937	7052
2124	9127	2165	6962
2125	9391	2401	6990
2126	9046	2083	6963
2127	8779	1840	6939
2128	9091	2177	6914
2129	9309	2336	6973
2130	9146	2061	7085
2131	8953	1871	7082
2132	9174	2125	7049
2133	9311	2301	7010
2134	9022	2011	7011
2135	8936	1827	7109
2136	9173	2095	7078
2137	9419	2375	7044
2138	9081	2100	6981
2139	8807	1865	6942
2140	9244	2213	7031
2141	9375	2307	7068
2142	9124	2046	7078
2143	9076	1954	7122
2144	9167	2122	7045
2145	9323	2302	7021
2146	9145	2121	7024
2147	8897	1903	6994
2148	9183	2157	7026
2149	9243	2275	6968
2150	9127	2101	7026
2151	8984	1889	7095
2152	9414	2262	7152
2153	9657	2582	7075
2154	9175	2172	7003
2155	8960	1934	7026
2156	9243	2277	6966
2157	9313	2315	6998
2158	8921	1961	6960
2159	8822	1896	6926
2160	9182	2135	7047
2161	9456	2388	7068
2162	9325	2278	7047
2163	8874	1983	6891
2164	9052	2129	6923
2165	9368	2324	7044
2166	9009	2082	6927
2167	8737	1877	6860
2168	8955	2095	6860
2169	9106	2255	6851
2170	9147	2172	6975
2171	8842	1900	6942
2172	8982	2094	6888
2173	9199	2288	6911
2174	8883	2034	6849
2175	8845	1988	6857
2176	9084	2218	6866
2177	9052	2255	6797
2178	8983	2194	6789
2179	8870	2096	6774
2180	9031	2243	6788
2181	9103	2322	6781
2182	8828	2066	6762
2183	8645	1872	6773
2184	8931	2199	6732
2185	9197	2479	6718
2186	8896	2172	6724
2187	8768	2019	6749
2188	8880	2180	6700
2189	8938	2259	6679
2190	8617	2017	6600
2191	8655	1973	6682
2192	8881	2247	6634
2193	9001	2363	6638
2194	8658	2049	6609
2195	8397	1853	6544
2196	8667	2105	6562
2197	8946	2366	6580
2198	8653	2103	6550
2199	8409	1910	6499
2200	8913	2352	6561
2201	8901	2363	6538
2202	8639	2119	6520
2203	8403	1937	6466
2204	8356	2047	6309
2205	8594	2231	6363
2206	8323	2028	6295
2207	8309	1952	6357
2208	8450	2173	6277
2209	8500	2279	6221
2210	8246	2047	6199
2211	8261	1988	6273
2212	8392	2158	6234
2213	8547	2297	6250
2214	8248	2087	6161
2215	7944	1854	6090
2216	8261	2106	6155
2217	8427	2286	6141
2218	8081	2021	6060
2219	7867	1845	6022
2220	8101	2073	6028
2221	8421	2265	6156
2222	8187	2041	6146
2223	7845	1815	6030
2224	8116	2129	5987
2225	8219	2227	5992
2226	8164	2137	6027
2227	8017	1987	6030
2228	8077	2181	5896
2229	8206	2288	5918
2230	7912	1993	5919
2231	7639	1843	5796
2232	8159	2290	5869
2233	8379	2489	5890
2234	7884	2146	5738
2235	7708	1974	5734
2236	7905	2140	5765
2237	8015	2331	5684
2238	7818	2164	5654
2239	7631	2033	5598
2240	7705	2177	5528
2241	7784	2214	5570
2242	7715	2104	5611
2243	7484	1913	5571
2244	7589	2131	5458
2245	7728	2298	5430
2246	7506	2049	5457
2247	7320	1869	5451
2248	7833	2328	5505
2249	7771	2352	5419
2250	7565	2183	5382
2251	7359	2014	5345
2252	7625	2273	5352
2253	7732	2322	5410
2254	7358	2003	5355
2255	7332	1957	5375
2256	7483	2203	5280
2257	7490	2326	5164
2258	7221	2056	5165
2259	7121	1939	5182
2260	7547	2217	5330
2261	7519	2282	5237
2262	7291	2112	5179
2263	7015	1956	5059
2264	7131	2122	5009
2265	7330	2239	5091
2266	7230	2025	5205
2267	7087	1907	5180
2268	7143	2130	5013
2269	7161	2163	4998
2270	7025	2008	5017
2271	7149	2088	5061
2272	7388	2289	5099
2273	7367	2324	5043
2274	7054	2052	5002
2275	6841	1863	4978
2276	7173	2196	4977
2277	7298	2344	4954
2278	7095	2141	4954
2279	6837	1945	4892
2280	7018	2133	4885
2281	7302	2350	4952
2282	7053	2148	4905
2283	6752	1967	4785
2284	7262	2361	4901
2285	7288	2399	4889
2286	6762	2009	4753
2287	6571	1865	4706
2288	6925	2182	4743
2289	7591	2705	4886
2290	7178	2385	4793
2291	6626	1926	4700
2292	7130	2311	4819
2293	7207	2474	4733
2294	6812	2092	4720
2295	6624	1877	4747
2296	6886	2222	4664
2297	7077	2462	4615
2298	6695	2113	4582
2299	6563	1972	4591
2300	6655	2097	4558
2301	6850	2240	4610
2302	6621	2019	4602
2303	6409	1851	4558
2304	6725	2164	4561
2305	6824	2288	4536
2306	6454	1971	4483
2307	6346	1854	4492
2308	6482	2103	4379
2309	6709	2301	4408
2310	6507	2049	4458
2311	6434	1941	4493
2312	6696	2138	4558
2313	6833	2274	4559
2314	6480	2023	4457
2315	6246	1892	4354
2316	6482	2160	4322
2317	6661	2285	4376
2318	6435	2070	4365
2319	6306	1893	4413
2320	6489	2087	4402
2321	6549	2206	4343
2322	6432	2093	4339
2323	6291	1949	4342
2324	6550	2176	4374
2325	6566	2232	4334
2326	6507	2077	4430
2327	6523	2057	4466
2328	6814	2328	4486
2329	6776	2370	4406
2330	6412	2113	4299
2331	6224	1909	4315
2332	6577	2228	4349
2333	6686	2350	4336
2334	6370	2116	4254
2335	6390	2037	4353
2336	6688	2279	4409
2337	6748	2342	4406
2338	6411	2024	4387
2339	6202	1920	4282
2340	6384	2185	4199
2341	6606	2292	4314
2342	6353	2042	4311
2343	6130	1861	4269
2344	6332	2093	4239
2345	6434	2174	4260
2346	6488	2141	4347
2347	6271	1919	4352
2348	6394	2106	4288
2349	6764	2356	4408
2350	6438	2088	4350
2351	6097	1863	4234
2352	6520	2316	4204
2353	6703	2447	4256
2354	6396	2112	4284
2355	6158	1959	4199
2356	6547	2303	4244
2357	6770	2386	4384
2358	6310	2064	4246
2359	6149	1941	4208
2360	6405	2149	4256
2361	6462	2222	4240
2362	6281	2066	4215
2363	6194	1937	4257
2364	6381	2118	4263
2365	6462	2222	4240
2366	6214	1957	4257
2367	6053	1811	4242
2368	6379	2102	4277
2369	6773	2401	4372
2370	6511	2170	4341
2371	6220	1898	4322
2372	6432	2107	4325
2373	6558	2251	4307
2374	6314	2023	4291
2375	6112	1880	4232
2376	6413	2169	4244
2377	6547	2215	4332
2378	6353	2032	4321
2379	6266	1956	4310
2380	6411	2186	4225
2381	6487	2277	4210
2382	6219	2018	4201
2383	6044	1867	4177
2384	6302	2111	4191
2385	6759	2417	4342
2386	6581	2177	4404
2387	6255	1897	4358
2388	6519	2186	4333
2389	6586	2284	4302
2390	6340	2072	4268
2391	6383	2027	4356
2392	6587	2250	4337
2393	6670	2395	4275
2394	6422	2099	4323
2395	6139	1860	4279
2396	6438	2117	4321
2397	6659	2320	4339
2398	6426	2113	4313
2399	6417	2022	4395
2400	6545	2253	4292
2401	6753	2395	4358
2402	6452	2081	4371
2403	6365	1954	4411
2404	6631	2253	4378
2405	6647	2294	4353
2406	6557	2189	4368
2407	6398	2042	4356
2408	6730	2345	4385
2409	6785	2350	4435
2410	6486	2076	4410
2411	6251	1915	4336
2412	6477	2139	4338
2413	6741	2403	4338
2414	6504	2193	4311
2415	6339	2025	4314
2416	6848	2457	4391
2417	6869	2457	4412
2418	6426	2081	4345
2419	6154	1896	4258
2420	6457	2149	4308
2421	6600	2257	4343
2422	6345	2021	4324
2423	6276	1916	4360
2424	6547	2127	4420
2425	6666	2255	4411
2426	6283	1956	4327
2427	6256	1873	4383
2428	6554	2121	4433
2429	6535	2172	4363
2430	6505	2052	4453
2431	6508	2031	4477
2432	6701	2234	4467
2433	6800	2331	4469
2434	6484	2089	4395
2435	6288	1908	4380
2436	6728	2281	4447
2437	6809	2379	4430
2438	6424	2119	4305
2439	6451	2063	4388
2440	6549	2161	4388
2441	6766	2363	4403
2442	6552	2136	4416
2443	6370	1962	4408
2444	6564	2229	4335
2445	6711	2376	4335
2446	6491	2113	4378
2447	6457	2062	4395
2448	6612	2227	4385
2449	6631	2301	4330
2450	6364	2064	4300
2451	6365	2008	4357
2452	6594	2210	4384
2453	6761	2331	4430
2454	6466	2078	4388
2455	6257	1932	4325
2456	6459	2098	4361
2457	6563	2220	4343
2458	6436	2165	4271
2459	6313	2000	4313
2460	6524	2133	4391
2461	6638	2256	4382
2462	6379	2040	4339
2463	6203	1885	4318
2464	6509	2167	4342
2465	6831	2421	4410
2466	6540	2193	4347
2467	6225	1967	4258
2468	6392	2193	4199
2469	6410	2239	4171
2470	6274	2072	4202
2471	6112	1896	4216
2472	6329	2161	4168
2473	6445	2294	4151
2474	6150	2003	4147
2475	6279	2133	4146
2476	6386	2296	4090
2477	6454	2279	4175
2478	6306	2086	4220
2479	6131	1931	4200
2480	6323	2143	4180
2481	6252	2220	4032
2482	6031	2025	4006
2483	5848	1841	4007
2484	6138	2045	4093
2485	6475	2342	4133
2486	6201	2093	4108
2487	6024	1982	4042
2488	6202	2177	4025
2489	6254	2260	3994
2490	6200	2126	4074
2491	5899	1933	3966
2492	6046	2123	3923
2493	6049	2115	3934
2494	5888	1953	3935
2495	5922	1946	3976
2496	6030	2086	3944
2497	6130	2258	3872
2498	6110	2211	3899
2499	5937	1979	3958
2500	5926	2104	3822
2501	6064	2269	3795
2502	5911	2055	3856
2503	5863	1921	3942
2504	5920	2132	3788
2505	6010	2235	3775
2506	5792	2031	3761
2507	5702	1961	3741
2508	6023	2298	3725
2509	6185	2368	3817
2510	5938	2098	3840
2511	5813	2027	3786
2512	5892	2233	3659
2513	6039	2331	3708
2514	5769	2015	3754
2515	5530	1833	3697
2516	5918	2171	3747
2517	6162	2375	3787
2518	6038	2214	3824
2519	5819	2054	3765
2520	6031	2311	3720
2521	6117	2421	3696
2522	5796	2144	3652
2523	5608	1916	3692
2524	5727	2061	3666
2525	5884	2267	3617
2526	5642	2060	3582
2527	5337	1825	3512
2528	5878	2311	3567
2529	5971	2368	3603
2530	5707	2079	3628
2531	5505	1912	3593
2532	5800	2241	3559
2533	5985	2352	3633
2534	5506	1987	3519
2535	5388	1932	3456
2536	6001	2467	3534
2537	5949	2436	3513
2538	5481	2018	3463
2539	5435	1984	3451
2540	5633	2178	3455
2541	5697	2301	3396
2542	5428	2041	3387
2543	5396	1946	3450
2544	5912	2332	3580
2545	5831	2377	3454
2546	5522	2103	3419
2547	5317	1923	3394
2548	5583	2207	3376
2549	5669	2268	3401
2550	5626	2225	3401
2551	5391	2029	3362
2552	5449	2070	3379
2553	5639	2223	3416
2554	5340	2007	3333
2555	5135	1861	3274
2556	5447	2138	3309
2557	5650	2286	3364
2558	5546	2136	3410
2559	5393	2002	3391
2560	5453	2148	3305
2561	5820	2441	3379
2562	5564	2203	3361
2563	5288	1986	3302
2564	5397	2143	3254
2565	5460	2210	3250
2566	5334	2011	3323
2567	5201	1854	3347
2568	5335	2052	3283
2569	5416	2165	3251
2570	5209	2007	3202
2571	5156	1954	3202
2572	5430	2224	3206
2573	5596	2329	3267
2574	5594	2218	3376
2575	5331	2032	3299
2576	5448	2240	3208
2577	5569	2377	3192
2578	5477	2245	3232
2579	5296	2053	3243
2580	5279	2157	3122
2581	5583	2387	3196
2582	5351	2141	3210
2583	5041	1925	3116
2584	5205	2125	3080
2585	5426	2285	3141
2586	5248	2128	3120
2587	5056	1948	3108
2588	5353	2196	3157
2589	5535	2334	3201
2590	5463	2217	3246
2591	5167	1992	3175
2592	5261	2100	3161
2593	5468	2335	3133
2594	5228	2095	3133
2595	5160	1968	3192
2596	5477	2273	3204
2597	5546	2368	3178
2598	5174	2032	3142
2599	5060	1868	3192
2600	5439	2230	3209
2601	5573	2356	3217
2602	5328	2143	3185
2603	5217	2050	3167
2604	5390	2217	3173
2605	5484	2301	3183
2606	5257	2157	3100
2607	5078	1972	3106
2608	5329	2234	3095
2609	5456	2310	3146
2610	5251	2084	3167
2611	5087	1914	3173
2612	5307	2122	3185
2613	5463	2278	3185
2614	5115	2025	3090
2615	5140	2045	3095
2616	5458	2303	3155
2617	5585	2392	3193
2618	5196	2109	3087
2619	5005	1920	3085
2620	5338	2160	3178
2621	5638	2371	3267
2622	5533	2197	3336
2623	5260	2012	3248
2624	5503	2284	3219
2625	5504	2342	3162
2626	5105	2045	3060
2627	4991	1943	3048
2628	5245	2135	3110
2629	5446	2309	3137
2630	5223	2097	3126
2631	5075	1956	3119
2632	5350	2212	3138
2633	5406	2280	3126
2634	5164	2034	3130
2635	5089	1929	3160
2636	5338	2194	3144
2637	5518	2323	3195
2638	5223	2068	3155
2639	5014	1885	3129
2640	5297	2160	3137
2641	5415	2259	3156
2642	5057	1962	3095
2643	4860	1772	3088
2644	5217	2057	3160
2645	5496	2305	3191
2646	5342	2183	3159
2647	5069	1977	3092
2648	5387	2226	3161
2649	5490	2346	3144
2650	5226	2079	3147
2651	5026	1912	3114
2652	5372	2209	3163
2653	5532	2341	3191
2654	5307	2133	3174
2655	5051	1943	3108
2656	5301	2171	3130
2657	5372	2267	3105
2658	5117	2027	3090
2659	5002	1864	3138
2660	5308	2206	3102
2661	5400	2283	3117
2662	5158	1994	3164
2663	5044	1888	3156
2664	5286	2113	3173
2665	5763	2453	3310
2666	5440	2155	3285
2667	5119	1942	3177
2668	5412	2265	3147
2669	5494	2305	3189
2670	5254	2075	3179
2671	5031	1948	3083
2672	5345	2235	3110
2673	5419	2293	3126
2674	5284	2065	3219
2675	5049	1869	3180
2676	5396	2223	3173
2677	5597	2378	3219
2678	5209	2011	3198
2679	5083	1934	3149
2680	5334	2198	3136
2681	5715	2505	3210
2682	5379	2172	3207
2683	5086	1938	3148
2684	5323	2227	3096
2685	5422	2343	3079
2686	5177	2063	3114
2687	5107	1974	3133
2688	5345	2162	3183
2689	5389	2218	3171
2690	5030	1931	3099
2691	5071	1975	3096
2692	5355	2234	3121
2693	5383	2243	3140
2694	5175	2056	3119
2695	5002	1896	3106
2696	5233	2125	3108
2697	5384	2256	3128
2698	5251	2157	3094
2699	5035	1937	3098
2700	5286	2225	3061
2701	5331	2328	3003
2702	5037	2014	3023
2703	5031	1952	3079
2704	5188	2160	3028
2705	5401	2373	3028
2706	5275	2193	3082
2707	5309	2145	3164
2708	5399	2288	3111
2709	5377	2344	3033
2710	5116	2093	3023
2711	4994	1961	3033
2712	5343	2262	3081
2713	5434	2385	3049
2714	5050	2055	2995
2715	4941	1872	3069
2716	5404	2266	3138
2717	5401	2397	3004
2718	5035	2077	2958
2719	4809	1849	2960
2720	5191	2180	3011
2721	5441	2358	3083
2722	4970	2046	2924
2723	4923	1961	2962
2724	5220	2207	3013
2725	5225	2267	2958
2726	5028	2117	2911
2727	4835	1914	2921
2728	5030	2124	2906
2729	5228	2275	2953
2730	4906	2006	2900
2731	4749	1925	2824
2732	5258	2332	2926
2733	5374	2427	2947
2734	4957	2101	2856
2735	4848	1995	2853
2736	5065	2250	2815
2737	5194	2401	2793
2738	4912	2085	2827
2739	4612	1842	2770
2740	4972	2182	2790
2741	5271	2438	2833
2742	4908	2125	2783
2743	4658	1875	2783
2744	5082	2210	2872
2745	5253	2380	2873
2746	4783	2012	2771
2747	4577	1858	2719
2748	4982	2198	2784
2749	5125	2284	2841
2750	4763	1971	2792
2751	4612	1832	2780
2752	4881	2120	2761
2753	5009	2261	2748
2754	4807	2092	2715
2755	4581	1898	2683
2756	4842	2150	2692
2757	4949	2268	2681
2758	4623	2037	2586
2759	4580	1936	2644
2760	4796	2115	2681
2761	4899	2291	2608
2762	4683	2007	2676
2763	4518	1843	2675
2764	4996	2292	2704
2765	5070	2343	2727
2766	4717	2061	2656
2767	4533	1936	2597
2768	4828	2206	2622
2769	4913	2262	2651
2770	4673	2044	2629
2771	4475	1866	2609
2772	4697	2133	2564
2773	4823	2270	2553
2774	4538	2012	2526
2775	4592	2041	2551
2776	4848	2284	2564
2777	5031	2407	2624
2778	4760	2122	2638
2779	4453	1911	2542
2780	4755	2195	2560
2781	4767	2222	2545
2782	4857	2286	2571
2783	4574	1997	2577
2784	7815	5297	2518
2785	6624	4072	2552
2786	4500	2029	2471
2787	4359	1860	2499
2788	4690	2147	2543
2789	4901	2287	2614
2790	4681	2086	2595
2791	4536	1978	2558
2792	4626	2142	2484
2793	4882	2356	2526
2794	4652	2071	2581
2795	4308	1859	2449
2796	4647	2204	2443
2797	4878	2362	2516
2798	4604	2081	2523
2799	4413	1917	2496
2800	4757	2237	2520
2801	4888	2314	2574
2802	4570	2030	2540
2803	4558	2006	2552
2804	4913	2356	2557
2805	4854	2351	2503
2806	4442	1989	2453
2807	4443	1932	2511
2808	4675	2162	2513
2809	4732	2254	2478
2810	4626	2143	2483
2811	4374	1891	2483
2812	4458	2091	2367
2813	4619	2186	2433
2814	4450	1973	2477
2815	4367	1902	2465
2816	4711	2193	2518
2817	4847	2369	2478
2818	4515	2106	2409
2819	4495	2030	2465
2820	4609	2209	2400
2821	4749	2312	2437
2822	4693	2141	2552
2823	4460	1966	2494
2824	4575	2178	2397
2825	4633	2234	2399
2826	4372	1951	2421
2827	4234	1839	2395
2828	4545	2190	2355
2829	4759	2319	2440
2830	4510	2018	2492
2831	4423	1961	2462
2832	4649	2208	2441
2833	4805	2333	2472
2834	4438	1996	2442
2835	4334	1939	2395
2836	4622	2231	2391
2837	4674	2277	2397
2838	4380	1967	2413
2839	4324	1903	2421
2840	4518	2146	2372
2841	4759	2359	2400
2842	4693	2203	2490
2843	4438	2005	2433
2844	4624	2257	2367
2845	4798	2416	2382
2846	4540	2184	2356
2847	4275	1923	2352
2848	4496	2132	2364
2849	4801	2375	2426
2850	4444	2087	2357
2851	4287	1949	2338
2852	4579	2183	2396
2853	4711	2297	2414
2854	4441	2082	2359
2855	4424	2009	2415
2856	4762	2321	2441
2857	4758	2394	2364
2858	4612	2150	2462
2859	4466	1983	2483
2860	4565	2120	2445
2861	4724	2320	2404
2862	4377	2025	2352
2863	4259	1878	2381
2864	4793	2338	2455
2865	4871	2360	2511
2866	4485	2030	2455
2867	4581	2092	2489
2868	5130	2590	2540
2869	4912	2417	2495
2870	4464	2052	2412
2871	4440	1982	2458
2872	4624	2227	2397
2873	4652	2300	2352
2874	4407	2001	2406
2875	4434	2007	2427
2876	4632	2194	2438
2877	4639	2240	2399
2878	4396	1959	2437
2879	4286	1824	2462
2880	4515	2139	2376
2881	4742	2330	2412
2882	4459	2034	2425
2883	4384	1961	2423
2884	4708	2273	2435
2885	4736	2357	2379
2886	4416	2042	2374
2887	4340	1916	2424
2888	4647	2166	2481
2889	4759	2280	2479
2890	4480	2034	2446
2891	4319	1885	2434
2892	4627	2233	2394
2893	4854	2395	2459
2894	4503	2056	2447
2895	4299	1951	2348
2896	4524	2188	2336
2897	4740	2305	2435
2898	4515	2095	2420
2899	4238	1891	2347
2900	4492	2119	2373
2901	4763	2364	2399
2902	4449	2071	2378
2903	4223	1836	2387
2904	4583	2150	2433
2905	4709	2273	2436
2906	4465	2027	2438
2907	4303	1919	2384
2908	4558	2224	2334
2909	4635	2290	2345
2910	4283	1955	2328
2911	4133	1803	2330
2912	4573	2123	2450
2913	4751	2313	2438
2914	4430	2093	2337
2915	4265	1884	2381
2916	4479	2119	2360
2917	4674	2333	2341
2918	4441	2066	2375
2919	4230	1897	2333
2920	4457	2141	2316
2921	4548	2245	2303
2922	4494	2107	2387
2923	4337	1897	2440
2924	4550	2127	2423
2925	4689	2346	2343
2926	4492	2140	2352
2927	4272	1923	2349
2928	4464	2189	2275
2929	4533	2257	2276
2930	4335	1990	2345
2931	4215	1900	2315
2932	4623	2305	2318
2933	4627	2346	2281
2934	4328	2052	2276
2935	4120	1846	2274
2936	4321	2056	2265
2937	4648	2432	2216
2938	4377	2123	2254
2939	4239	1919	2320
2940	4478	2157	2321
2941	4565	2257	2308
2942	4407	2100	2307
2943	4126	1901	2225
2944	4529	2299	2230
2945	4627	2375	2252
2946	4264	2010	2254
2947	4129	1845	2284
2948	4555	2237	2318
2949	4567	2301	2266
2950	4243	1995	2248
2951	4065	1914	2151
2952	4272	2117	2155
2953	4489	2290	2199
2954	4084	1951	2133
2955	4066	1872	2194
2956	4433	2225	2208
2957	4419	2301	2118
2958	4166	2078	2088
2959	3980	1873	2107
2960	4277	2178	2099
2961	4501	2332	2169
2962	4343	2115	2228
2963	4209	1997	2212
2964	4372	2227	2145
2965	4412	2235	2177
2966	4327	2089	2238
2967	4072	1908	2164
2968	4189	2101	2088
2969	4417	2334	2083
2970	4184	2012	2172
2971	4066	1860	2206
2972	4415	2157	2258
2973	4415	2243	2172
2974	4054	1979	2075
2975	3976	1899	2077
2976	4419	2280	2139
2977	4453	2304	2149
2978	4124	2031	2093
2979	3953	1898	2055
2980	4231	2217	2014
2981	4304	2266	2038
2982	4299	2180	2119
2983	4210	2056	2154
2984	4269	2184	2085
2985	4414	2386	2028
2986	4162	2089	2073
2987	3942	1887	2055
2988	4240	2179	2061
2989	4374	2343	2031
2990	3971	2019	1952
2991	3761	1831	1930
2992	4104	2114	1990
2993	4280	2278	2002
2994	4035	1978	2057
2995	3957	1904	2053
2996	4353	2249	2104
2997	4465	2379	2086
2998	4049	2011	2038
2999	3841	1827	2014
3000	4231	2178	2053
3001	4613	2446	2167
3002	4191	2068	2123
3003	3866	1871	1995
3004	4229	2225	2004
3005	4372	2323	2049
3006	4106	2077	2029
3007	3882	1863	2019
3008	4296	2248	2048
3009	4495	2441	2054
3010	4294	2240	2054
3011	4113	2023	2090
3012	4163	2121	2042
3013	4282	2222	2060
3014	3994	1974	2020
3015	3845	1852	1993
3016	4115	2141	1974
3017	4292	2274	2018
3018	4032	2036	1996
3019	3864	1864	2000
3020	4197	2163	2034
3021	4368	2301	2067
3022	4095	2054	2041
3023	3904	1906	1998
3024	4225	2214	2011
3025	4323	2310	2013
3026	4037	2050	1987
3027	3834	1808	2026
3028	4158	2133	2025
3029	4377	2320	2057
3030	4135	2086	2049
3031	3993	1902	2091
3032	4189	2117	2072
3033	4328	2310	2018
3034	4195	2116	2079
3035	3923	1896	2027
3036	4263	2227	2036
3037	4366	2374	1992
3038	4084	2055	2029
3039	3899	1872	2027
3040	4124	2073	2051
3041	4410	2340	2070
3042	4158	2105	2053
3043	3827	1818	2009
3044	4021	2062	1959
3045	4277	2300	1977
3046	4155	2086	2069
3047	3924	1886	2038
3048	4078	2029	2049
3049	4155	2163	1992
3050	3994	2040	1954
3051	3921	1913	2008
3052	4120	2117	2003
3053	4194	2187	2007
3054	4107	2049	2058
3055	3944	1905	2039
3056	4166	2104	2062
3057	4290	2223	2067
3058	3994	1983	2011
3059	3834	1851	1983
3060	4273	2202	2071
3061	4318	2283	2035
3062	4050	2002	2048
3063	3838	1821	2017
3064	4106	2057	2049
3065	4287	2254	2033
3066	4014	2035	1979
3067	3889	1878	2011
3068	4248	2162	2086
3069	4349	2285	2064
3070	4116	2042	2074
3071	4106	2022	2084
3072	4186	2135	2051
3073	4291	2220	2071
3074	4157	2055	2102
3075	3878	1888	1990
3076	4185	2190	1995
3077	4331	2327	2004
3078	3980	2013	1967
3079	3977	1916	2061
3080	4255	2232	2023
3081	4584	2480	2104
3082	4201	2124	2077
3083	3856	1846	2010
3084	4155	2188	1967
3085	4301	2337	1964
3086	3929	1975	1954
3087	3803	1825	1978
3088	4189	2180	2009
3089	4375	2344	2031
3090	4321	2178	2143
3091	3999	1948	2051
3092	4043	2097	1946
3093	4311	2272	2039
3094	4160	2113	2047
3095	3998	1998	2000
3096	4115	2179	1936
3097	4363	2347	2016
3098	4140	2075	2065
3099	3806	1872	1934
3100	4026	2136	1890
3101	4287	2309	1978
3102	4013	2084	1929
3103	3849	1909	1940
3104	4169	2200	1969
3105	4322	2272	2050
3106	4081	2021	2060
3107	3921	1892	2029
3108	4167	2145	2022
3109	4203	2210	1993
3110	4024	2015	2009
3111	3938	1935	2003
3112	4000	2080	1920
3113	4093	2200	1893
3114	4095	2193	1902
3115	3884	1975	1909
3116	4189	2228	1961
3117	4301	2338	1963
3118	3947	1987	1960
3119	3702	1821	1881
3120	4068	2099	1969
3121	4301	2321	1980
3122	4058	2101	1957
3123	3846	1922	1924
3124	4097	2173	1924
3125	4278	2325	1953
3126	4094	2133	1961
3127	3853	1960	1893
3128	4092	2211	1881
3129	4146	2309	1837
3130	4042	2108	1934
3131	3949	1948	2001
3132	4133	2177	1956
3133	4166	2304	1862
3134	4021	2125	1896
3135	3894	1940	1954
3136	4165	2199	1966
3137	4142	2259	1883
3138	3924	2050	1874
3139	3762	1874	1888
3140	4022	2102	1920
3141	4016	2156	1860
3142	3773	1942	1831
3143	3770	1904	1866
3144	3993	2113	1880
3145	4364	2373	1991
3146	4251	2236	2015
3147	4078	2045	2033
3148	4029	2094	1935
3149	4112	2235	1877
3150	3879	1992	1887
3151	3730	1893	1837
3152	4054	2157	1897
3153	4322	2379	1943
3154	4033	2109	1924
3155	3877	1948	1929
3156	4310	2372	1938
3157	4410	2474	1936
3158	3908	2035	1873
3159	3720	1859	1861
3160	4195	2246	1949
3161	4300	2376	1924
3162	3893	2061	1832
3163	3805	1916	1889
3164	4011	2123	1888
3165	4041	2240	1801
3166	3790	1982	1808
3167	3739	1869	1870
3168	4189	2219	1970
3169	4215	2318	1897
3170	3868	2023	1845
3171	3742	1848	1894
3172	4004	2136	1868
3173	4159	2291	1868
3174	3903	2025	1878
3175	3746	1859	1887
3176	3888	2065	1823
3177	4101	2225	1876
3178	3958	2068	1890
3179	3758	1913	1845
3180	3975	2151	1824
3181	4447	2518	1929
3182	4088	2183	1905
3183	3788	1888	1900
3184	3996	2103	1893
3185	4101	2241	1860
3186	3884	2050	1834
3187	3683	1857	1826
3188	3982	2100	1882
3189	4145	2226	1919
3190	3834	1995	1839
3191	3745	1857	1888
3192	4121	2255	1866
3193	4209	2293	1916
3194	4109	2170	1939
3195	3791	1956	1835
3196	3907	2084	1823
3197	4296	2346	1950
3198	3956	2048	1908
3199	3739	1853	1886
3200	4019	2180	1839
3201	4171	2347	1824
3202	4086	2184	1902
3203	3784	1886	1898
3204	3999	2122	1877
3205	4160	2313	1847
3206	3997	2146	1851
3207	3841	1932	1909
3208	4292	2329	1963
3209	4342	2387	1955
3210	3841	1935	1906
3211	3731	1842	1889
3212	3966	2130	1836
3213	4105	2271	1834
3214	3894	2039	1855
3215	3677	1826	1851
3216	3859	2030	1829
3217	4027	2206	1821
3218	3963	2081	1882
3219	3798	1964	1834
3220	3970	2141	1829
3221	4167	2244	1923
3222	3934	2025	1909
3223	3710	1849	1861
3224	4119	2247	1872
3225	4166	2361	1805
3226	3864	2008	1856
3227	3706	1827	1879
3228	3946	2116	1830
3229	4094	2276	1818
3230	4044	2119	1925
3231	3832	1915	1917
3232	3892	2052	1840
3233	4089	2260	1829
3234	4144	2236	1908
3235	3949	2035	1914
3236	3946	2074	1872
3237	4139	2276	1863
3238	4039	2170	1869
3239	3741	1915	1826
3240	3893	2124	1769
3241	4027	2214	1813
3242	3854	2001	1853
3243	3868	1956	1912
3244	4098	2181	1917
3245	4154	2306	1848
3246	3824	2041	1783
3247	3741	1928	1813
3248	4018	2206	1812
3249	4374	2490	1884
3250	3914	2094	1820
3251	3661	1857	1804
3252	3993	2129	1864
3253	4073	2257	1816
3254	3879	2051	1828
3255	3757	1857	1900
3256	3944	2133	1811
3257	4124	2304	1820
3258	3945	2119	1826
3259	3614	1895	1719
3260	3879	2174	1705
3261	4023	2267	1756
3262	3769	1963	1806
3263	3650	1868	1782
3264	3966	2204	1762
3265	4139	2268	1871
3266	3813	1949	1864
3267	3592	1813	1779
3268	4007	2177	1830
3269	4266	2375	1891
3270	3985	2113	1872
3271	3811	1987	1824
3272	3985	2222	1763
3273	4087	2292	1795
3274	3899	2045	1854
3275	3782	1919	1863
3276	4281	2391	1890
3277	4256	2390	1866
3278	3817	2016	1801
3279	3639	1905	1734
3280	4013	2208	1805
3281	4111	2312	1799
3282	3905	2039	1866
3283	3731	1913	1818
3284	3888	2095	1793
3285	4038	2242	1796
3286	3868	2034	1834
3287	3753	1897	1856
3288	4053	2230	1823
3289	4041	2274	1767
3290	4721	2771	1950
3291	4285	2407	1878
3292	3756	2048	1708
3293	3884	2203	1681
3294	3756	1998	1758
3295	3635	1885	1750
3296	3836	2107	1729
3297	3938	2185	1753
3298	3709	1984	1725
3299	3676	1889	1787
3300	3826	2063	1763
3301	3981	2222	1759
3302	3859	2035	1824
3303	3668	1817	1851
3304	3796	2030	1766
3305	3816	2085	1731
3306	3767	1974	1793
3307	3606	1853	1753
3308	3814	2011	1803
3309	3890	2074	1816
3310	3777	1978	1799
3311	3622	1842	1780
3312	3823	2034	1789
3313	3835	2087	1748
3314	3659	1946	1713
3315	3668	1888	1780
3316	3902	2098	1804
3317	3923	2153	1770
3318	3681	1934	1747
3319	3707	1954	1753
3320	3825	2103	1722
3321	3781	2074	1707
3322	3754	1954	1800
3323	3669	1875	1794
3324	3733	1952	1781
3325	3930	2132	1798
3326	3791	2034	1757
3327	3623	1901	1722
3328	3936	2147	1789
3329	4195	2360	1835
3330	3836	2050	1786
3331	3712	1952	1760
3332	3872	2154	1718
3333	3896	2137	1759
3334	3722	1954	1768
3335	3639	1867	1772
3336	3898	2102	1796
3337	3953	2208	1745
3338	3966	2164	1802
3339	3765	1940	1825
3340	4074	2330	1744
3341	4022	2315	1707
3342	3767	2028	1739
3343	3665	1927	1738
3344	3768	2035	1733
3345	4101	2244	1857
3346	3929	2154	1775
3347	3780	2007	1773
3348	3881	2105	1776
3349	3933	2145	1788
3350	3755	2008	1747
3351	3602	1858	1744
3352	3930	2109	1821
3353	4099	2291	1808
3354	3815	2060	1755
3355	3722	1919	1803
3356	3795	2052	1743
3357	3808	2077	1731
3358	3803	2034	1769
3359	3623	1882	1741
3360	3804	2084	1720
3361	4007	2240	1767
3362	3893	2085	1808
3363	3673	1919	1754
3364	3886	2118	1768
3365	4016	2220	1796
3366	3825	2062	1763
3367	3784	2017	1767
3368	3942	2173	1769
3369	4000	2293	1707
3370	3778	2057	1721
3371	3686	1915	1771
3372	3911	2136	1775
3373	4040	2228	1812
3374	3775	2004	1771
3375	3686	1929	1757
3376	3889	2123	1766
3377	3757	2096	1661
3378	3631	1941	1690
3379	4129	2329	1800
3380	4016	2229	1787
3381	3833	2095	1738
3382	3734	2002	1732
3383	3642	1896	1746
3384	3868	2180	1688
3385	4052	2297	1755
3386	3783	1979	1804
3387	3543	1807	1736
3388	3773	2030	1743
3389	3890	2136	1754
3390	3827	2106	1721
3391	3530	1909	1621
3392	3626	1977	1649
3393	3919	2171	1748
3394	3773	2037	1736
3395	3807	2043	1764
3396	3967	2148	1819
3397	3914	2145	1769
3398	3702	1951	1751
3399	3568	1858	1710
3400	3694	2018	1676
3401	3842	2145	1697
3402	3718	1993	1725
3403	3613	1892	1721
3404	3908	2167	1741
3405	3974	2193	1781
3406	3700	1941	1759
3407	3688	1925	1763
3408	3913	2174	1739
3409	4022	2277	1745
3410	3907	2151	1756
3411	3617	1861	1756
3412	3931	2157	1774
3413	3947	2151	1796
3414	3755	1983	1772
3415	3664	1917	1747
3416	3770	2061	1709
3417	3773	2089	1684
3418	3662	1931	1731
3419	3596	1847	1749
3420	3740	2033	1707
3421	3886	2190	1696
3422	3671	1957	1714
3423	3504	1787	1717
3424	3595	1922	1673
3425	3888	2170	1718
3426	3834	2073	1761
3427	3625	1934	1691
3428	3911	2088	1823
3429	3978	2196	1782
3430	3742	2047	1695
3431	3519	1862	1657
3432	3751	2017	1734
3433	3855	2096	1759
3434	3814	2094	1720
3435	3681	1953	1728
3436	3752	2023	1729
3437	3809	2133	1676
3438	3765	2010	1755
3439	3752	1932	1820
3440	3917	2161	1756
3441	3813	2116	1697
3442	3829	2077	1752
3443	3699	1960	1739
3444	3756	2055	1701
3445	3747	2050	1697
3446	3522	1843	1679
3447	3526	1835	1691
3448	3655	1972	1683
3449	3838	2121	1717
3450	3859	2092	1767
3451	3705	1950	1755
3452	3824	2098	1726
3453	3816	2126	1690
3454	3829	2097	1732
3455	3673	1942	1731
3456	3995	2176	1819
3457	4058	2254	1804
3458	3709	2008	1701
3459	3558	1870	1688
3460	3791	2089	1702
3461	3943	2233	1710
3462	3778	2025	1753
3463	3520	1785	1735
3464	3769	2033	1736
3465	3881	2171	1710
3466	3682	1958	1724
3467	3509	1814	1695
3468	3737	2053	1684
3469	3871	2192	1679
3470	3749	2010	1739
3471	3638	1912	1726
3472	3908	2165	1743
3473	4043	2263	1780
3474	3689	1973	1716
3475	3495	1806	1689
3476	3713	1984	1729
3477	3801	2109	1692
3478	3678	1932	1746
3479	3507	1804	1703
3480	3756	2007	1749
3481	3812	2127	1685
3482	3617	1961	1656
3483	3540	1824	1716
3484	3785	2021	1764
3485	3937	2169	1768
3486	3723	1957	1766
3487	3697	1877	1820
3488	3853	2025	1828
3489	3917	2144	1773
3490	3614	1919	1695
3491	3487	1812	1675
3492	3709	2047	1662
3493	3856	2175	1681
3494	4355	2528	1827
3495	4015	2196	1819
3496	3833	2099	1734
3497	3938	2198	1740
3498	3806	2068	1738
3499	3698	1983	1715
3500	3799	2087	1712
3501	3910	2216	1694
3502	3765	2043	1722
3503	3565	1868	1697
3504	3735	2044	1691
3505	3934	2156	1778
3506	3771	2016	1755
3507	3749	1982	1767
3508	3936	2134	1802
3509	3789	2123	1666
3510	3733	2000	1733
3511	3652	1876	1776
3512	3804	2077	1727
3513	3861	2162	1699
3514	3677	2005	1672
3515	3558	1879	1679
3516	3731	2034	1697
3517	3822	2113	1709
3518	3797	2036	1761
3519	3757	1997	1760
3520	3710	1995	1715
3521	3756	2063	1693
3522	3864	2062	1802
3523	3957	2121	1836
3524	3925	2140	1785
3525	3940	2165	1775
3526	3906	2071	1835
3527	3661	1947	1714
3528	3886	2129	1757
3529	3961	2216	1745
3530	3711	2029	1682
3531	3630	1924	1706
3532	3772	2007	1765
3533	3889	2140	1749
3534	3622	1977	1645
3535	3584	1945	1639
3536	3875	2145	1730
3537	3914	2173	1741
3538	3671	1947	1724
3539	3586	1841	1745
3540	3770	2051	1719
3541	3986	2248	1738
3542	3760	2047	1713
3543	3679	1952	1727
3544	3876	2142	1734
3545	3934	2194	1740
3546	3793	2062	1731
3547	3609	1897	1712
3548	4108	2287	1821
3549	4067	2276	1791
3550	3673	1973	1700
3551	3583	1889	1694
3552	3826	2099	1727
3553	3889	2161	1728
3554	3772	2024	1748
3555	3677	1924	1753
3556	3812	2093	1719
3557	3899	2163	1736
3558	3716	1995	1721
3559	3610	1886	1724
3560	3924	2128	1796
3561	4106	2288	1818
3562	3802	2016	1786
3563	3616	1891	1725
3564	3834	2133	1701
3565	3879	2194	1685
3566	3724	2024	1700
3567	3601	1953	1648
3568	3969	2301	1668
3569	3960	2263	1697
3570	3853	2123	1730
3571	3649	1928	1721
3572	3831	2117	1714
3573	4113	2339	1774
3574	3777	2003	1774
3575	3617	1896	1721
3576	3707	1981	1726
3577	3890	2148	1742
3578	3708	1982	1726
3579	3641	1896	1745
3580	3802	2072	1730
3581	3847	2119	1728
3582	3842	2035	1807
3583	3689	1930	1759
3584	3953	2137	1816
3585	4075	2259	1816
3586	3794	2066	1728
3587	3543	1871	1672
3588	3913	2175	1738
3589	4087	2282	1805
3590	3815	2040	1775
3591	3606	1864	1742
3592	3840	2112	1728
3593	3991	2246	1745
3594	3873	2107	1766
3595	3801	1990	1811
3596	3980	2158	1822
3597	4076	2303	1773
3598	3872	2114	1758
3599	3680	1951	1729
3600	3933	2168	1765
3601	4071	2297	1774
3602	3829	2070	1759
3603	3611	1908	1703
3604	3846	2113	1733
3605	3871	2152	1719
3606	3882	2085	1797
3607	3822	1995	1827
3608	3853	2121	1732
3609	3851	2126	1725
3610	3846	2063	1783
3611	3746	2022	1724
3612	3996	2261	1735
3613	4177	2397	1780
3614	3856	2083	1773
3615	3686	1945	1741
3616	3794	2066	1728
3617	3868	2130	1738
3618	3761	2007	1754
3619	3834	1995	1839
3620	3872	2119	1753
3621	4126	2323	1803
3622	4120	2274	1846
3623	3857	2044	1813
3624	3940	2115	1825
3625	4045	2183	1862
3626	4079	2239	1840
3627	3803	2023	1780
3628	3865	2100	1765
3629	3997	2195	1802
3630	3938	2095	1843
3631	3778	1936	1842
3632	3969	2180	1789
3633	4131	2328	1803
3634	3880	2120	1760
3635	3660	1881	1779
3636	3829	2059	1770
3637	3968	2212	1756
3638	4014	2238	1776
3639	3891	2100	1791
3640	3937	2153	1784
3641	3999	2240	1759
3642	3765	2054	1711
3643	3579	1870	1709
3644	3826	2044	1782
3645	4042	2229	1813
3646	3894	2122	1772
3647	3804	2022	1782
3648	4054	2246	1808
